0.50 0.25 1.00 -8.5800573556416057E-002 8.9771270389447377E-003 0.50496405135369826 8.6147308466729931E-003
0.50 0.25 1.05 -0.10076418787198077 1.0344683586542905E-002 0.49498546035439656 8.6907025192680554E-003
0.50 0.25 1.10 -0.10808845282137693 1.1111746409013110E-002 0.49317354043348538 8.7246354194395592E-003
0.50 0.25 1.15 -0.10271040457217435 1.0239216683476200E-002 0.48743404156291392 8.7427790662342290E-003
0.50 0.25 1.20 -8.7502573952636692E-002 7.9744528236846690E-003 0.48845359529766924 8.7277846116659251E-003
0.50 0.25 1.25 -0.12594953082343746 1.1696612429855445E-002 0.47831404977876413 8.7719028576424361E-003
0.50 0.25 1.30 -0.13820110721738910 1.1283573765188107E-002 0.47224230975896525 8.8446562457076723E-003
0.50 0.25 1.35 -0.12279386595691662 1.1394862227328705E-002 0.46679493515685605 8.8233617309669762E-003
0.50 0.25 1.40 -0.14633202567229095 1.0944034802437308E-002 0.46574157300069002 8.8831401419227681E-003
0.50 0.25 1.45 -0.14576052674599471 1.0569539453534593E-002 0.46054058394826108 8.9152006403798272E-003
0.50 0.25 1.50 -0.13369833249876334 1.0540792625444743E-002 0.46327362815122336 8.8775782297723718E-003
0.50 0.25 1.55 -0.19489308655388407 1.2857154759048087E-002 0.44982455775597041 8.9965601910658877E-003
0.50 0.25 1.60 -0.18290442352652939 1.1833492669980968E-002 0.44343902420238696 8.9821306372051685E-003
0.50 0.25 1.65 -0.17744166344437706 1.1793150779557166E-002 0.44218706961077459 9.0038232070210212E-003
0.50 0.25 1.70 -0.19079637290706419 1.2869099332940044E-002 0.44044676829853496 8.9923032390872779E-003
0.50 0.25 1.75 -0.21035934312606483 1.2738260987331490E-002 0.43592140926281231 9.0836675860846601E-003
0.50 0.25 1.80 -0.22603675743416918 1.5077054853843048E-002 0.43351164640831447 9.0765983286085847E-003
0.50 0.25 1.85 -0.24820431602450546 1.3753987173097625E-002 0.42962506503556608 9.0910661092597992E-003
0.50 0.25 1.90 -0.25088624241422175 1.4679383480913376E-002 0.42625371130093670 9.0663408835619103E-003
0.50 0.25 1.95 -0.26538197327201996 1.3956361109955302E-002 0.42642443976200983 9.0602145562118149E-003
0.50 0.25 2.00 -0.26386721420177539 1.2799439405059714E-002 0.42594001578147067 9.1311171881745482E-003
