0.50 0.25 0.50 -5.5073926903684185E-002 5.9426347400019499E-003 0.50058751466691753 3.1536744191019546E-002
0.50 0.25 1.00 -0.13311036208602675 7.4605344113880820E-003 0.48512647799748926 3.2060434279355732E-002
0.50 0.25 1.50 -0.23378716298841448 8.8254778916126726E-003 0.45321901257960506 3.2564430303042707E-002
0.50 0.25 2.00 -0.30673912175565671 9.8828222839412085E-003 0.43483987937027069 3.3075167148343736E-002
0.50 0.25 2.50 -0.37846635581596316 1.0790913262209424E-002 0.42565771099274008 3.3444584009020256E-002
0.50 0.25 3.00 -0.44060971241331615 1.1017269007225218E-002 0.42055459907793757 3.3360921012867042E-002
0.50 0.25 3.50 -0.50736055338179431 1.1256945786471817E-002 0.41062050641718578 3.3433939539993442E-002
0.50 0.25 4.00 -0.52273340922380973 1.1303236280289930E-002 0.41194209604002263 3.3525537735784303E-002
0.50 0.25 4.50 -0.58191554610665108 1.1151130544566375E-002 0.40177414134172634 3.3422683029155881E-002
0.50 0.25 5.00 -0.60386250885669035 1.1433702772298196E-002 0.40439544905784625 3.3579769411974200E-002
0.50 0.25 5.50 -0.61563999168582317 1.1621325511892693E-002 0.40153922714374457 3.3715239485767087E-002
0.50 0.25 6.00 -0.63616659287403055 1.1756085159389642E-002 0.39865163467286480 3.3741541828931951E-002
