0.50 0.00 0.00 NaN NaN
0.50 0.00 0.40 0.30238453794749021 3.3714922365368757E-002
0.50 0.00 0.80 0.34743369045322903 3.4382228036447346E-002
0.50 0.00 1.20 0.35578200036057100 3.4734303365696301E-002
0.50 0.00 1.60 0.34241361493424516 3.4198025921571652E-002
0.50 0.00 2.00 0.33190648428050612 3.4504641895780071E-002
0.50 0.00 2.40 0.31481977496153102 3.4121187539685169E-002
0.50 0.00 2.80 0.31022910857609232 3.3973973784403103E-002
0.50 0.00 3.20 0.30666195471718011 3.4220166518458092E-002
0.50 0.00 3.60 0.29945573144571469 3.4211802670401796E-002
0.50 0.00 4.00 0.28968199329588795 3.3474299933628916E-002
0.50 0.00 4.40 0.28825458606351223 3.3875544195390135E-002
0.50 0.00 4.80 0.29481863823254911 3.3652246550564362E-002
0.50 0.00 5.20 0.29410243259666935 3.3457064560269548E-002
0.50 0.00 5.60 0.29778284994722837 3.3880226233079951E-002
0.50 0.00 6.00 0.30078589547820062 3.3798149030505618E-002
0.50 0.00 6.40 0.29601092152064534 3.3315708973657515E-002
0.50 0.00 6.80 0.29555553785747818 3.3248249304499607E-002
0.50 0.00 7.20 0.30404460618318913 3.3421267506966647E-002
0.50 0.00 7.60 0.31016140017675992 3.3617108203591213E-002
0.50 0.00 8.00 0.30668704515117684 3.3152196251459431E-002
0.50 0.00 8.40 0.31252625792156441 3.3572292071608265E-002
0.50 0.00 8.80 0.31210334184262012 3.3134130373415803E-002
0.50 0.00 9.20 0.31452147700490063 3.2898524109085489E-002
0.50 0.00 9.60 0.32565780360963603 3.3173991779135013E-002
0.50 0.00 10.00 0.32694226865231651 3.3360242358756745E-002
0.50 0.00 10.40 0.33325060675557194 3.3032180382957362E-002
0.50 0.00 10.80 0.33637386512584266 3.3557353520537035E-002
0.50 0.00 11.20 0.33152930023674043 3.3311297781779124E-002
0.50 0.00 11.60 0.33028694933008335 3.2758345866437666E-002
0.50 0.00 12.00 0.33301632736103232 3.3143498873734495E-002

0.50 0.20 0.00 0.34409926583132167 3.3836055640326310E-002
0.50 0.20 0.40 0.47042902450497914 3.3391595188359269E-002
0.50 0.20 0.80 0.46258998801166812 3.3266077907800250E-002
0.50 0.20 1.20 0.45326359324144666 3.3345255745870245E-002
0.50 0.20 1.60 0.45083602987049798 3.3827600115516561E-002
0.50 0.20 2.00 0.43159852662309339 3.3946842537669664E-002
0.50 0.20 2.40 0.42048509335853090 3.4268888954366215E-002
0.50 0.20 2.80 0.41215459130754006 3.4118179892117052E-002
0.50 0.20 3.20 0.39835286235999773 3.4338623358146622E-002
0.50 0.20 3.60 0.39125517914725366 3.4398410183045111E-002
0.50 0.20 4.00 0.39054604267557658 3.4257099346411829E-002
0.50 0.20 4.40 0.38273745414043880 3.4262859096384678E-002
0.50 0.20 4.80 0.38252189647422430 3.4327530514151453E-002
0.50 0.20 5.20 0.37681825662762330 3.4390483818672449E-002
0.50 0.20 5.60 0.37664840932572408 3.4441496447382876E-002
0.50 0.20 6.00 Binary file (standard input) matches
0.50 0.20 6.40 0.37768385069118426 3.4425161782862507E-002
0.50 0.20 6.80 0.37813885520699630 3.4224911775299877E-002
0.50 0.20 7.20 0.37862461370769918 3.4095706862433850E-002
0.50 0.20 7.60 0.37828199658930384 3.4160753381632811E-002
0.50 0.20 8.00 0.37777071509530558 3.4103517927858096E-002
0.50 0.20 8.40 0.37915681331906070 3.3908587413074433E-002
0.50 0.20 8.80 0.38093555792533251 3.3656936313674599E-002
0.50 0.20 9.20 0.38389647986379333 3.4175891054860373E-002
0.50 0.20 9.60 0.38467873503016436 3.3543572459465716E-002
0.50 0.20 10.00 0.38468015111217857 3.3643844051692053E-002
0.50 0.20 10.40 0.38569769883220828 3.3813989910757028E-002
0.50 0.20 10.80 0.38645910327909228 3.3670630845253104E-002
0.50 0.20 11.20 0.38509439452425581 3.3550625269064140E-002
0.50 0.20 11.60 0.39356160386580641 3.3664665739456721E-002
0.50 0.20 12.00 0.38643507706007274 3.3485139809945323E-002

0.50 0.40 0.00 0.42486119619264057 3.6517069581219884E-002
0.50 0.40 0.40 0.48043275946892150 3.3938911466850248E-002
0.50 0.40 0.80 0.47572133931779453 3.3353105875288752E-002
0.50 0.40 1.20 0.46725742640380297 3.3611677400354818E-002
0.50 0.40 1.60 0.45513419720652770 3.3836129488836644E-002
0.50 0.40 2.00 0.44616463451994537 3.4118554818558515E-002
0.50 0.40 2.40 0.43524202489345332 3.4414942600434692E-002
0.50 0.40 2.80 0.42872188147311602 3.4475383542242853E-002
0.50 0.40 3.20 0.41836372009156220 3.4936780800305441E-002
0.50 0.40 3.60 0.41807473424714692 3.4683491409878128E-002
0.50 0.40 4.00 0.41822300086765940 3.4688304674913358E-002
0.50 0.40 4.40 0.41231397813898213 3.5079074342413238E-002
0.50 0.40 4.80 0.40627239036168084 3.4600443936459370E-002
0.50 0.40 5.20 0.40513744694175469 3.4606049762952451E-002
0.50 0.40 5.60 0.40602874540309647 3.4851666303761034E-002
0.50 0.40 6.00 0.40285300501653298 3.4763320829969246E-002
0.50 0.40 6.40 0.40950589516152458 3.4495322219633355E-002
0.50 0.40 6.80 0.40241411488816042 3.4373229778396595E-002
0.50 0.40 7.20 0.40267316523700175 3.4246154476454876E-002
0.50 0.40 7.60 0.40210817790547876 3.4168015847723554E-002
0.50 0.40 8.00 0.39939123017813111 3.4024885427285156E-002
0.50 0.40 8.40 0.40102935690997016 3.4378759681755341E-002
0.50 0.40 8.80 0.40334292001626426 3.4140019847813077E-002
0.50 0.40 9.20 Binary file (standard input) matches
0.50 0.40 9.60 0.39902106600025039 3.3824357136115889E-002
0.50 0.40 10.00 0.40165973393911603 3.4009459363267734E-002
0.50 0.40 10.40 0.40411791699930050 3.3916843029953757E-002
0.50 0.40 10.80 0.40890349959252309 3.3826322674198273E-002
0.50 0.40 11.20 0.40839796473645851 3.3740647988348686E-002
0.50 0.40 11.60 0.41094406913094356 3.3788590100491955E-002
0.50 0.40 12.00 0.40678245333875768 3.3443451139204099E-002

0.50 0.60 0.00 0.47272800676313170 3.9350371910008917E-002
0.50 0.60 0.40 0.48892848524736437 3.4113424122782940E-002
0.50 0.60 0.80 0.48168612769710994 3.3933696696066572E-002
0.50 0.60 1.20 0.46596929517095331 3.3782875526217664E-002
0.50 0.60 1.60 0.45490544586441056 3.4097830631616054E-002
0.50 0.60 2.00 0.44510192085225675 3.4041483938964057E-002
0.50 0.60 2.40 0.43881750282457455 3.4187521862643851E-002
0.50 0.60 2.80 0.43135359446736743 3.4280970887248560E-002
0.50 0.60 3.20 0.42049471847249409 3.4188844359314088E-002
0.50 0.60 3.60 0.42154870782050402 3.4329904147348600E-002
0.50 0.60 4.00 0.40985997566598681 3.4362139672764649E-002
0.50 0.60 4.40 0.41548091572086071 3.4230755226272280E-002
0.50 0.60 4.80 0.41696911116806412 3.4461783034918474E-002
0.50 0.60 5.20 0.41229157562946278 3.4513100050426064E-002
0.50 0.60 5.60 0.41290764377440964 3.4463717100579744E-002
0.50 0.60 6.00 0.41258557815891483 3.4586837484488618E-002
0.50 0.60 6.40 0.41425209992937279 3.4323342889791643E-002
0.50 0.60 6.80 0.41247773801556897 3.4584802558095290E-002
0.50 0.60 7.20 0.40881994601268862 3.4438225930671293E-002
0.50 0.60 7.60 0.40879816908180200 3.4328036295807163E-002
0.50 0.60 8.00 0.40898028396982083 3.4440341375873942E-002
0.50 0.60 8.40 0.40839045374086852 3.4340081449770105E-002
0.50 0.60 8.80 0.41134399547220840 3.4285871942898727E-002
0.50 0.60 9.20 0.41509637137114075 3.4179792219130603E-002
0.50 0.60 9.60 0.41520152569663404 3.4217511023460309E-002
0.50 0.60 10.00 Binary file (standard input) matches
0.50 0.60 10.40 0.40823875355186862 3.3920075484116775E-002
0.50 0.60 10.80 0.41268198907211123 3.3906415756004879E-002
0.50 0.60 11.20 0.41096039453646921 3.4001860333052983E-002
0.50 0.60 11.60 0.40968148115624531 3.3679058283740224E-002
0.50 0.60 12.00 0.41093078149383422 3.3791946763070985E-002

0.50 0.80 0.00 0.33042608344295871 3.0480814151374800E-002
0.50 0.80 0.40 0.45802578003904426 3.3273852671662739E-002
0.50 0.80 0.80 0.46507638561279724 3.3382842445167697E-002
0.50 0.80 1.20 0.45483809152706850 3.3696850520419680E-002
0.50 0.80 1.60 0.45098158439281760 3.3978436455263925E-002
0.50 0.80 2.00 0.44593858557915106 3.3947026683581197E-002
0.50 0.80 2.40 0.43437005748687485 3.3908859758528934E-002
0.50 0.80 2.80 0.43250806625095012 3.3999085469625566E-002
0.50 0.80 3.20 0.42634188423148195 3.4019148653246171E-002
0.50 0.80 3.60 0.42362064497761692 3.4037292193232531E-002
0.50 0.80 4.00 0.42625634037955606 3.3867741744185186E-002
0.50 0.80 4.40 0.42211644942981019 3.4090055717748105E-002
0.50 0.80 4.80 0.41527846286766790 3.4231974555210931E-002
0.50 0.80 5.20 0.41969266165075503 3.4479099528632519E-002
0.50 0.80 5.60 0.41462620223384894 3.4370187438076731E-002
0.50 0.80 6.00 0.41679906498930397 3.4109368216577320E-002
0.50 0.80 6.40 0.41684040331777217 3.4385811175563510E-002
0.50 0.80 6.80 0.41413862368132859 3.4191993375259820E-002
0.50 0.80 7.20 0.41258708254292420 3.4162588095265810E-002
0.50 0.80 7.60 0.41558415705759011 3.4107824369978196E-002
0.50 0.80 8.00 0.42123647502594314 3.4208966571911317E-002
0.50 0.80 8.40 0.41514392005914613 3.4067768672683803E-002
0.50 0.80 8.80 0.41307003471898007 3.4092631884765232E-002
0.50 0.80 9.20 0.41848543377246622 3.4062952703329916E-002
0.50 0.80 9.60 0.41207233588801306 3.4020522373562560E-002
0.50 0.80 10.00 0.41715029063845932 3.4165648582755365E-002
0.50 0.80 10.40 Binary file (standard input) matches
0.50 0.80 10.80 0.41964536821551396 3.3775965996158300E-002
0.50 0.80 11.20 0.41630817000885711 3.4006225077420779E-002
0.50 0.80 11.60 0.42153602474032492 3.3914209586024965E-002
0.50 0.80 12.00 0.41749699307407007 3.3726154607290587E-002

0.50 1.00 0.00 0.36816152589218709 3.7892973588752377E-002
0.50 1.00 0.40 0.45875524287295838 3.2473384595700205E-002
0.50 1.00 0.80 0.45872398949358406 3.2825304491977514E-002
0.50 1.00 1.20 0.44922995317862463 3.3325708288823884E-002
0.50 1.00 1.60 0.44905288189892534 3.3428182295832207E-002
0.50 1.00 2.00 0.44207092175863377 3.3641837891882721E-002
0.50 1.00 2.40 0.43838512213088088 3.3835710019812969E-002
0.50 1.00 2.80 0.43397549096890592 3.4093273119650498E-002
0.50 1.00 3.20 0.43217713727800727 3.4106507455416588E-002
0.50 1.00 3.60 0.43378875370189485 3.4204531825039304E-002
0.50 1.00 4.00 0.42722017002535884 3.4125028759401217E-002
0.50 1.00 4.40 0.42437618593823095 3.4375328418540151E-002
0.50 1.00 4.80 0.42747088273270306 3.4102655389540291E-002
0.50 1.00 5.20 0.41883876241175705 3.4298304325556521E-002
0.50 1.00 5.60 0.42230543913071961 3.4374935222331225E-002
0.50 1.00 6.00 0.41880365934274161 3.4121559010627502E-002
0.50 1.00 6.40 0.42408530732791733 3.4081684947844061E-002
0.50 1.00 6.80 0.42095294708946379 3.4271161461848478E-002
0.50 1.00 7.20 0.42176960523929108 3.4139341186696023E-002
0.50 1.00 7.60 0.41941940793530896 3.4282021954265711E-002
0.50 1.00 8.00 0.41548276274592527 3.4170932956343186E-002
0.50 1.00 8.40 0.42135142782431662 3.4331709692944579E-002
0.50 1.00 8.80 0.42158137382457161 3.4079325347490391E-002
0.50 1.00 9.20 0.42230740043165876 3.4301183671849041E-002
0.50 1.00 9.60 0.41833872482489937 3.3871321027690110E-002
0.50 1.00 10.00 0.42370566962223249 3.4080508073964622E-002
0.50 1.00 10.40 0.41732309056460359 3.3867378079469275E-002
0.50 1.00 10.80 0.42598636782150506 3.3894174532628718E-002
0.50 1.00 11.20 0.42346545200044494 3.3894548582724844E-002
0.50 1.00 11.60 Binary file (standard input) matches
0.50 1.00 12.00 0.42231080872797938 3.4015794913669038E-002

0.50 1.20 0.00 0.30256009351517227 3.7052407155667946E-002
0.50 1.20 0.40 0.45533753390004045 3.2160908942005184E-002
0.50 1.20 0.80 0.44842874806434613 3.2602443085727253E-002
0.50 1.20 1.20 0.44411394319790476 3.2589419828156184E-002
0.50 1.20 1.60 0.44188016239704186 3.2980246337038457E-002
0.50 1.20 2.00 0.43797223854208306 3.3090782125037695E-002
0.50 1.20 2.40 0.43924255428125925 3.3486953620196075E-002
0.50 1.20 2.80 0.43340717254073108 3.3677864849403653E-002
0.50 1.20 3.20 0.42711490507891653 3.3450839836014240E-002
0.50 1.20 3.60 0.43175233014168546 3.3902517550449353E-002
0.50 1.20 4.00 0.42666069481946617 3.4012297768156487E-002
0.50 1.20 4.40 0.42434449670214408 3.3903222052701021E-002
0.50 1.20 4.80 0.42561120839780575 3.3625178374139947E-002
0.50 1.20 5.20 0.42421852297013157 3.3958352058655529E-002
0.50 1.20 5.60 0.42526495715332047 3.4110188322738003E-002
0.50 1.20 6.00 0.42280073088240294 3.3968021435595255E-002
0.50 1.20 6.40 0.41994652201236393 3.4013203379138192E-002
0.50 1.20 6.80 0.42134957799082218 3.4271500886175435E-002
0.50 1.20 7.20 0.42238754094181274 3.4073516233097983E-002
0.50 1.20 7.60 0.42217172515248202 3.3994974593208195E-002
0.50 1.20 8.00 0.42002835522373100 3.3973545760769885E-002
0.50 1.20 8.40 0.42379707696507529 3.4087031543711031E-002
0.50 1.20 8.80 0.41947977335710346 3.4052877339088510E-002
0.50 1.20 9.20 0.42329528787202902 3.3996015454565799E-002
0.50 1.20 9.60 0.42152575513688195 3.4201177834680990E-002
0.50 1.20 10.00 0.41915966933058835 3.3726163454652791E-002
0.50 1.20 10.40 0.41904074749466752 3.4040067327957967E-002
0.50 1.20 10.80 0.42410270489126189 3.4037638194771853E-002
0.50 1.20 11.20 Binary file (standard input) matches
0.50 1.20 11.60 0.42273930595719500 3.3756030437234977E-002
0.50 1.20 12.00 0.42070359315182959 3.3881942932880250E-002

0.50 1.40 0.00 0.29258885032902521 3.1114629802279511E-002
0.50 1.40 0.40 0.44152555021207596 3.2048333552801268E-002
0.50 1.40 0.80 0.43124708584237004 3.2028617134319474E-002
0.50 1.40 1.20 0.43557568280354608 3.2354417889035404E-002
0.50 1.40 1.60 0.43623768488825282 3.2591204348665588E-002
0.50 1.40 2.00 0.43365239386836008 3.2516759178562615E-002
0.50 1.40 2.40 0.43449900232299876 3.2793874317792911E-002
0.50 1.40 2.80 0.43374531450938025 3.2980019993972175E-002
0.50 1.40 3.20 0.43126822804122006 3.3577459328606979E-002
0.50 1.40 3.60 0.42716617713356869 3.3459368933588529E-002
0.50 1.40 4.00 0.42789933764394272 3.3647295597682522E-002
0.50 1.40 4.40 0.42495326803206918 3.3618959552818246E-002
0.50 1.40 4.80 0.42560766688179419 3.3798413745884832E-002
0.50 1.40 5.20 0.42585905183715855 3.3563392051928258E-002
0.50 1.40 5.60 0.42406977298292314 3.3935340680893392E-002
0.50 1.40 6.00 0.42278139205154830 3.3474262507528080E-002
0.50 1.40 6.40 0.42161074236903484 3.3685621676574559E-002
0.50 1.40 6.80 0.42245744132916563 3.3886570230634815E-002
0.50 1.40 7.20 0.42131516024325777 3.3684950581003431E-002
0.50 1.40 7.60 0.42261298170623540 3.3818960190922495E-002
0.50 1.40 8.00 0.41833760960072103 3.3836407822598315E-002
0.50 1.40 8.40 0.42418222659365490 3.3753170670332074E-002
0.50 1.40 8.80 0.42000422016501354 3.3863638262156631E-002
0.50 1.40 9.20 0.41745707721072217 3.3844030363749993E-002
0.50 1.40 9.60 0.42245096505454771 3.3685156753462592E-002
0.50 1.40 10.00 0.41780265568610997 3.3766675614253207E-002
0.50 1.40 10.40 0.42024536390774497 3.3665652833173985E-002
0.50 1.40 10.80 0.42213224402037081 3.3748385150110471E-002
0.50 1.40 11.20 0.41826964031048830 3.3802264184784027E-002
0.50 1.40 11.60 0.42261469105401889 3.3634377818351525E-002
0.50 1.40 12.00 0.42054377491340417 3.4002427938176823E-002

0.50 1.60 0.00 0.29413199068844065 3.3492243044704453E-002
0.50 1.60 0.40 0.43306464578572268 3.1786179335688947E-002
0.50 1.60 0.80 0.42467167613350332 3.1373262743291393E-002
0.50 1.60 1.20 Binary file (standard input) matches
0.50 1.60 1.60 0.43000461428776743 3.1929241547288482E-002
0.50 1.60 2.00 0.43160167937955318 3.2168414219884173E-002
0.50 1.60 2.40 0.42912948623132580 3.2309847310427874E-002
0.50 1.60 2.80 0.42908689598917499 3.2743668776193439E-002
0.50 1.60 3.20 0.42848590845488160 3.2744519764191654E-002
0.50 1.60 3.60 0.42512747489903502 3.2945678203018511E-002
0.50 1.60 4.00 0.42533214470853054 3.3178850625583414E-002
0.50 1.60 4.40 0.42761847030711325 3.3202650870406372E-002
0.50 1.60 4.80 0.42286608766831540 3.3545235520138252E-002
0.50 1.60 5.20 0.42734941500640389 3.3660482098088168E-002
0.50 1.60 5.60 0.42540840647942996 3.3361873607525454E-002
0.50 1.60 6.00 0.41722374797527328 3.3315449215562100E-002
0.50 1.60 6.40 0.42035803798931903 3.3343675339961298E-002
0.50 1.60 6.80 0.41954146219757166 3.3655292523755161E-002
0.50 1.60 7.20 0.41677952911192034 3.3278877150631200E-002
0.50 1.60 7.60 0.41807579892983726 3.3874716395028356E-002
0.50 1.60 8.00 0.41677641834035056 3.3648268227387049E-002
0.50 1.60 8.40 0.41918300079516901 3.3621137918145576E-002
0.50 1.60 8.80 0.41850314757154933 3.3654519697697165E-002
0.50 1.60 9.20 0.41350047976938420 3.3605292678811231E-002
0.50 1.60 9.60 0.41486434808282502 3.3665020107896328E-002
0.50 1.60 10.00 0.41717782446806773 3.3673097045424052E-002
0.50 1.60 10.40 0.41669923400447206 3.3637504065930142E-002
0.50 1.60 10.80 0.41773114351220658 3.3629629217573877E-002
0.50 1.60 11.20 0.42168293372064503 3.3531331474853189E-002
0.50 1.60 11.60 0.42250129763338001 3.3614815285393194E-002
0.50 1.60 12.00 0.41459482029140676 3.3465002539402412E-002

0.50 1.80 0.00 0.28155583215918506 3.3996120548054370E-002
0.50 1.80 0.40 0.42198776487118000 3.1271138274453901E-002
0.50 1.80 0.80 0.41838644131608149 3.0955091271759317E-002
0.50 1.80 1.20 0.42202882013059489 3.1538606158466098E-002
0.50 1.80 1.60 0.42154496377020995 3.1747049337922821E-002
0.50 1.80 2.00 0.42503303636392875 3.1770517097696169E-002
0.50 1.80 2.40
0.50 1.80 2.80 0.42583283896137675 3.2278047947003903E-002
0.50 1.80 3.20 0.42504814181637895 3.2743856672042611E-002
0.50 1.80 3.60 0.42415302074926620 3.2958249650799354E-002
0.50 1.80 4.00 0.42580117405955109 3.2940545851699136E-002
0.50 1.80 4.40 0.42314969617388892 3.3212219521474073E-002
0.50 1.80 4.80 0.42401184158319760 3.3287113761245962E-002
0.50 1.80 5.20 0.42295847714983781 3.3308315329575552E-002
0.50 1.80 5.60 0.42388424379623740 3.3341122794742023E-002
0.50 1.80 6.00 0.42167586831782683 3.3312213660693049E-002
0.50 1.80 6.40 0.42025279646751612 3.3512489666048764E-002
0.50 1.80 6.80 0.41875238863765085 3.3531484035575626E-002
0.50 1.80 7.20 0.42035653508309323 3.3558614602005182E-002
0.50 1.80 7.60 0.42031144439078583 3.3406499410739206E-002
0.50 1.80 8.00 0.41552523556247190 3.3626197166200460E-002
0.50 1.80 8.40 0.41976961467461055 3.3470296852755377E-002
0.50 1.80 8.80 0.42154905315698271 3.3512253852540967E-002
0.50 1.80 9.20 0.41941620364290183 3.3421980582244687E-002
0.50 1.80 9.60 0.41955629902801606 3.3771343161393477E-002
0.50 1.80 10.00 0.41730206120942437 3.3358913906875606E-002
0.50 1.80 10.40 0.41776294244427409 3.3646409658097794E-002
0.50 1.80 10.80 0.41831274304270094 3.3617525725937812E-002
0.50 1.80 11.20 0.41666622503263440 3.3520596537636282E-002
0.50 1.80 11.60 0.41825810503238914 3.3603171782000507E-002
0.50 1.80 12.00 0.41588154545310624 3.3454077490572408E-002

0.50 2.00 0.00 0.27427426588161541 3.3990134807374617E-002
0.50 2.00 0.40 0.41171782658853828 3.1357027580123396E-002
0.50 2.00 0.80 0.42098846565311759 3.1227186990788136E-002
0.50 2.00 1.20 0.42075375150727279 3.1304999502407588E-002
0.50 2.00 1.60 0.42205847464719809 3.1699710549150432E-002
0.50 2.00 2.00 0.42769712781404767 3.1857737964685641E-002
0.50 2.00 2.40 0.42532827101819859 3.2060290839069715E-002
0.50 2.00 2.80 0.42623603644768498 3.2347280080572957E-002
0.50 2.00 3.20 0.42672200729017540 3.2373741725611208E-002
0.50 2.00 3.60 0.42732817407632140 3.2599947904994334E-002
0.50 2.00 4.00 Binary file (standard input) matches
0.50 2.00 4.40 0.42024648452081381 3.2868843060957546E-002
0.50 2.00 4.80 0.42520195308092645 3.3099476931320586E-002
0.50 2.00 5.20 0.42031257735647881 3.3099079438569254E-002
0.50 2.00 5.60 0.42541331555572792 3.3450149654178647E-002
0.50 2.00 6.00 0.41945777124810951 3.3497627398302629E-002
0.50 2.00 6.40 0.41622538557081940 3.3267858102690506E-002
0.50 2.00 6.80 0.42003651839738004 3.3332415226911896E-002
0.50 2.00 7.20 0.41789297192230734 3.3153766237491000E-002
0.50 2.00 7.60 0.42029344093042498 3.3375324504415528E-002
0.50 2.00 8.00 0.42020927830968369 3.3429356367238532E-002
0.50 2.00 8.40 0.42047970167156895 3.3421428676268253E-002
0.50 2.00 8.80 0.42036566496491246 3.3683282403308541E-002
0.50 2.00 9.20 0.41805494780121971 3.3389626214881833E-002
0.50 2.00 9.60 0.41532263587952745 3.3694310153905629E-002
0.50 2.00 10.00 0.41916674342570587 3.3529077043710435E-002
0.50 2.00 10.40 0.41745555195599487 3.3642080111717362E-002
0.50 2.00 10.80 0.41467008864997340 3.3533534207732786E-002
0.50 2.00 11.20 0.41825488447625619 3.3730541182052334E-002
0.50 2.00 11.60 0.42125763789149373 3.3510388458151560E-002
0.50 2.00 12.00 0.41868086992236170 3.3818233484344359E-002

0.50 2.20 0.00 0.26550878570920033 3.6042436901590633E-002
0.50 2.20 0.40 0.40589088802450562 3.2037161931466607E-002
0.50 2.20 0.80 0.42183725527193588 3.2051198202946468E-002
0.50 2.20 1.20 0.42017684637180397 3.1990473283310852E-002
0.50 2.20 1.60 0.42173602990012482 3.1817819681332411E-002
0.50 2.20 2.00 0.42222267434138461 3.2080835813702198E-002
0.50 2.20 2.40 0.42085892490759685 3.2048425496777576E-002
0.50 2.20 2.80 0.41661440189464838 3.2306086632119722E-002
0.50 2.20 3.20 0.41927205097561532 3.2398539214919683E-002
0.50 2.20 3.60 Binary file (standard input) matches
0.50 2.20 4.00 0.42151317778566683 3.2793664746093174E-002
0.50 2.20 4.40 0.42131926729699398 3.2814675607305624E-002
0.50 2.20 4.80 0.42636838720274178 3.3001299620793831E-002
0.50 2.20 5.20 0.41886424686687124 3.3140606074892401E-002
0.50 2.20 5.60 0.42168208369040822 3.3150282124028804E-002
0.50 2.20 6.00 0.42197749837819110 3.3209422829456062E-002
0.50 2.20 6.40 0.41936978906346606 3.3262635405322767E-002
0.50 2.20 6.80 0.42067694665494126 3.3243820940024565E-002
0.50 2.20 7.20 0.41663679123990000 3.3394332466272270E-002
0.50 2.20 7.60 0.41945024247439056 3.3291752393267669E-002
0.50 2.20 8.00 0.41497923381711843 3.3561837842373148E-002
0.50 2.20 8.40 0.41780967087605625 3.3386282263231641E-002
0.50 2.20 8.80 0.41690395692136101 3.3260733888587961E-002
0.50 2.20 9.20 0.41969137448694810 3.3427848198281734E-002
0.50 2.20 9.60 0.41207215283002485 3.3364839177606249E-002
0.50 2.20 10.00 0.42213354522157520 3.3647507274598684E-002
0.50 2.20 10.40 0.42111813861444009 3.3518274362514110E-002
0.50 2.20 10.80 0.41897148345525581 3.3736023252707505E-002
0.50 2.20 11.20 0.41766034666988644 3.3455799266057226E-002
0.50 2.20 11.60 0.41914144250685370 3.3530867382134316E-002
0.50 2.20 12.00 0.42104693973662821 3.3639360885000441E-002

0.50 2.40 0.00 0.26439178777781991 3.5733094107804710E-002
0.50 2.40 0.40 0.40177335139426795 3.1185716278556347E-002
0.50 2.40 0.80 0.40613683664610079 3.1464071836474247E-002
0.50 2.40 1.20 0.40840119944651992 3.1529509538267733E-002
0.50 2.40 1.60 0.41271224123758155 3.1659152071584415E-002
0.50 2.40 2.00 0.41325709486080664 3.1954830093129438E-002
0.50 2.40 2.40 0.41486575003122794 3.1982104257311419E-002
0.50 2.40 2.80 0.41773392613469174 3.2299988410379926E-002
0.50 2.40 3.20 0.41809470938774124 3.2409424577548425E-002
0.50 2.40 3.60 0.41875754662449882 3.2692718889055707E-002
0.50 2.40 4.00 0.41811294524885423 3.2724928458006675E-002
0.50 2.40 4.40 0.41836847620179796 3.2929404336814086E-002
0.50 2.40 4.80 Binary file (standard input) matches
0.50 2.40 5.20 0.42202618924159518 3.3396295482118317E-002
0.50 2.40 5.60 0.41942755088474548 3.3229443752343199E-002
0.50 2.40 6.00 0.41553263521222183 3.3287697227884910E-002
0.50 2.40 6.40 0.41796785246767021 3.3240195404601026E-002
0.50 2.40 6.80 0.42045037811791286 3.3391364758253196E-002
0.50 2.40 7.20 0.41577120212512614 3.3524376067175815E-002
0.50 2.40 7.60 0.41864888401759603 3.3152351553442864E-002
0.50 2.40 8.00 0.41650509909415706 3.3546802378921818E-002
0.50 2.40 8.40 0.41699361596287510 3.3481136730631370E-002
0.50 2.40 8.80 0.41729997315785061 3.3406859071562142E-002
0.50 2.40 9.20 0.41444440622670786 3.3225306881743501E-002
0.50 2.40 9.60 0.41783762482742243 3.3220169515747383E-002
0.50 2.40 10.00 0.42044906464150245 3.3450645370946219E-002
0.50 2.40 10.40 0.41761907413793875 3.3583775520542807E-002
0.50 2.40 10.80 0.41979828126433538 3.3547058447301478E-002
0.50 2.40 11.20 0.41981679364573676 3.3501930183175946E-002
0.50 2.40 11.60 0.41810659388000193 3.3512097732637698E-002
0.50 2.40 12.00 0.42150675401187360 3.3650306568955672E-002

0.50 2.60 0.00 0.24544057821085966 3.5305953576879281E-002
0.50 2.60 0.40 0.38365065718058550 3.1511702467099056E-002
0.50 2.60 0.80 0.40651515218915424 3.1874296035919861E-002
0.50 2.60 1.20 0.41172631165290080 3.2108986849032232E-002
0.50 2.60 1.60 0.41040666497164091 3.1858773254094142E-002
0.50 2.60 2.00 0.41136252784560379 3.2173451415364054E-002
0.50 2.60 2.40 0.41608364178309809 3.2488883354850985E-002
0.50 2.60 2.80 0.41915945849714864 3.2597280703074293E-002
0.50 2.60 3.20 0.41607743775635414 3.2612756359052267E-002
0.50 2.60 3.60 0.41713825103127566 3.3026035420739293E-002
0.50 2.60 4.00 0.41757775628350380 3.3054808831099416E-002
0.50 2.60 4.40 0.41713482503788724 3.3364977416247520E-002
0.50 2.60 4.80 0.41746708143759748 3.3200668825427965E-002
0.50 2.60 5.20 0.41828673273710082 3.3270243386316387E-002
0.50 2.60 5.60 Binary file (standard input) matches
0.50 2.60 6.00 0.41763767076711378 3.3252389505530722E-002
0.50 2.60 6.40 0.41947448559587103 3.3275931202772120E-002
0.50 2.60 6.80 0.41957323387569084 3.3460643421407484E-002
0.50 2.60 7.20 0.42009622722966677 3.3524418899934044E-002
0.50 2.60 7.60 0.41692809602027481 3.3425413506777191E-002
0.50 2.60 8.00 0.41635661525051920 3.3380436954867670E-002
0.50 2.60 8.40 0.42196446421419720 3.3494885300466896E-002
0.50 2.60 8.80 0.41983571528739339 3.3726369359696307E-002
0.50 2.60 9.20 0.41748574375943132 3.3482270339082416E-002
0.50 2.60 9.60 0.41946288887645522 3.3438579066014648E-002
0.50 2.60 10.00 0.42531075809271501 3.3832835870785380E-002
0.50 2.60 10.40 0.42404651585449704 3.3645946436314932E-002
0.50 2.60 10.80 0.42394260373317777 3.3628809546276055E-002
0.50 2.60 11.20 0.41761849855794714 3.3558169142279638E-002
0.50 2.60 11.60 0.42264514955013849 3.3412894173852452E-002
0.50 2.60 12.00 0.42124275883861301 3.3608481125209790E-002

0.50 2.80 0.00 0.27333126442054417 3.9483856263317789E-002
0.50 2.80 0.40 0.39626702732604713 3.2765259214576202E-002
0.50 2.80 0.80 0.40525233871345545 3.2815255969725197E-002
0.50 2.80 1.20 0.40302187697434289 3.2437185568632336E-002
0.50 2.80 1.60 0.40702416594243074 3.2757106309329591E-002
0.50 2.80 2.00 0.40839252833059503 3.2607372462993216E-002
0.50 2.80 2.40 0.41111823782672358 3.2679786131642505E-002
0.50 2.80 2.80 0.41033333330340255 3.2687956425003578E-002
0.50 2.80 3.20 0.41033531816661517 3.2884338719064453E-002
0.50 2.80 3.60 0.41544095008980264 3.2934409602570193E-002
0.50 2.80 4.00 0.41223162898107751 3.3026027340609464E-002
0.50 2.80 4.40 0.41406068638180049 3.3343932982870542E-002
0.50 2.80 4.80 0.41298218431606237 3.3081456671573695E-002
0.50 2.80 5.20 0.41418036130000635 3.3509930110996143E-002
0.50 2.80 5.60 0.41210720976472581 3.3388220032246473E-002
0.50 2.80 6.00 0.41309899390308935 3.3309126436621268E-002
0.50 2.80 6.40 0.41467448292031472 3.3340285046351933E-002
0.50 2.80 6.80 0.41546491223359150 3.3594720647324890E-002
0.50 2.80 7.20 0.41507373458309604 3.3208617312471454E-002
0.50 2.80 7.60 0.41728847672064245 3.3512959269777355E-002
0.50 2.80 8.00 0.41643232517300677 3.3558611656381840E-002
0.50 2.80 8.40 0.41660896401088576 3.3587873781302444E-002
0.50 2.80 8.80 0.41818488358800743 3.3585217515097000E-002
0.50 2.80 9.20 0.42053206223726630 3.3431307868054934E-002
0.50 2.80 9.60 0.41949312649850928 3.3395606303429685E-002
0.50 2.80 10.00 0.41386763882734934 3.3408805781126420E-002
0.50 2.80 10.40 Binary file (standard input) matches
0.50 2.80 10.80 0.41727779047030145 3.3615488756101992E-002
0.50 2.80 11.20 0.42052497001593531 3.3513021891739728E-002
0.50 2.80 11.60 0.41979603266191845 3.3414224920989700E-002
0.50 2.80 12.00 0.41949723285093299 3.3430556196447928E-002

0.50 3.00 0.00 0.25926824953637190 3.8667544041158380E-002
0.50 3.00 0.40 0.37769400952737608 3.3094583666205400E-002
0.50 3.00 0.80 0.39531305220890056 3.3289322546868644E-002
0.50 3.00 1.20 0.40645057869531848 3.3071816513648621E-002
0.50 3.00 1.60 0.40820950674009532 3.3133236895274989E-002
0.50 3.00 2.00 0.41081057818731520 3.3044788459800238E-002
0.50 3.00 2.40 0.40968859182723205 3.3299549343049802E-002
0.50 3.00 2.80 0.40985202493637846 3.3034315290174691E-002
0.50 3.00 3.20 0.41187046153077328 3.2891391011995341E-002
0.50 3.00 3.60 0.41069845844927599 3.3119094072183802E-002
0.50 3.00 4.00 0.40976494597703550 3.3200033333186545E-002
0.50 3.00 4.40 0.40416154121958814 3.3035655405557030E-002
0.50 3.00 4.80 0.41127071530068804 3.3264862625848199E-002
0.50 3.00 5.20 0.41291491050184098 3.3392166876995949E-002
0.50 3.00 5.60 0.41112216405033147 3.3558955932421315E-002
0.50 3.00 6.00 0.41381982274785284 3.3260524029715563E-002
0.50 3.00 6.40 0.41398207434638418 3.3403158873970287E-002
0.50 3.00 6.80 0.41470097862507743 3.3613307765492650E-002
0.50 3.00 7.20 0.41729032875587713 3.3318545147226999E-002
0.50 3.00 7.60 0.41619904197858071 3.3520702572406656E-002
0.50 3.00 8.00 0.41337479630559981 3.3545387929740211E-002
0.50 3.00 8.40 0.41830496780245613 3.3495688231374075E-002
0.50 3.00 8.80 0.41702269562335381 3.3464004945278812E-002
0.50 3.00 9.20 0.41840009549465823 3.3343545699965123E-002
0.50 3.00 9.60 0.42171673632426210 3.3432626496883569E-002
0.50 3.00 10.00 0.42548488578921911 3.3823640362559144E-002
0.50 3.00 10.40 0.41961440427042218 3.3611572217395365E-002
0.50 3.00 10.80 0.42112210236278608 3.3546417280571721E-002
0.50 3.00 11.20 0.41837346840250628 3.3785770575926757E-002
0.50 3.00 11.60 0.42142241381185519 3.3846542536715540E-002
0.50 3.00 12.00 0.42509315129168845 3.3471362760265182E-002

0.50 3.20 0.00 Binary file (standard input) matches
0.50 3.20 0.40 0.37555698347938082 3.3201082362446649E-002
0.50 3.20 0.80 0.39430712433414078 3.3120496847288960E-002
0.50 3.20 1.20 0.40358295641204051 3.3017297649021907E-002
0.50 3.20 1.60 0.39921498420072959 3.2974853843372620E-002
0.50 3.20 2.00 0.40459819076341336 3.3037665612974811E-002
0.50 3.20 2.40 0.40615628553135330 3.3178703242839065E-002
0.50 3.20 2.80 0.40882902849829533 3.2773248092658552E-002
0.50 3.20 3.20 0.40753162149095329 3.2898597878743031E-002
0.50 3.20 3.60 0.40137522390159130 3.3124125510560813E-002
0.50 3.20 4.00 0.40338103143863302 3.2723580051123823E-002
0.50 3.20 4.40 0.40519994126790221 3.3136207525082659E-002
0.50 3.20 4.80 0.41286663138468704 3.3122482094688641E-002
0.50 3.20 5.20 0.40759170543868806 3.3182251508206209E-002
0.50 3.20 5.60 0.41070812602249196 3.3337021735544939E-002
0.50 3.20 6.00 0.41165537541892594 3.3258790711601295E-002
0.50 3.20 6.40 0.41328430930925802 3.3413942300596092E-002
0.50 3.20 6.80 0.41855009697836537 3.3638286519795009E-002
0.50 3.20 7.20 0.41474386716715517 3.3457992971367950E-002
0.50 3.20 7.60 0.41835029653785127 3.3530574872172418E-002
0.50 3.20 8.00 0.41333980922253638 3.3540979768856241E-002
0.50 3.20 8.40 0.41423035751899018 3.3529594726979493E-002
0.50 3.20 8.80 0.41856594831698801 3.3443046813589047E-002
0.50 3.20 9.20 0.41855866895093075 3.3462606901621145E-002
0.50 3.20 9.60 0.42313115686302954 3.3842407867563887E-002
0.50 3.20 10.00 0.41913222589549193 3.3531030312403516E-002
0.50 3.20 10.40 0.42178385391144851 3.3714428881136314E-002
0.50 3.20 10.80 0.41951894255302780 3.3644276836700744E-002
0.50 3.20 11.20 0.41767137985257152 3.3624469717943702E-002
0.50 3.20 11.60 0.41887512162258772 3.3839062077182749E-002
0.50 3.20 12.00 0.42067065584930080 3.3733756442803076E-002

0.50 3.40 0.00 0.30846465559391867 4.3047948539791249E-002
0.50 3.40 0.40 0.41358367230222715 3.4428925122650569E-002
0.50 3.40 0.80 Binary file (standard input) matches
0.50 3.40 1.20 0.40747263003730988 3.3327292699032271E-002
0.50 3.40 1.60 0.39698468190371761 3.3093916779788186E-002
0.50 3.40 2.00 0.39802085251636626 3.2978602774035533E-002
0.50 3.40 2.40 0.39518679978759597 3.2937251129952355E-002
0.50 3.40 2.80 0.39734624861438322 3.2804707703139806E-002
0.50 3.40 3.20 0.40304386624306082 3.2879340182701187E-002
0.50 3.40 3.60 0.40332161607031541 3.3237433389256728E-002
0.50 3.40 4.00 0.40099340963065888 3.2932502523545251E-002
0.50 3.40 4.40 0.40402026048714079 3.3130170059121597E-002
0.50 3.40 4.80 0.41025484855560856 3.3482637215229288E-002
0.50 3.40 5.20 0.40851648710943272 3.3255233687734788E-002
0.50 3.40 5.60 0.41136055982646696 3.3314074669945661E-002
0.50 3.40 6.00 0.41301810132923961 3.3429365231169003E-002
0.50 3.40 6.40 0.40957276857038638 3.3416123408270271E-002
0.50 3.40 6.80 0.41204820247000018 3.3513982398462622E-002
0.50 3.40 7.20 0.41421641474580850 3.3458860966300352E-002
0.50 3.40 7.60 0.41516980217220756 3.3414057051059626E-002
0.50 3.40 8.00 0.41572627518212091 3.3538423656226390E-002
0.50 3.40 8.40 0.41403154826005367 3.3497869389585981E-002
0.50 3.40 8.80 0.41207830278598284 3.3320798091551411E-002
0.50 3.40 9.20 0.42268804629921963 3.3423106071863634E-002
0.50 3.40 9.60 0.41767770894746964 3.3624914595855766E-002
0.50 3.40 10.00 0.41947524270201891 3.3447172680595452E-002
0.50 3.40 10.40 0.41973491000789903 3.3715527604066473E-002
0.50 3.40 10.80 0.41699874889378796 3.3591024084771229E-002
0.50 3.40 11.20 0.42041253749431479 3.3483967489711532E-002
0.50 3.40 11.60 0.42092735949624227 3.3421902180431458E-002
0.50 3.40 12.00 0.41640520618226279 3.3523140131139245E-002

0.50 3.60 0.00 0.29216788083884632 4.0884308527773507E-002
0.50 3.60 0.40 0.39123080942163441 3.3919015005983474E-002
0.50 3.60 0.80 0.39420824057767417 3.3233366029917506E-002
0.50 3.60 1.20 0.38790210807993275 3.3249064842550809E-002
0.50 3.60 1.60 0.39013258985218663 3.3121168755523935E-002
0.50 3.60 2.00 0.38942121462853491 3.2781328037433680E-002
0.50 3.60 2.40 0.39397696609220739 3.2981456776570314E-002
0.50 3.60 2.80 Binary file (standard input) matches
0.50 3.60 3.20 0.40096823656007452 3.3011686379406033E-002
0.50 3.60 3.60 0.40266139042020621 3.3094208104434128E-002
0.50 3.60 4.00 0.40429835891357280 3.3276100646383616E-002
0.50 3.60 4.40 0.40940221820749401 3.3238561532991984E-002
0.50 3.60 4.80 0.40799173489159274 3.3347060407170608E-002
0.50 3.60 5.20 0.40794709218107317 3.3372696953517446E-002
0.50 3.60 5.60 0.40920476052386928 3.3392214072144051E-002
0.50 3.60 6.00 0.41024394823739857 3.3400249199889535E-002
0.50 3.60 6.40 0.41066650045772030 3.3317566467184929E-002
0.50 3.60 6.80 0.41430494674771323 3.3410462161562043E-002
0.50 3.60 7.20 0.40997563942155779 3.3497655590792687E-002
0.50 3.60 7.60 0.41492009262016644 3.3711730238922030E-002
0.50 3.60 8.00 0.41524275246235315 3.3467790137618761E-002
0.50 3.60 8.40 0.41969618312518547 3.3517071961147157E-002
0.50 3.60 8.80 0.42165106499591332 3.3655880045207705E-002
0.50 3.60 9.20 0.41720067573641123 3.3632548286013780E-002
0.50 3.60 9.60 0.41845236239962935 3.3725216216249743E-002
0.50 3.60 10.00 0.42045179355163775 3.3673319059869637E-002
0.50 3.60 10.40 0.42321934732789784 3.3571792526917305E-002
0.50 3.60 10.80 0.41876591269629743 3.3632139019433002E-002
0.50 3.60 11.20 0.41982294780917090 3.3587670894880232E-002
0.50 3.60 11.60 0.42001974859504598 3.3376041274361938E-002
0.50 3.60 12.00 0.42012462270993789 3.3735345388066496E-002

0.50 3.80 0.00 0.22418697094422332 3.6526463469357347E-002
0.50 3.80 0.40 0.36041417438172252 3.4185962022953265E-002
0.50 3.80 0.80 0.37998841457897825 3.3775617852337396E-002
0.50 3.80 1.20 0.38965144729266749 3.3636706581212476E-002
0.50 3.80 1.60 0.39562981787720425 3.3528218846493943E-002
0.50 3.80 2.00 0.40063851177914456 3.3430706865809207E-002
0.50 3.80 2.40 0.40068877718468593 3.3365700455680658E-002
0.50 3.80 2.80 0.40266236155700363 3.3402722954947360E-002
0.50 3.80 3.20 0.40777500562493918 3.3277172804854260E-002
0.50 3.80 3.60 0.40747242067061196 3.3225868800329003E-002
0.50 3.80 4.00 0.40707404318506091 3.3348469834160135E-002
0.50 3.80 4.40 Binary file (standard input) matches
0.50 3.80 4.80 0.40964651269808361 3.3275779227943565E-002
0.50 3.80 5.20 0.41156539905744360 3.3323873114983381E-002
0.50 3.80 5.60 0.41106674971804458 3.3308802244961418E-002
0.50 3.80 6.00 0.40871812389056067 3.3415876995454993E-002
0.50 3.80 6.40 0.41138672974789403 3.3368291206507035E-002
0.50 3.80 6.80 0.41231904378825568 3.3399927562913073E-002
0.50 3.80 7.20 0.41301818400492418 3.3383122377131522E-002
0.50 3.80 7.60 0.41516536581882635 3.3694115825077461E-002
0.50 3.80 8.00 0.41602219687338121 3.3619216852516266E-002
0.50 3.80 8.40 0.41844696985635821 3.3392255532805573E-002
0.50 3.80 8.80 0.41782873878742394 3.3464872936371147E-002
0.50 3.80 9.20 0.41878174214298747 3.3496742987312179E-002
0.50 3.80 9.60 0.41703494442131817 3.3421288366954779E-002
0.50 3.80 10.00 0.41844163508155480 3.3531037322225045E-002
0.50 3.80 10.40 0.41800569039209634 3.3711057020036676E-002
0.50 3.80 10.80 0.41946107579015646 3.3632030507947955E-002
0.50 3.80 11.20 0.42090484048540439 3.3562722834278094E-002
0.50 3.80 11.60 0.41712573732507552 3.3504241502544066E-002
0.50 3.80 12.00 0.41704076951300389 3.3686883730084029E-002

0.50 4.00 0.00 0.22904505176292997 3.4445889583089702E-002
0.50 4.00 0.40 0.35881608474584170 3.3278989709276646E-002
0.50 4.00 0.80 0.36780388147081416 3.3099503872002958E-002
0.50 4.00 1.20 0.38771806770829670 3.3292087853410757E-002
0.50 4.00 1.60 0.39612802837206457 3.3360092984556458E-002
0.50 4.00 2.00 0.39771058374630874 3.3514771221042065E-002
0.50 4.00 2.40 0.40290035687791032 3.3639792648160180E-002
0.50 4.00 2.80 0.40694659710934084 3.3545731941502656E-002
0.50 4.00 3.20 0.40588429909352797 3.3552531834872008E-002
0.50 4.00 3.60 0.40537609692366772 3.3386268007405205E-002
0.50 4.00 4.00 0.40793721887981726 3.3550424604991316E-002
0.50 4.00 4.40 0.40541963183223617 3.3195770091155333E-002
0.50 4.00 4.80 0.41097160618084683 3.3514957710339854E-002
0.50 4.00 5.20 0.40856429766845787 3.3419794943101828E-002
0.50 4.00 5.60 0.41374748760566638 3.3464254586297155E-002
0.50 4.00 6.00 0.40938299657866395 3.3380594672407761E-002
0.50 4.00 6.40 0.41031187552290704 3.3603792628474981E-002
0.50 4.00 6.80 0.41337365198968606 3.3760516050336850E-002
0.50 4.00 7.20 0.41287610833646421 3.3437965432130790E-002
0.50 4.00 7.60 0.41228621575148072 3.3468550069583117E-002
0.50 4.00 8.00 0.41715068101524544 3.4006746520971770E-002
0.50 4.00 8.40 0.41560473165126349 3.3469257124424633E-002
0.50 4.00 8.80 0.42049188047875513 3.3507129238690272E-002
0.50 4.00 9.20 0.41565591457956758 3.3653792579641614E-002
0.50 4.00 9.60 Binary file (standard input) matches
0.50 4.00 10.00 0.41596803184557729 3.3344647671699902E-002
0.50 4.00 10.40 0.41742828150042177 3.3629264638693507E-002
0.50 4.00 10.80 0.41985050683109748 3.3549553914108472E-002
0.50 4.00 11.20 0.41991280818037391 3.3374732754073481E-002
0.50 4.00 11.60 0.42050592889973054 3.3707224793859430E-002
0.50 4.00 12.00 0.41803453294077686 3.3682290560171087E-002

0.50 4.20 0.00 0.22863205792959698 3.4824285548333951E-002
0.50 4.20 0.40 0.37727918989254899 3.3453489642159648E-002
0.50 4.20 0.80 0.39684272093496303 3.3531502276403564E-002
0.50 4.20 1.20 0.40108935432512827 3.3634480710574725E-002
0.50 4.20 1.60 0.40301463875990862 3.3671329725225109E-002
0.50 4.20 2.00 0.40350411278637804 3.3756476601541220E-002
0.50 4.20 2.40 0.39782821406400098 3.3710184733284215E-002
0.50 4.20 2.80 0.40563440490811525 3.3663014619797565E-002
0.50 4.20 3.20 0.40708163131032660 3.3521632090492560E-002
0.50 4.20 3.60 0.40592566124202278 3.3356062731570366E-002
0.50 4.20 4.00 0.40693021064808005 3.3410762449526614E-002
0.50 4.20 4.40 0.40970745797024666 3.3483611852795185E-002
0.50 4.20 4.80 0.40801849549769004 3.3374082339503688E-002
0.50 4.20 5.20 0.41204794165712738 3.3428774239171510E-002
0.50 4.20 5.60 0.41368038351140718 3.3668175682516767E-002
0.50 4.20 6.00 0.41006481646810788 3.3477675646680936E-002
0.50 4.20 6.40 0.41090869530344803 3.3622638215716975E-002
0.50 4.20 6.80 0.41191393737636178 3.3469264310298674E-002
0.50 4.20 7.20 0.41693194719511562 3.3592585817988477E-002
0.50 4.20 7.60 0.41886721252125769 3.3650061191139356E-002
0.50 4.20 8.00 0.41678553004651908 3.3726353340676377E-002
0.50 4.20 8.40 0.41942769189812967 3.3598714737442671E-002
0.50 4.20 8.80 0.41380923218367627 3.3615187185286735E-002
0.50 4.20 9.20 0.42226755208947520 3.3674888960885191E-002
0.50 4.20 9.60 0.41585614741584120 3.3820952205031445E-002
0.50 4.20 10.00 0.41677068376994431 3.3509043885520076E-002
0.50 4.20 10.40 0.41649592371514316 3.3782003333020859E-002
0.50 4.20 10.80 0.42230736320094647 3.3658267274033662E-002
0.50 4.20 11.20 0.41601468283588278 3.3711441734852306E-002
0.50 4.20 11.60 0.42095225712473860 3.3826435960047141E-002
0.50 4.20 12.00 0.42158661092897398 3.3617364585390511E-002

0.50 4.40 0.00 Binary file (standard input) matches
0.50 4.40 0.40 0.39920406090216937 3.4783773130581445E-002
0.50 4.40 0.80 0.41985419754755193 3.4543761817522389E-002
0.50 4.40 1.20 0.41603719992951288 3.4421655331225438E-002
0.50 4.40 1.60 0.40838386937294163 3.4083502972092838E-002
0.50 4.40 2.00 0.40442664823853181 3.4063210259364228E-002
0.50 4.40 2.40 0.40273377182095366 3.3960907380931223E-002
0.50 4.40 2.80 0.40243105030397397 3.3786468662892470E-002
0.50 4.40 3.20 0.40528643158757571 3.3801925798993562E-002
0.50 4.40 3.60 0.40953537126700718 3.3581576887584889E-002
0.50 4.40 4.00 0.40915117626704794 3.3591096798313874E-002
0.50 4.40 4.40 0.40750756836565366 3.3577629454499248E-002
0.50 4.40 4.80 0.41209255966861325 3.3786444572617154E-002
0.50 4.40 5.20 0.41305358674952908 3.3470400053873889E-002
0.50 4.40 5.60 0.41449578059104997 3.3690308196383453E-002
0.50 4.40 6.00 0.40740645279461357 3.3572366833874795E-002
0.50 4.40 6.40 0.41439044608454151 3.3660518066663932E-002
0.50 4.40 6.80 0.41087793440377551 3.3422488709241617E-002
0.50 4.40 7.20 0.41399445193787532 3.3425954333108195E-002
0.50 4.40 7.60 0.41043355497687967 3.3798216355755903E-002
0.50 4.40 8.00 0.41734057402468716 3.3499443889508339E-002
0.50 4.40 8.40 0.41493737398252983 3.3573870918075288E-002
0.50 4.40 8.80 0.41738137331905667 3.3628833039008946E-002
0.50 4.40 9.20 0.41735277317535913 3.3621293001150417E-002
0.50 4.40 9.60 0.41604180699145743 3.3404115697327437E-002
0.50 4.40 10.00 0.41861576968106878 3.3772486230026391E-002
0.50 4.40 10.40 0.41522111493405334 3.3619895722667464E-002
0.50 4.40 10.80 0.41627938025637057 3.3655629196862789E-002
0.50 4.40 11.20 0.41827096171092071 3.3635841182720137E-002
0.50 4.40 11.60 0.41711652445386110 3.3800286169078320E-002
0.50 4.40 12.00 0.41557868800823006 3.3654809028714920E-002

0.50 4.60 0.00 0.20866933730756862 3.3121797839061523E-002
0.50 4.60 0.40 0.39462183005569679 3.4523506819350840E-002
0.50 4.60 0.80 0.41064998449022366 3.4706392219689963E-002
0.50 4.60 1.20 Binary file (standard input) matches
0.50 4.60 1.60 0.41018787479523117 3.3910383329145206E-002
0.50 4.60 2.00 0.40475994817997096 3.4067383355744406E-002
0.50 4.60 2.40 0.40300475326489610 3.4019163140082916E-002
0.50 4.60 2.80 0.39897084525078164 3.3709922873999959E-002
0.50 4.60 3.20 0.40502362742755765 3.3661810071563089E-002
0.50 4.60 3.60 0.40658665711145819 3.3696370023534365E-002
0.50 4.60 4.00 0.40797786707124173 3.3881154443812143E-002
0.50 4.60 4.40 0.41295058125236012 3.3681045050602265E-002
0.50 4.60 4.80 0.41066065049755984 3.3384626192661707E-002
0.50 4.60 5.20 0.41102935070957997 3.3717483959571304E-002
0.50 4.60 5.60 0.40966103071668203 3.3429849868524993E-002
0.50 4.60 6.00 0.40949590328188545 3.3670907967163717E-002
0.50 4.60 6.40 0.41326877149783137 3.3725574522970390E-002
0.50 4.60 6.80 0.41387376597424630 3.3484706520119832E-002
0.50 4.60 7.20 0.41575907420708552 3.3468522912765128E-002
0.50 4.60 7.60 0.41692239595361447 3.3451093246879879E-002
0.50 4.60 8.00 0.41393019330579178 3.3627191148225211E-002
0.50 4.60 8.40 0.41467499069562308 3.3292501705842852E-002
0.50 4.60 8.80 0.41498295765231263 3.3604930855159962E-002
0.50 4.60 9.20 0.41726785650474885 3.3611997241974619E-002
0.50 4.60 9.60 0.41912425386306984 3.3603084271371160E-002
0.50 4.60 10.00 0.41785878029758672 3.3571754637844724E-002
0.50 4.60 10.40 0.41540609391057570 3.3547198696185741E-002
0.50 4.60 10.80 0.41788990959653000 3.3631683336241835E-002
0.50 4.60 11.20 0.41745621838788682 3.3470237122551413E-002
0.50 4.60 11.60 0.41425267459555942 3.3730451859010219E-002
0.50 4.60 12.00 0.41708385337638487 3.3722654923969149E-002

0.50 4.80 0.00 0.22732979291067448 3.3956094256869490E-002
0.50 4.80 0.40 0.38690573539823958 3.3815600269040992E-002
0.50 4.80 0.80 0.40037590623853303 3.4172411991320109E-002
0.50 4.80 1.20 0.40327333716216102 3.4159800853170635E-002
0.50 4.80 1.60 0.40282405349315181 3.4205165572209775E-002
0.50 4.80 2.00 0.40262083216138861 3.4054091923166621E-002
0.50 4.80 2.40 0.40273720807210855 3.3769017201147861E-002
0.50 4.80 2.80 0.40292286702278401 3.3531125811428010E-002
0.50 4.80 3.20 0.40520470903536854 3.3561803073550736E-002
0.50 4.80 3.60 0.40931625822648421 3.3556942491390018E-002
0.50 4.80 4.00 0.40867168932653719 3.3216147185365655E-002
0.50 4.80 4.40 0.41645328652824576 3.3708436275918942E-002
0.50 4.80 4.80 0.41250700336045998 3.3643775959942487E-002
0.50 4.80 5.20 0.41294225159429698 3.3772170569609641E-002
0.50 4.80 5.60 0.41241493709501559 3.3702646504576876E-002
0.50 4.80 6.00 0.41668339096632778 3.3382447402349115E-002
0.50 4.80 6.40 0.41802617661112756 3.3796022500236354E-002
0.50 4.80 6.80 0.41288945160274648 3.3586845241119885E-002
0.50 4.80 7.20 0.41855864447038893 3.3775599497936862E-002
0.50 4.80 7.60 0.41757451190354899 3.3627254952207801E-002
0.50 4.80 8.00 0.41517716515063380 3.3620988074836988E-002
0.50 4.80 8.40 0.42077693435199037 3.3808732140855946E-002
0.50 4.80 8.80 0.41950170162272371 3.3581514541313251E-002
0.50 4.80 9.20 0.41726022834796117 3.3774514578553343E-002
0.50 4.80 9.60 0.41428723612047369 3.3580210536034688E-002
0.50 4.80 10.00 0.42128321482047404 3.3792846378739923E-002
0.50 4.80 10.40 0.42126171122519873 3.3768490718184996E-002
0.50 4.80 10.80 0.42271742244255517 3.3597229840960155E-002
0.50 4.80 11.20 0.41786833149550084 3.3893355749643410E-002
0.50 4.80 11.60 0.41652213020651008 3.3734970301947657E-002
0.50 4.80 12.00 0.42430115764245829 3.3929727650012398E-002

0.50 5.00 0.00 0.18800539953846329 3.2473343496422218E-002
0.50 5.00 0.40 0.37455781780324304 3.4303149417642523E-002
0.50 5.00 0.80 0.39499655593481597 3.3794152998055965E-002
0.50 5.00 1.20 0.40006355918919317 3.3948893579051523E-002
0.50 5.00 1.60 0.40541427030105720 3.3802339255608611E-002
0.50 5.00 2.00 0.40623510912131106 3.3589425201152504E-002
0.50 5.00 2.40 0.40154147789538974 3.3510840557267454E-002
0.50 5.00 2.80 0.41188959417548326 3.3985335495145527E-002
0.50 5.00 3.20 0.41486194976950808 3.3683419735949800E-002
0.50 5.00 3.60 0.40960340943381768 3.3497193936560692E-002
0.50 5.00 4.00 0.41207160617357530 3.3655327537564526E-002
0.50 5.00 4.40 0.41855570376858581 3.3509349042893190E-002
0.50 5.00 4.80 0.41623864551690309 3.3416886825488760E-002
0.50 5.00 5.20 0.41726764783733677 3.3579689288011721E-002
0.50 5.00 5.60 0.41858190291299663 3.3526490633226699E-002
0.50 5.00 6.00 0.41766538687426458 3.3570081810608929E-002
0.50 5.00 6.40 0.42168957302463916 3.3593600175848927E-002
0.50 5.00 6.80 0.41497096448705051 3.3402316301560583E-002
0.50 5.00 7.20 0.41987717931161289 3.3607647344858146E-002
0.50 5.00 7.60 0.41847484008686908 3.3481820740056172E-002
0.50 5.00 8.00 0.41846275214940087 3.3849880608067436E-002
0.50 5.00 8.40 0.42068086391127518 3.3753410152236853E-002
0.50 5.00 8.80 0.41839899649341594 3.3515425232857193E-002
0.50 5.00 9.20 0.41949386514885301 3.3779264527835050E-002
0.50 5.00 9.60 0.42206359424711587 3.3542649744810214E-002
0.50 5.00 10.00 0.41763962827201756 3.3649687758761197E-002
0.50 5.00 10.40 0.41883192365666122 3.3484788598643636E-002
0.50 5.00 10.80 0.41869338313819737 3.3546502425481899E-002
0.50 5.00 11.20 0.41632940993514023 3.3881274099083529E-002
0.50 5.00 11.60 Binary file (standard input) matches
0.50 5.00 12.00 0.41985511336038772 3.3640273321749660E-002

0.50 5.20 0.00 0.17075545585414006 2.7634798299303723E-002
0.50 5.20 0.40 0.36507078637061541 3.2863473865157769E-002
0.50 5.20 0.80 0.38903142794363466 3.3412964299659981E-002
0.50 5.20 1.20 0.40050801066207742 3.3630993222514463E-002
0.50 5.20 1.60 0.40841542110321899 3.3589447100165877E-002
0.50 5.20 2.00 0.41075568817819363 3.3731347151516822E-002
0.50 5.20 2.40 0.41446615232630613 3.3485012610891103E-002
0.50 5.20 2.80 0.41589012011319948 3.3372071333014390E-002
0.50 5.20 3.20 0.41207063869481980 3.3560937844628720E-002
0.50 5.20 3.60 0.41637904444190577 3.3357475563322407E-002
0.50 5.20 4.00 0.40977720427113840 3.3356785240508127E-002
0.50 5.20 4.40 0.41362340867030428 3.3578822958360365E-002
0.50 5.20 4.80 0.41639753089845721 3.3490994504062316E-002
0.50 5.20 5.20 0.41508719364805352 3.3261160907115235E-002
0.50 5.20 5.60 0.41329139584782537 3.3550482725354339E-002
0.50 5.20 6.00 0.41341424963954115 3.3342628679264477E-002
0.50 5.20 6.40 0.41188847664157324 3.3712745401055635E-002
0.50 5.20 6.80 0.41451152747580428 3.3451979772591803E-002
0.50 5.20 7.20 0.41261270531130095 3.3650238890835266E-002
0.50 5.20 7.60 0.41476867901823294 3.3320318350943498E-002
0.50 5.20 8.00 0.41288037462155341 3.3622686788743091E-002
0.50 5.20 8.40 0.41184587875917611 3.3634251654999385E-002
0.50 5.20 8.80 0.41865377255444081 3.3680257951230717E-002
0.50 5.20 9.20 0.40889181204223018 3.3696193279970837E-002
0.50 5.20 9.60 0.41100954567843617 3.3584953136905307E-002
0.50 5.20 10.00 Binary file (standard input) matches
0.50 5.20 10.40 0.41292220507962174 3.3559804680896109E-002
0.50 5.20 10.80 0.41417863004190647 3.3860760564711559E-002
0.50 5.20 11.20 0.41482033120487377 3.3751874020446694E-002
0.50 5.20 11.60 0.41136453206157420 3.3689565983988860E-002
0.50 5.20 12.00 0.41576165648278085 3.4020843302290341E-002

0.50 5.40 0.00 0.18988271986079031 2.9544660119489419E-002
0.50 5.40 0.40 0.36490201244017395 3.3050832980451583E-002
0.50 5.40 0.80 0.38661318818435220 3.3327686249984258E-002
0.50 5.40 1.20 0.40747769149268331 3.3548781763015720E-002
0.50 5.40 1.60 0.41094067176697752 3.3427901803371157E-002
0.50 5.40 2.00 0.41612295884045780 3.3400909251495164E-002
0.50 5.40 2.40 0.41972684871980570 3.3462780075728192E-002
0.50 5.40 2.80 0.42033722788636363 3.3357606068905907E-002
0.50 5.40 3.20 0.42058390805227397 3.3559002066374743E-002
0.50 5.40 3.60 0.42180467885874418 3.3542870278429872E-002
0.50 5.40 4.00 0.42220407695944895 3.3576137341236226E-002
0.50 5.40 4.40 0.42089951047961865 3.3509893381988003E-002
0.50 5.40 4.80 0.42307222375907622 3.3440470421161654E-002
0.50 5.40 5.20 0.42102531771030260 3.3725204011532083E-002
0.50 5.40 5.60 0.42385997587161317 3.3471479700304216E-002
0.50 5.40 6.00 0.41873850359696074 3.3742373870292421E-002
0.50 5.40 6.40 0.41834523366225884 3.3554199846454622E-002
0.50 5.40 6.80 0.42117191038593627 3.4002245386976979E-002
0.50 5.40 7.20 0.41823451118470911 3.3754139327014911E-002
0.50 5.40 7.60 0.42632963640144111 3.3615916248735424E-002
0.50 5.40 8.00 0.42422136154237799 3.3600381362598727E-002
0.50 5.40 8.40 0.41925935127737768 3.3776331919840821E-002
0.50 5.40 8.80 Binary file (standard input) matches
0.50 5.40 9.20 0.42578529869980819 3.3711889105770165E-002
0.50 5.40 9.60 0.42180070753230614 3.3789358727348458E-002
0.50 5.40 10.00 0.42707235142662381 3.3876399187168914E-002
0.50 5.40 10.40 0.42184176527342665 3.3697009506494457E-002
0.50 5.40 10.80 0.42076185673555883 3.3911392852391413E-002
0.50 5.40 11.20 0.42310620411473981 3.3804414859928231E-002
0.50 5.40 11.60 0.42713001599231165 3.3694472178358109E-002
0.50 5.40 12.00 0.42139841534040678 3.3895624157422671E-002

0.50 5.60 0.00 0.21634948588417974 3.4242459383935796E-002
0.50 5.60 0.40 0.39817024890741293 3.3897882681264667E-002
0.50 5.60 0.80 0.41001714203383183 3.3288505073756455E-002
0.50 5.60 1.20 0.41284971308224999 3.3465976259352735E-002
0.50 5.60 1.60 0.42308654211179936 3.3466411958356368E-002
0.50 5.60 2.00 0.41928519981834383 3.3278791337850826E-002
0.50 5.60 2.40 0.42182744125893923 3.3424836799589887E-002
0.50 5.60 2.80 0.42089452799998295 3.3557457832369852E-002
0.50 5.60 3.20 0.42175993129427186 3.3486298628022701E-002
0.50 5.60 3.60 0.42421482530524512 3.3331519638044496E-002
0.50 5.60 4.00 0.42122035276067094 3.3497299510592965E-002
0.50 5.60 4.40 0.41823159356002815 3.3350261465620305E-002
0.50 5.60 4.80 0.42157894446527705 3.3514012063156844E-002
0.50 5.60 5.20 0.42325154783240471 3.3675888086299975E-002
0.50 5.60 5.60 0.41774319100884838 3.3694800502718274E-002
0.50 5.60 6.00 0.41998704963636702 3.3479336618268483E-002
0.50 5.60 6.40 0.41794875459900160 3.3689882981229970E-002
0.50 5.60 6.80 Binary file (standard input) matches
0.50 5.60 7.20 0.42042141400538230 3.3361809678173919E-002
0.50 5.60 7.60 0.42167006933384349 3.3664651049965869E-002
0.50 5.60 8.00 0.41957973634491930 3.3562536612114148E-002
0.50 5.60 8.40 0.41648488406538764 3.3779226221919811E-002
0.50 5.60 8.80 0.41884073613090900 3.3737159686309401E-002
0.50 5.60 9.20 0.42071149146105669 3.3722668699040823E-002
0.50 5.60 9.60 0.42028087057039631 3.3563712295199666E-002
0.50 5.60 10.00 0.41679261689447455 3.3578068826755764E-002
0.50 5.60 10.40 0.42038550014058701 3.3860563133860114E-002
0.50 5.60 10.80 0.42442500192128918 3.3655592703589962E-002
0.50 5.60 11.20 0.41829878351484373 3.3983769624825529E-002
0.50 5.60 11.60 0.41960597257202925 3.3801937962716029E-002
0.50 5.60 12.00 0.41995049097313658 3.3764800813957170E-002

0.50 5.80 0.00 0.22807916735438866 3.5497693680225546E-002
0.50 5.80 0.40 0.41001938044096092 3.3864423210212664E-002
0.50 5.80 0.80 0.42506196512571071 3.3652784350608360E-002
0.50 5.80 1.20 0.43190656706403618 3.3673353976961820E-002
0.50 5.80 1.60 0.42693840467986127 3.3542617017508464E-002
0.50 5.80 2.00 0.42596008337571761 3.3522515934347595E-002
0.50 5.80 2.40 0.42548173513274012 3.3458851484433630E-002
0.50 5.80 2.80 0.42646444336055273 3.3542752884143642E-002
0.50 5.80 3.20 0.42273193564405931 3.3522245787810177E-002
0.50 5.80 3.60 0.42090690300291084 3.3595942783401792E-002
0.50 5.80 4.00 0.41963986558318761 3.3513716819894943E-002
0.50 5.80 4.40 0.41893724781745789 3.3300049857363734E-002
0.50 5.80 4.80 0.41860476792882978 3.3454184618664853E-002
0.50 5.80 5.20 Binary file (standard input) matches
0.50 5.80 5.60 0.42177591271660725 3.3661289628099736E-002
0.50 5.80 6.00 0.41791554693204536 3.3606596135235339E-002
0.50 5.80 6.40 0.42102505196211892 3.3575590347096944E-002
0.50 5.80 6.80 0.42134965041518962 3.3722821326021647E-002
0.50 5.80 7.20 0.42001297896842277 3.3426128737088591E-002
0.50 5.80 7.60 0.41675297596088406 3.3293571982496391E-002
0.50 5.80 8.00 0.42161285877143995 3.3638938072786298E-002
0.50 5.80 8.40 0.41890136718954907 3.3597374508378033E-002
0.50 5.80 8.80 0.41912222813975353 3.3450012547091741E-002
0.50 5.80 9.20 0.41750278551353570 3.3474078731884814E-002
0.50 5.80 9.60 0.41909281530272791 3.3712883707705858E-002
0.50 5.80 10.00 0.41587110408672884 3.3656475134536207E-002
0.50 5.80 10.40 0.42153997193878456 3.3827747574452324E-002
0.50 5.80 10.80 0.41677164723390681 3.3756510230888832E-002
0.50 5.80 11.20 0.41585304168963838 3.3488782629964797E-002
0.50 5.80 11.60 0.41963934731608310 3.3803533533213172E-002
0.50 5.80 12.00 0.42195286932671905 3.3583536669346443E-002

0.50 6.00 0.00 0.20754836197348867 3.1539171530993511E-002
0.50 6.00 0.40 0.40006994536466073 3.2745074386509178E-002
0.50 6.00 0.80 0.42695757760213543 3.3070848246084535E-002
0.50 6.00 1.20 0.43060649317108102 3.3136300952614682E-002
0.50 6.00 1.60 0.43718465037621873 3.3230934578522810E-002
0.50 6.00 2.00 0.43568848360960671 3.3477397738272706E-002
0.50 6.00 2.40 0.43556712536897446 3.3229869549239614E-002
0.50 6.00 2.80 0.42916978490625146 3.3485429971266689E-002
0.50 6.00 3.20 0.42947124375889789 3.3519330780109477E-002
0.50 6.00 3.60 0.42394794110120709 3.3350280003663288E-002
0.50 6.00 4.00 0.42150033818191757 3.3454366650347560E-002
0.50 6.00 4.40 0.42611323260528577 3.3442591108322012E-002
0.50 6.00 4.80 Binary file (standard input) matches
0.50 6.00 5.20 0.42098880436931374 3.3741261293549152E-002
0.50 6.00 5.60 0.41874981933989142 3.3578040181330288E-002
0.50 6.00 6.00 0.42262909481063610 3.3824763029761944E-002
0.50 6.00 6.40 0.41863147473950263 3.3519489243664026E-002
0.50 6.00 6.80 0.42077862973618957 3.3630426981397905E-002
0.50 6.00 7.20 0.42545448411072018 3.3761172572168055E-002
0.50 6.00 7.60 0.42179633625613899 3.3713235425985047E-002
0.50 6.00 8.00 0.42436317709908150 3.3844464953560777E-002
0.50 6.00 8.40 0.41794709691275145 3.3667822258958910E-002
0.50 6.00 8.80 0.42000839020657332 3.3564370657672295E-002
0.50 6.00 9.20 0.42347484700547050 3.3783597402259669E-002
0.50 6.00 9.60 0.42360473385260089 3.3562648420973486E-002
0.50 6.00 10.00 0.42011222277805527 3.3788828200927878E-002
0.50 6.00 10.40 0.41948187805477632 3.3543511300519489E-002
0.50 6.00 10.80 0.42064922306461927 3.3731497937549149E-002
0.50 6.00 11.20 0.41764973752527651 3.3749203775458335E-002
0.50 6.00 11.60 0.41849237802849421 3.3818605101787830E-002
0.50 6.00 12.00 0.42182704428671752 3.3773271897800848E-002

