0.50 0.25 1.00 -8.8933585746030538E-002 8.7188973959058426E-003 0.49089186071823532 1.6615657123779881E-002
0.50 0.25 1.05 -0.11384064790434151 1.1139415547708762E-002 0.48112974837511080 1.6790944530312615E-002
0.50 0.25 1.10 -0.13768879313849058 1.3373711996838311E-002 0.48388037868114525 1.6841947112698916E-002
0.50 0.25 1.15 -0.13009978833286326 1.0856914846132298E-002 0.47805934610517337 1.6839306509338271E-002
0.50 0.25 1.20 -0.13576753200009520 1.1290241704346813E-002 0.46862677401312641 1.6895473044850947E-002
0.50 0.25 1.25 -0.14705184062134047 1.2231387525553422E-002 0.46753536864411593 1.7010456135951250E-002
0.50 0.25 1.30 -0.16079726219733165 1.3073094662312899E-002 0.46397318788875830 1.6923692782957384E-002
0.50 0.25 1.35 -0.14552399075617203 1.1249174458415194E-002 0.46446637196980456 1.7048021399714355E-002
0.50 0.25 1.40 -0.17501813251680273 1.2027818613156906E-002 0.45428653235550098 1.7025210692623142E-002
0.50 0.25 1.45 -0.20551882012076506 1.3416983142472116E-002 0.45539150252076638 1.7053033638230446E-002
0.50 0.25 1.50 -0.19244496291276600 1.4121644461500098E-002 0.45739726470104797 1.7117295100330727E-002
0.50 0.25 1.55 -0.21440520614604913 1.5473093972894961E-002 0.45208859233959392 1.7274454523089126E-002
0.50 0.25 1.60 -0.22414122873685563 1.6483084810444866E-002 0.44264066934201096 1.7218991340201953E-002
0.50 0.25 1.65 -0.22351434699347084 1.4749369930973304E-002 0.44138406790029433 1.7150709977574598E-002
0.50 0.25 1.70 -0.24975738263901279 1.5227774438732421E-002 0.43673707344855106 1.7324539171304432E-002
0.50 0.25 1.75 -0.22679814720772223 1.4772166684867935E-002 0.44289043121560417 1.7256813054922077E-002
0.50 0.25 1.80 -0.23529170113030323 1.4461553094734051E-002 0.43460892195509271 1.7424853216900977E-002
0.50 0.25 1.85 -0.26853103513636450 1.5289594030640782E-002 0.43254438772984782 1.7382710014420093E-002
0.50 0.25 1.90 -0.26725947926214355 1.6245580336378615E-002 0.43066460557789682 1.7418422273226333E-002
0.50 0.25 1.95 -0.25269720790106193 1.5245599360107115E-002 0.43140157210701363 1.7386360883515490E-002
0.50 0.25 2.00 -0.29212683317739457 1.6318466291576343E-002 0.42824152997126574 1.7459456096274983E-002
