0.50 0.25 0.00 0.31017987191646207 3.6902778687953698E-002
0.50 0.25 0.50 0.51655543757876310 3.1394061903303135E-002
0.50 0.25 1.00 0.48856666885444455 3.2128581129974326E-002
0.50 0.25 1.50 0.45827997489418110 3.2755396541647053E-002
0.50 0.25 2.00 0.42918013726888488 3.3203401089556307E-002
0.50 0.25 2.50 0.42074713902820415 3.3442449802263290E-002
0.50 0.25 3.00 0.41528994919585160 3.3368785611996264E-002
0.50 0.25 3.50 0.41798505335627134 3.3785199978271029E-002
0.50 0.25 4.00 0.41666179478839477 3.3885626114038732E-002
0.50 0.25 4.50 0.41456967755106605 3.3815047851267384E-002
0.50 0.25 5.00 0.40101275070926873 3.3675814082098431E-002
0.50 0.25 5.50 0.41000857975530602 3.3800430354740243E-002
0.50 0.25 6.00 0.40145400047817076 3.3936141212632324E-002
0.50 0.25 6.50 0.39681483161021175 3.3976536813664381E-002
0.50 0.25 7.00 0.40334413306461941 3.4358322632291008E-002
0.50 0.25 7.50 0.40120936153875369 3.4120990491855692E-002
0.50 0.25 8.00 0.40032007353082716 3.4284458324161014E-002
0.50 0.25 8.50 0.39472639926291236 3.3391628987832635E-002
0.50 0.25 9.00 0.39738240554097287 3.3864069202300950E-002
0.50 0.25 9.50 0.40200939596749319 3.4143548774387376E-002
0.50 0.25 10.00 0.39962461176643277 3.4279141953584780E-002
