0.50 0.25 0.00 1.6399179689689269E-005 NaN 0.30630262351750659 3.6671411023520034E-002
0.50 0.25 0.10 -5.4000646035532382E-003 7.9684003989239985E-003 0.42060799953551020 3.3275970786150862E-002
0.50 0.25 0.20 -1.6554303286313698E-002 7.3635896274864381E-003 0.47095009937020305 3.2261714032330413E-002
0.50 0.25 0.30 -2.9035776942271010E-002 6.5238683377949113E-003 0.49983071152522446 3.1808238904661522E-002
0.50 0.25 0.40 -3.7569785416672601E-002 5.9750125907294654E-003 0.50708000912793472 3.1570131339704259E-002
0.50 0.25 0.50 -5.1357095925866750E-002 5.7903269166479348E-003 0.50386226782994015 3.1598128669739670E-002
0.50 0.25 1.00 -0.14183579387823453 7.4852271770960103E-003 0.47809216932939930 3.1982420773790543E-002
0.50 0.25 1.50 -0.22976486406581648 8.9900670515815281E-003 0.44791080436353303 3.2707547204970842E-002
0.50 0.25 2.00 -0.32881293745320805 9.7410923387394183E-003 0.43069673848335954 3.2915123462449451E-002
0.50 0.25 2.50 -0.37346188750851417 1.0313108672808918E-002 0.42370057996522414 3.3280801499736175E-002
0.50 0.25 3.00 -0.43511145957712322 1.1250789326907089E-002 0.41366730251001804 3.3361205030646372E-002
0.50 0.25 3.50 -0.50196637656473253 1.0963023020816812E-002 0.40954234431365799 3.3243009585703698E-002
0.50 0.25 4.00 -0.54427504016620210 1.1498034848969312E-002 0.40614449568756211 3.3438434041346138E-002
0.50 0.25 4.50 -0.60024509305974383 1.0858368489469861E-002 0.40085836775083772 3.3364614160575914E-002
0.50 0.25 5.00 -0.61056680000443897 1.0756111602019532E-002 0.40125621640086850 3.3549943413165167E-002
0.50 0.25 5.50 -0.62722482223195564 1.1659159089686148E-002 0.39920523585327566 3.3402865658137076E-002
0.50 0.25 6.00 -0.65878507040467682 1.1058626165162708E-002 0.39896887768672229 3.3476274625974051E-002
0.50 0.25 6.50 -0.67083275705299561 1.1026586513077903E-002 0.39901026407255158 3.3660740855293927E-002
0.50 0.25 7.00 -0.68390478415207645 1.1446009044838714E-002 0.39564456056596814 3.3507201302944795E-002
0.50 0.25 7.50 -0.71891119998495978 1.0400214496701832E-002 0.39928524432778623 3.3798550066028464E-002
0.50 0.25 8.00 -0.73269323529555552 1.0837500937575007E-002 0.39168207815118261 3.3362828732773304E-002
0.50 0.25 8.50 -0.74123836119754394 1.0705968644826180E-002 0.39446427081899893 3.3499985788443647E-002
0.50 0.25 9.00 -0.73320392338226192 1.0633598769756407E-002 0.39512884853489849 3.4010812428534064E-002
0.50 0.25 9.50 -0.76632898843647013 1.0123955059798635E-002 0.38866379567820408 3.3482956025164025E-002
0.50 0.25 10.00 -0.77756997355204960 9.9796939371127723E-003 0.39167048041411145 3.3635275905229203E-002
0.50 0.25 11.00 -0.80155125262491922 9.2646028529879791E-003 0.39200821986378798 3.3812890470619715E-002
0.50 0.25 12.00 -0.80696481789012331 9.2642990583265677E-003 0.39474541471541447 3.3708201543426207E-002
0.50 0.25 13.00 -0.82240221659889023 9.3866921190947188E-003 0.39087658614648585 3.3722368284519619E-002
0.50 0.25 14.00 -0.83882385987197583 8.7446713530441988E-003 0.38621948451440491 3.3332889044951498E-002
0.50 0.25 15.00 -0.84819996357907190 8.5929983057919414E-003 0.39022647340271882 3.3466563530781826E-002
0.50 0.25 16.00 -0.86050204078724191 8.3239828910298894E-003 0.39244535671262082 3.3535595139658432E-002
0.50 0.25 17.00 -0.85959151329964678 8.3615432700361002E-003 0.38884981751936565 3.3605874295689703E-002
0.50 0.25 18.00 -0.86901475499027514 7.6436454591874824E-003 0.39094388057948670 3.3646602939247067E-002
0.50 0.25 19.00 -0.85504179102413791 8.6252187732145311E-003 0.39242913355981840 3.3363277627079510E-002
0.50 0.25 20.00 -0.87670802124850555 7.6490107517788609E-003 0.39556391890963527 3.3658989444364726E-002
