0.50 0.25 1.00 -0.15596080865930814 2.0194465534208002E-002 0.51278538193725642 6.2718981864874082E-002
0.50 0.25 1.05 -0.16093919526952882 2.0943100385826932E-002 0.48167937613610745 6.0283558378917475E-002
0.50 0.25 1.10 -0.19528925980727146 2.1217566542710380E-002 0.49143620236691493 6.1333745105941528E-002
0.50 0.25 1.15 -0.18666418037077073 2.1196701906386325E-002 0.48144023907338579 6.3414528532739309E-002
0.50 0.25 1.20 -0.21226506215549262 2.0201828963202165E-002 0.48655729906631168 6.0373197425804145E-002
0.50 0.25 1.25 -0.21450044299182885 2.3700307955965463E-002 0.48622851076646029 6.0231741329799762E-002
0.50 0.25 1.30 -0.20456980222547236 2.2422225764387994E-002 0.48231814309316151 6.2046412687774513E-002
0.50 0.25 1.35 -0.23751316711605008 2.2921264927152508E-002 0.47011355603860422 6.2824413259269032E-002
0.50 0.25 1.40 -0.23716161827774859 2.2762895625101986E-002 0.48556491411374525 6.2787369987780173E-002
0.50 0.25 1.45 -0.26658292897672270 2.3390707928769638E-002 0.46051214959745723 6.3088085378876863E-002
0.50 0.25 1.50 -0.27027645651059612 2.2741134676527320E-002 0.47494067483110181 6.2977320848918675E-002
0.50 0.25 1.55 -0.30697271253659697 2.4058381915368830E-002 0.47764027964445999 6.2887859063946464E-002
0.50 0.25 1.60 -0.27104575866452674 2.3569000071724498E-002 0.46620475180013149 6.2907996303832245E-002
0.50 0.25 1.65 -0.27548415645824387 2.2842924420912136E-002 0.44497090038077941 6.1558047228728291E-002
0.50 0.25 1.70 -0.29111931584891682 2.4963298198722127E-002 0.46437496783618887 6.2290422883782393E-002
0.50 0.25 1.75 -0.32735357243544605 2.3895420221073806E-002 0.46409504351643893 6.2416110634583320E-002
0.50 0.25 1.80 -0.30555577244799226 2.4646279945367881E-002 0.45384275090362641 6.2650221367522435E-002
0.50 0.25 1.85 -0.31149044231674355 2.3703123402569613E-002 0.45699502819795795 6.3839470427960635E-002
0.50 0.25 1.90 -0.31294324591336314 2.5420555032966807E-002 0.46155414108264065 6.1709843129379709E-002
0.50 0.25 1.95 -0.35193535158211214 2.3807085026385871E-002 0.44869074287557709 6.2862464299747026E-002
0.50 0.25 2.00 -0.37221960949311050 2.4623281296979972E-002 0.43846088441209746 6.3409633545519692E-002
