0.50 0.00 0.00 0.29308522671054626 3.2544865557070514E-002
0.50 0.00 0.40 0.48733784719152606 3.1689433014681148E-002
0.50 0.00 0.80 0.50210403857676456 3.1318763244627922E-002
0.50 0.00 1.20 0.48450116055308667 3.1625005682599017E-002
0.50 0.00 1.60 0.47668702833249582 3.1523712335770865E-002
0.50 0.00 2.00 0.45795857221490144 3.1977236076432561E-002
0.50 0.00 2.40 0.45277203022657186 3.2336767225005204E-002
0.50 0.00 2.80 0.44114249833323438 3.2475663487343376E-002
0.50 0.00 3.20 0.43238733181504951 3.2302620684073399E-002
0.50 0.00 3.60 0.42568845752957590 3.2315508596647176E-002
0.50 0.00 4.00 0.42579179458774641 3.2495593751372356E-002
0.50 0.00 4.40 0.42021528603877972 3.3099788498288672E-002
0.50 0.00 4.80 Binary file (standard input) matches
0.50 0.00 5.20 0.41580446653732273 3.2536122058488326E-002
0.50 0.00 5.60 0.41348369441807964 3.2849430432038515E-002
0.50 0.00 6.00 0.40825693127224366 3.2985806425173340E-002
0.50 0.00 6.40 0.40032343634397732 3.2982526548937081E-002
0.50 0.00 6.80 0.40369921989128421 3.3079288000122241E-002
0.50 0.00 7.20 0.40773221571724527 3.3180658952093017E-002
0.50 0.00 7.60 0.40734290118126087 3.3134335548863587E-002
0.50 0.00 8.00 0.40289476645871336 3.3255111840974509E-002
0.50 0.00 8.40 0.39921397396216135 3.3297377314186152E-002
0.50 0.00 8.80 0.40154881870606596 3.2854957802690189E-002
0.50 0.00 9.20 0.39387344420702725 3.3238891148569975E-002
0.50 0.00 9.60 0.39759899122784881 3.2876585776343101E-002
0.50 0.00 10.00 0.39323470298349072 3.2807342316352635E-002
0.50 0.00 10.40 0.39934242017831134 3.3304091502237607E-002
0.50 0.00 10.80 0.39197450986848315 3.3114533874474369E-002
0.50 0.00 11.20 0.39214703705215698 3.2975521872917864E-002
0.50 0.00 11.60 0.40037837001147258 3.3224754697917074E-002
0.50 0.00 12.00 0.39702819873170808 3.3386973409302592E-002

0.50 0.20 0.00 0.32800533201612281 3.0680301409774187E-002
0.50 0.20 0.40 0.50995767834766370 3.1124981778292437E-002
0.50 0.20 0.80 0.51514886896864498 3.1233063414020278E-002
0.50 0.20 1.20 0.49874817245929542 3.1493244359841299E-002
0.50 0.20 1.60 0.49598114676277455 3.1535225247634781E-002
0.50 0.20 2.00 0.47914262688746040 3.1791426789342936E-002
0.50 0.20 2.40 0.47702255540093902 3.2084469474756204E-002
0.50 0.20 2.80 0.46551283870420013 3.2229258541180153E-002
0.50 0.20 3.20 0.46466541042443560 3.2290843413066928E-002
0.50 0.20 3.60 0.45339661662864261 3.2578816890685314E-002
0.50 0.20 4.00 0.44679044061846140 3.2424386297900044E-002
0.50 0.20 4.40 0.45189686865199602 3.2728419688615264E-002
0.50 0.20 4.80 0.44427959906122128 3.2672053497028196E-002
0.50 0.20 5.20 0.44276265339143339 3.2664764429495674E-002
0.50 0.20 5.60 0.43744054499865015 3.2795907406514405E-002
0.50 0.20 6.00 0.43982112230464399 3.2862640478509439E-002
0.50 0.20 6.40 0.43427825488801630 3.2902535094094028E-002
0.50 0.20 6.80 0.43305239302397014 3.2941516703829915E-002
0.50 0.20 7.20 0.43079089709678808 3.3043599920119092E-002
0.50 0.20 7.60 0.43163800755977932 3.3053125975210505E-002
0.50 0.20 8.00 0.42890430795833989 3.3069209922881759E-002
0.50 0.20 8.40 0.42520614598434359 3.2878561801149571E-002
0.50 0.20 8.80 0.43144280134878399 3.3042356090677162E-002
0.50 0.20 9.20 0.42744768884145568 3.2887798284563584E-002
0.50 0.20 9.60 Binary file (standard input) matches
0.50 0.20 10.00 0.42583088759217985 3.3113062739745812E-002
0.50 0.20 10.40 0.42675986928414150 3.3273119331938321E-002
0.50 0.20 10.80 0.42034829785978334 3.3173003624208892E-002
0.50 0.20 11.20 0.42520749341235353 3.3306505155393795E-002
0.50 0.20 11.60 0.42497716268066082 3.3200050214925482E-002
0.50 0.20 12.00 0.42429640605157015 3.3487717377540881E-002

0.50 0.40 0.00 0.33064308132377451 3.1837842748140097E-002
0.50 0.40 0.40 0.52267508853809619 3.0599213779517034E-002
0.50 0.40 0.80 0.52133469697714552 3.1128216109611469E-002
0.50 0.40 1.20 0.50274703789152864 3.1302128649727680E-002
0.50 0.40 1.60 0.50482905064608907 3.1417645702310253E-002
0.50 0.40 2.00 0.49597521213807622 3.1618996997011303E-002
0.50 0.40 2.40 0.49148859131547623 3.1595837251811476E-002
0.50 0.40 2.80 0.48344876953829574 3.1713040431917056E-002
0.50 0.40 3.20 0.47817681082404018 3.1974600716454547E-002
0.50 0.40 3.60 0.47139001438648565 3.2089613890799853E-002
0.50 0.40 4.00 0.46681054072880224 3.2137506074111810E-002
0.50 0.40 4.40 0.46615574865235143 3.2151996598566400E-002
0.50 0.40 4.80 0.45578945171850516 3.2315742985100974E-002
0.50 0.40 5.20 0.45457448849410664 3.2306464158193285E-002
0.50 0.40 5.60 0.44945547458998164 3.2657480613167610E-002
0.50 0.40 6.00 0.45328472171598022 3.2687407595314293E-002
0.50 0.40 6.40 0.44324169475417519 3.2434609057523961E-002
0.50 0.40 6.80 0.44099002012553845 3.2951491048362043E-002
0.50 0.40 7.20 0.43870209776036129 3.2969059785824692E-002
0.50 0.40 7.60 0.44097415946459684 3.3035877940685549E-002
0.50 0.40 8.00 0.43483791399880439 3.2993069763372122E-002
0.50 0.40 8.40 0.43849069988638334 3.2759446610799201E-002
0.50 0.40 8.80 Binary file (standard input) matches
0.50 0.40 9.20 0.43205979643990594 3.3001994788292022E-002
0.50 0.40 9.60 0.43068062021841219 3.3006279508294614E-002
0.50 0.40 10.00 0.42943175224119318 3.3101593392026868E-002
0.50 0.40 10.40 0.43091284266813223 3.3053622969360215E-002
0.50 0.40 10.80 0.42639657245776491 3.2949558775387668E-002
0.50 0.40 11.20 0.43325710906963355 3.3099004850369138E-002
0.50 0.40 11.60 0.42390475886884438 3.3215950436806536E-002
0.50 0.40 12.00 0.42427400022212752 3.2977713945219471E-002

0.50 0.60 0.00 0.42030488566623969 3.5058195646595819E-002
0.50 0.60 0.40 0.51891718395693731 3.1233268460729748E-002
0.50 0.60 0.80 0.51360457202524945 3.1185979990360799E-002
0.50 0.60 1.20 0.50859698393224495 3.1154003305733230E-002
0.50 0.60 1.60 0.50745346129746305 3.1255697460000828E-002
0.50 0.60 2.00 0.50197811201046827 3.1539250661564877E-002
0.50 0.60 2.40 0.49565212308961143 3.1636044329639276E-002
0.50 0.60 2.80 0.48831807397444810 3.1844361001027367E-002
0.50 0.60 3.20 0.47783121344053570 3.1821011271280598E-002
0.50 0.60 3.60 0.48192177771998412 3.2066070768736479E-002
0.50 0.60 4.00 0.46883214928566358 3.2351546973605462E-002
0.50 0.60 4.40 0.46846186203681323 3.2252411188719333E-002
0.50 0.60 4.80 0.46623953510530092 3.2227359327032225E-002
0.50 0.60 5.20 0.46198847961089101 3.2148322769642600E-002
0.50 0.60 5.60 0.45729531432669146 3.2510104315124418E-002
0.50 0.60 6.00 0.45303106612923544 3.2548792259583251E-002
0.50 0.60 6.40 0.44960084204933004 3.2627280091521646E-002
0.50 0.60 6.80 0.44408334500111363 3.2807289954108601E-002
0.50 0.60 7.20 0.44730646365275373 3.2691333661704090E-002
0.50 0.60 7.60 0.44502791963861571 3.2860842893946279E-002
0.50 0.60 8.00
0.50 0.60 8.40 Binary file (standard input) matches
0.50 0.60 8.80 0.44078507752348067 3.2927550376527705E-002
0.50 0.60 9.20 0.43631779731946507 3.3088270673050639E-002
0.50 0.60 9.60 0.43920495280724270 3.2876740097230565E-002
0.50 0.60 10.00 0.43322912396677060 3.2840672947625986E-002
0.50 0.60 10.40 0.43140207245561302 3.2899077571714973E-002
0.50 0.60 10.80 0.43259432322840069 3.3166502753130607E-002
0.50 0.60 11.20 0.42556530020669037 3.3129735078931605E-002
0.50 0.60 11.60 0.42596516200833995 3.3031488385949430E-002
0.50 0.60 12.00 0.42496826137387284 3.2879312712982028E-002

0.50 0.80 0.00 0.37245232730646571 3.5482017918728681E-002
0.50 0.80 0.40 0.51418310638740805 3.1184186141010872E-002
0.50 0.80 0.80 0.50432375589496603 3.1162558613863061E-002
0.50 0.80 1.20 0.50549912815569564 3.1370617530689093E-002
0.50 0.80 1.60 0.50078039656792261 3.1331874913472696E-002
0.50 0.80 2.00 0.49903870567821162 3.1456620716838524E-002
0.50 0.80 2.40 0.49509485036730183 3.1429461586847340E-002
0.50 0.80 2.80 0.49216158161138140 3.1580524141334651E-002
0.50 0.80 3.20 0.48370426754297019 3.1804168434203105E-002
0.50 0.80 3.60 0.48218790090172137 3.1955922454599217E-002
0.50 0.80 4.00 0.47293323704954993 3.1823269524049257E-002
0.50 0.80 4.40 0.46823958639424024 3.2183604047468936E-002
0.50 0.80 4.80 0.46621963978140257 3.2049522174385447E-002
0.50 0.80 5.20 0.46361381660360479 3.2281831958509880E-002
0.50 0.80 5.60 0.46380958529325572 3.2397904422637971E-002
0.50 0.80 6.00 0.45084313676052112 3.2684742448867224E-002
0.50 0.80 6.40 Binary file (standard input) matches
0.50 0.80 6.80 0.45236918853253660 3.2490209138178336E-002
0.50 0.80 7.20 0.44708451504552438 3.2835370159478447E-002
0.50 0.80 7.60 0.44567324746138731 3.2644503656515590E-002
0.50 0.80 8.00 0.43730974713709286 3.2925967848642379E-002
0.50 0.80 8.40 0.44284340621439366 3.2717614890325923E-002
0.50 0.80 8.80 0.43937932625817905 3.2848847254698839E-002
0.50 0.80 9.20 0.43956161435673458 3.2789543852272063E-002
0.50 0.80 9.60 0.43573296195498851 3.2854020647207771E-002
0.50 0.80 10.00 0.43484598543987285 3.3146451132418910E-002
0.50 0.80 10.40 0.43949200801368127 3.3041832654956742E-002
0.50 0.80 10.80 0.43167218303008881 3.2958105401881731E-002
0.50 0.80 11.20 0.43079044741112121 3.2926697649599615E-002
0.50 0.80 11.60 0.43157269917816093 3.2999696661985267E-002
0.50 0.80 12.00 0.42370535605913606 3.2870416038674889E-002

0.50 1.00 0.00 0.29167243569145762 2.8219351415372882E-002
0.50 1.00 0.40 0.50136337790962127 3.1667218881376656E-002
0.50 1.00 0.80 0.50462409348085568 3.1152396636568151E-002
0.50 1.00 1.20 0.50935300170680631 3.1398443710391452E-002
0.50 1.00 1.60 0.50208865721692086 3.1293391801610448E-002
0.50 1.00 2.00 0.49738424294316186 3.1424692105415576E-002
0.50 1.00 2.40 0.49647244703724835 3.1710408191464944E-002
0.50 1.00 2.80 0.48634652639993342 3.1585626386804622E-002
0.50 1.00 3.20 0.48368458134074260 3.1879648292406866E-002
0.50 1.00 3.60 0.48276727867589991 3.2048030778369527E-002
0.50 1.00 4.00 0.47630897210800383 3.1983431930375339E-002
0.50 1.00 4.40 0.46857647490504678 3.2242082938817355E-002
0.50 1.00 4.80 0.47031975930994108 3.2358906707052389E-002
0.50 1.00 5.20 0.46049866229210518 3.2385195328165930E-002
0.50 1.00 5.60 Binary file (standard input) matches
0.50 1.00 6.00 0.45406410215102894 3.2626431454195082E-002
0.50 1.00 6.40 0.45084833174564121 3.2609830462172806E-002
0.50 1.00 6.80 0.44590670682460132 3.2629703905472957E-002
0.50 1.00 7.20 0.45126212108104491 3.2666472369414584E-002
0.50 1.00 7.60 0.44286223868693159 3.2547945377251045E-002
0.50 1.00 8.00 0.44559684417993273 3.2742264707097180E-002
0.50 1.00 8.40 0.43912858282361994 3.2490877590673359E-002
0.50 1.00 8.80 0.44069773186222427 3.2766234857803424E-002
0.50 1.00 9.20 0.43295206972240852 3.2689654742537141E-002
0.50 1.00 9.60 0.43685970867317359 3.3157343401905605E-002
0.50 1.00 10.00 0.43345899123289933 3.2944961308957292E-002
0.50 1.00 10.40 0.43153303156457035 3.3279550694820824E-002
0.50 1.00 10.80 0.43071645433230527 3.3079889792330085E-002
0.50 1.00 11.20 0.42737765750495804 3.2861504320835302E-002
0.50 1.00 11.60 0.42828330252315555 3.3102829870435654E-002
0.50 1.00 12.00 0.42535257977721541 3.2993226914148542E-002

0.50 1.20 0.00 0.28848442415903691 3.0926416158489518E-002
0.50 1.20 0.40 0.49202543745007921 3.1696580830757409E-002
0.50 1.20 0.80 0.49849151718604157 3.1559274273586957E-002
0.50 1.20 1.20 0.49986396745853556 3.1505914788922638E-002
0.50 1.20 1.60 0.50306674528746842 3.1437628143229035E-002
0.50 1.20 2.00 0.49624304437457595 3.1599310172279051E-002
0.50 1.20 2.40 0.49042038113529990 3.1687941464452293E-002
0.50 1.20 2.80 0.48452730796319415 3.1758456164425360E-002
0.50 1.20 3.20 0.47850702102262932 3.1890142566302591E-002
0.50 1.20 3.60 0.47500491618184454 3.1998081462451887E-002
0.50 1.20 4.00 0.47162157902419699 3.2166924033550336E-002
0.50 1.20 4.40 Binary file (standard input) matches
0.50 1.20 4.80 0.46084843174894663 3.2392157338920743E-002
0.50 1.20 5.20 0.46004009818208358 3.2319732833526141E-002
0.50 1.20 5.60 0.45148151436582584 3.2474271655478601E-002
0.50 1.20 6.00 0.45170294492583435 3.2444144860025351E-002
0.50 1.20 6.40 0.44831555078910379 3.2549011813101804E-002
0.50 1.20 6.80 0.44852018007884248 3.2743115659532696E-002
0.50 1.20 7.20 0.44477869236660011 3.2934721036709018E-002
0.50 1.20 7.60 0.44342206050896288 3.3074071856023186E-002
0.50 1.20 8.00 0.43702276823404551 3.2695172706084775E-002
0.50 1.20 8.40 0.43848906155291295 3.2717231846686935E-002
0.50 1.20 8.80 0.43700467329323506 3.2966726983372559E-002
0.50 1.20 9.20 0.43622139533028037 3.2837351876557980E-002
0.50 1.20 9.60 0.43698843744818855 3.2843899563467574E-002
0.50 1.20 10.00 0.43379540658292087 3.3241444008860935E-002
0.50 1.20 10.40 0.43047517827304310 3.2888555779230055E-002
0.50 1.20 10.80 0.43259980731210701 3.3253080139810966E-002
0.50 1.20 11.20 0.42678735569385451 3.3045074585380738E-002
0.50 1.20 11.60 0.42725386773961843 3.3085035676949537E-002
0.50 1.20 12.00 0.42521908472723480 3.3079601071107120E-002

0.50 1.40 0.00 0.25415310005615771 2.7537837874355927E-002
0.50 1.40 0.40 0.48554540066378465 3.1564626174594559E-002
0.50 1.40 0.80 0.49658993167988691 3.1416534155694488E-002
0.50 1.40 1.20 0.49772711939789066 3.1514061329156899E-002
0.50 1.40 1.60 0.49894309243976992 3.1610659901257124E-002
0.50 1.40 2.00 0.49474615424617624 3.1506667936644660E-002
0.50 1.40 2.40 0.49039392959167671 3.1787689395831577E-002
0.50 1.40 2.80 Binary file (standard input) matches
0.50 1.40 3.20 0.48422807121480760 3.2032493487937283E-002
0.50 1.40 3.60 0.47451035006181053 3.1980545273686795E-002
0.50 1.40 4.00 0.46732023688047147 3.2281121323911047E-002
0.50 1.40 4.40 0.46350925679789984 3.2412024092613408E-002
0.50 1.40 4.80 0.46139227728317378 3.2534175019536933E-002
0.50 1.40 5.20 0.45725708612323801 3.2263473531349056E-002
0.50 1.40 5.60 0.45226289164743128 3.2416570075699758E-002
0.50 1.40 6.00 0.44829855138506536 3.2404236201975543E-002
0.50 1.40 6.40 0.44853117653247832 3.2743716081435635E-002
0.50 1.40 6.80 0.44943297219043732 3.2569250385382630E-002
0.50 1.40 7.20 0.44734030797153707 3.2671500208991990E-002
0.50 1.40 7.60 0.44381837533537460 3.2923745722656217E-002
0.50 1.40 8.00 0.43752015988172949 3.2820800479447527E-002
0.50 1.40 8.40 0.43614199844435164 3.2773690918517062E-002
0.50 1.40 8.80 0.43139150234134815 3.2952452029760923E-002
0.50 1.40 9.20 0.43517436634962492 3.3068746014959731E-002
0.50 1.40 9.60 0.43346110150743505 3.3028667032846813E-002
0.50 1.40 10.00 0.43397816620912655 3.2884265192388858E-002
0.50 1.40 10.40 0.42930559611412067 3.3002760520449564E-002
0.50 1.40 10.80 0.42936815979728893 3.3143069651497388E-002
0.50 1.40 11.20 0.42663787675869524 3.3110769357838792E-002
0.50 1.40 11.60 0.42640873060196194 3.3132683228909991E-002
0.50 1.40 12.00 0.42943683307042624 3.3040283480263201E-002

0.50 1.60 0.00 0.27011973431971087 2.9485803369867128E-002
0.50 1.60 0.40 0.48814868655368449 3.1596052833804185E-002
0.50 1.60 0.80 0.49644401245707809 3.1507057475976867E-002
0.50 1.60 1.20 0.49708328445445621 3.1486221874526592E-002
0.50 1.60 1.60
0.50 1.60 2.00 0.48825577644749296 3.1618206709941490E-002
0.50 1.60 2.40 0.48310302043110953 3.1837248689245305E-002
0.50 1.60 2.80 0.47969970721769978 3.2197701489333715E-002
0.50 1.60 3.20 0.47374464787112436 3.2142048552176429E-002
0.50 1.60 3.60 0.46987852507452998 3.2297235994321903E-002
0.50 1.60 4.00 0.46555650804962490 3.2350671037738574E-002
0.50 1.60 4.40 0.46084392919183259 3.2442087383908726E-002
0.50 1.60 4.80 0.45973113185303244 3.2492395218920174E-002
0.50 1.60 5.20 0.45578861806975174 3.2679094544541362E-002
0.50 1.60 5.60 0.45294447211338118 3.2390163675610942E-002
0.50 1.60 6.00 0.44838866991470711 3.2631527843904939E-002
0.50 1.60 6.40 0.44428546494770504 3.2595900447189130E-002
0.50 1.60 6.80 0.44493091830019899 3.2871883861973566E-002
0.50 1.60 7.20 0.44045371794556332 3.2705100745341768E-002
0.50 1.60 7.60 0.44014141061823653 3.2769604800422888E-002
0.50 1.60 8.00 0.43383987850428329 3.2750683552988630E-002
0.50 1.60 8.40 0.43095251667813816 3.2925041328821063E-002
0.50 1.60 8.80 0.43841264795122104 3.2883208767069787E-002
0.50 1.60 9.20 0.42724997167376177 3.2845751608751660E-002
0.50 1.60 9.60 0.42768426642390855 3.2811539716294469E-002
0.50 1.60 10.00 0.42825380732744434 3.3165532906593312E-002
0.50 1.60 10.40 0.42485382955625328 3.3189480319348562E-002
0.50 1.60 10.80 0.42568565595535618 3.3107144094249294E-002
0.50 1.60 11.20 0.42405291838680625 3.3207761490300518E-002
0.50 1.60 11.60 0.41806253965553458 3.3103929871745610E-002
0.50 1.60 12.00 0.42002347384064931 3.3117920588344139E-002

0.50 1.80 0.00 0.33484137108322987 3.5911089344306708E-002
0.50 1.80 0.40 0.48936085153308906 3.1661115889520475E-002
0.50 1.80 0.80 0.49194674834520791 3.1661003046134409E-002
0.50 1.80 1.20 0.48612565790467349 3.1839784851925838E-002
0.50 1.80 1.60 0.48185058664487290 3.1528947279247009E-002
0.50 1.80 2.00 0.48163013267097449 3.2029441034165995E-002
0.50 1.80 2.40 0.47869056587730602 3.1892551359278369E-002
0.50 1.80 2.80 0.47706904628350666 3.1938909818861536E-002
0.50 1.80 3.20 0.46939298424534759 3.2032588255300899E-002
0.50 1.80 3.60 0.46835091213714553 3.2308698999891194E-002
0.50 1.80 4.00 0.46838405896752294 3.2424117121588866E-002
0.50 1.80 4.40 0.46293999099506522 3.2387007447434592E-002
0.50 1.80 4.80 0.45393147744927304 3.2422098588730991E-002
0.50 1.80 5.20 Binary file (standard input) matches
0.50 1.80 5.60 0.45287155349275132 3.2605528583670336E-002
0.50 1.80 6.00 0.44778369271449303 3.2642674037236363E-002
0.50 1.80 6.40 0.44536501800995537 3.2926007671855488E-002
0.50 1.80 6.80 0.44634044753321245 3.2619293092597333E-002
0.50 1.80 7.20 0.44214512317989857 3.2843019853101806E-002
0.50 1.80 7.60 0.43670559171478079 3.2742175392053416E-002
0.50 1.80 8.00 0.43749055425118460 3.2881156482800239E-002
0.50 1.80 8.40 0.43391598990417490 3.2953347500450647E-002
0.50 1.80 8.80 0.43626212173960105 3.2887898890390406E-002
0.50 1.80 9.20 0.43020761685217107 3.3138294247365585E-002
0.50 1.80 9.60 0.43247923609573835 3.3207063141406853E-002
0.50 1.80 10.00 0.42840698911871844 3.2931380064260420E-002
0.50 1.80 10.40 0.42919265316373856 3.3110762848792309E-002
0.50 1.80 10.80 0.42647121821048017 3.3060871846972019E-002
0.50 1.80 11.20 0.42554380327324848 3.3112756059558421E-002
0.50 1.80 11.60 0.42653077053661709 3.3124965396472111E-002
0.50 1.80 12.00 0.42623895189285488 3.3120024677857594E-002

0.50 2.00 0.00 0.27488560659006084 3.1875548605029128E-002
0.50 2.00 0.40 0.48362677784375113 3.1811800725607763E-002
0.50 2.00 0.80 0.49050400462019705 3.1797627133655380E-002
0.50 2.00 1.20 0.48259428470508892 3.1939800254586564E-002
0.50 2.00 1.60 0.47911510022234766 3.1930615116424373E-002
0.50 2.00 2.00 0.47937461922217828 3.1693829812060315E-002
0.50 2.00 2.40 0.47813887912140834 3.2047825606245549E-002
0.50 2.00 2.80 0.47066652506165846 3.2342394210732477E-002
0.50 2.00 3.20 0.46695473108265206 3.2057012632504323E-002
0.50 2.00 3.60 0.46827136542608228 3.2297954100029801E-002
0.50 2.00 4.00 0.46578078851880794 3.2223716016675528E-002
0.50 2.00 4.40 Binary file (standard input) matches
0.50 2.00 4.80 0.45897414503754919 3.2592942026041856E-002
0.50 2.00 5.20 0.45238262318990474 3.2227139305032043E-002
0.50 2.00 5.60 0.45658305656383813 3.2608827599880340E-002
0.50 2.00 6.00 0.44876783147330190 3.2646190967030350E-002
0.50 2.00 6.40 0.44744493603492569 3.2693574500195798E-002
0.50 2.00 6.80 0.44438012749685313 3.2692027259467030E-002
0.50 2.00 7.20 0.44381075036851625 3.2850705554517939E-002
0.50 2.00 7.60 0.44020529897595395 3.2525933730362923E-002
0.50 2.00 8.00 0.44489238864807784 3.2722756274076781E-002
0.50 2.00 8.40 0.44097036297364944 3.3166752055032264E-002
0.50 2.00 8.80 0.43673866881709600 3.3015522308629044E-002
0.50 2.00 9.20 0.43199788595777316 3.2951662465641039E-002
0.50 2.00 9.60 0.43285466700674896 3.2942210430693682E-002
0.50 2.00 10.00 0.43244896607118477 3.2876856455609234E-002
0.50 2.00 10.40 0.42862183277250177 3.3038727256577707E-002
0.50 2.00 10.80 0.43239060837356796 3.3031550687326702E-002
0.50 2.00 11.20 0.42849023202403547 3.2982116411629674E-002
0.50 2.00 11.60 0.42683960854852920 3.3247040835264419E-002
0.50 2.00 12.00 0.42690133573994055 3.3039173646548965E-002

0.50 2.20 0.00 0.28811088803997581 3.1967954348322038E-002
0.50 2.20 0.40 0.48359381609775898 3.1955471589918502E-002
0.50 2.20 0.80 0.47967058965012599 3.2193957293655810E-002
0.50 2.20 1.20 0.47621071179903229 3.2092716457656344E-002
0.50 2.20 1.60 0.47677626961998332 3.2053622077479568E-002
0.50 2.20 2.00 0.47549504358672812 3.2007789107473775E-002
0.50 2.20 2.40 0.47255394559465175 3.2374971550664038E-002
0.50 2.20 2.80 0.46845419695592244 3.2180684037112321E-002
0.50 2.20 3.20 0.46898810697395354 3.2354234080632954E-002
0.50 2.20 3.60 0.46612359274795984 3.2374286484191390E-002
0.50 2.20 4.00 0.46703270032107069 3.2269686429310475E-002
0.50 2.20 4.40 0.46490214632243598 3.2292543878988639E-002
0.50 2.20 4.80 0.45965476115259385 3.2559952771806899E-002
0.50 2.20 5.20 0.45787783723986647 3.2582514180790279E-002
0.50 2.20 5.60 0.45287396091630561 3.2583907501189238E-002
0.50 2.20 6.00 0.45119615813991770 3.2604264513637467E-002
0.50 2.20 6.40 0.44570110550094266 3.2796314070075612E-002
0.50 2.20 6.80 0.45072707170530446 3.2517547749819929E-002
0.50 2.20 7.20 0.44083606445218726 3.2355637851298781E-002
0.50 2.20 7.60 0.44099515181260190 3.2600022939938120E-002
0.50 2.20 8.00 0.43898730645013107 3.2843563714407525E-002
0.50 2.20 8.40 0.43860603100779028 3.2896165515724926E-002
0.50 2.20 8.80 0.43670083250900926 3.2916286796315739E-002
0.50 2.20 9.20 0.43607845263053369 3.2847146804647974E-002
0.50 2.20 9.60 0.43218175962598959 3.3050689634740407E-002
0.50 2.20 10.00 0.43320996396022060 3.2663720752268734E-002
0.50 2.20 10.40 0.43063346415626469 3.2972664556643425E-002
0.50 2.20 10.80 0.42888763701027183 3.2954827668518205E-002
0.50 2.20 11.20 0.43016680552949482 3.3164973073437645E-002
0.50 2.20 11.60 0.42972848859598833 3.3098560095053957E-002
0.50 2.20 12.00 0.42627762330654811 3.2902866239214269E-002

0.50 2.40 0.00 0.31419360656903006 3.5946068015676493E-002
0.50 2.40 0.40 0.47652369048485343 3.2387366274501644E-002
0.50 2.40 0.80 0.47269836844525714 3.2246555846283484E-002
0.50 2.40 1.20 0.46948249986981477 3.2283151603762626E-002
0.50 2.40 1.60 0.46945506798158021 3.2425166756807247E-002
0.50 2.40 2.00 0.46454943645589830 3.2027815970134280E-002
0.50 2.40 2.40 Binary file (standard input) matches
0.50 2.40 2.80 0.46372447851108489 3.2383891592716881E-002
0.50 2.40 3.20 0.46533569405281466 3.2159503138529708E-002
0.50 2.40 3.60 0.46412011808534698 3.2378591836402237E-002
0.50 2.40 4.00 0.46003876504701491 3.2364091404970999E-002
0.50 2.40 4.40 0.46055292766314615 3.2343431895589185E-002
0.50 2.40 4.80 0.45412872405523119 3.2276001332630498E-002
0.50 2.40 5.20 0.45744907771128129 3.2542377332909274E-002
0.50 2.40 5.60 0.45123289099679126 3.2582239151864756E-002
0.50 2.40 6.00 0.45000640513934964 3.2633666549215228E-002
0.50 2.40 6.40 0.44679619634745693 3.2746771353304359E-002
0.50 2.40 6.80 0.44353127369822543 3.2760260098930412E-002
0.50 2.40 7.20 0.44471315513899762 3.2641860647066492E-002
0.50 2.40 7.60 0.44306826036713193 3.2701983942270141E-002
0.50 2.40 8.00 0.44233115271109524 3.2929137796078978E-002
0.50 2.40 8.40 0.43819652495841827 3.2856930526289310E-002
0.50 2.40 8.80 0.43618083168894672 3.2781635610771492E-002
0.50 2.40 9.20 Binary file (standard input) matches
0.50 2.40 9.60 0.43089800118628474 3.2906481129100218E-002
0.50 2.40 10.00 0.43243583701139021 3.2932649948908321E-002
0.50 2.40 10.40 0.43450777983910527 3.3135780623129586E-002
0.50 2.40 10.80 0.43202863661974888 3.3019205119580293E-002
0.50 2.40 11.20 0.43072310707831918 3.3054265796334678E-002
0.50 2.40 11.60 0.42680578292259891 3.3191925434386607E-002
0.50 2.40 12.00 0.42627205927302592 3.3081642682825249E-002

0.50 2.60 0.00 0.28263221028096175 3.6201204343792634E-002
0.50 2.60 0.40 0.47451533806917856 3.2279286123273736E-002
0.50 2.60 0.80 0.46429703336776462 3.2361728231852113E-002
0.50 2.60 1.20 0.46549528689027159 3.2487657909679370E-002
0.50 2.60 1.60 0.46057687257699015 3.2321411924525756E-002
0.50 2.60 2.00 0.46186104995904059 3.2416530161496149E-002
0.50 2.60 2.40 0.46141171626097199 3.2423081166541579E-002
0.50 2.60 2.80 0.46037173671676596 3.2449355237864873E-002
0.50 2.60 3.20 0.46104734953311305 3.2447960820646236E-002
0.50 2.60 3.60 0.45909706700059960 3.2537462912030954E-002
0.50 2.60 4.00 0.45764124231566317 3.2320784133085888E-002
0.50 2.60 4.40 0.45429217652135545 3.2530421281470205E-002
0.50 2.60 4.80 0.45342305597607557 3.2551754024981339E-002
0.50 2.60 5.20 0.45020498696870226 3.2499124501388400E-002
0.50 2.60 5.60 0.45095784152301643 3.2465399743001534E-002
0.50 2.60 6.00 0.44180562713829052 3.2696327177636236E-002
0.50 2.60 6.40 0.44707437692212382 3.2810223680187565E-002
0.50 2.60 6.80 0.44554180067398408 3.2656789466110905E-002
0.50 2.60 7.20 0.44320202956449439 3.2728872395822305E-002
0.50 2.60 7.60 0.44340987534132681 3.2915581367592463E-002
0.50 2.60 8.00 0.43830403935431506 3.2780144251314980E-002
0.50 2.60 8.40 0.43597375183068177 3.3099357376435053E-002
0.50 2.60 8.80 0.43678968239509042 3.2945821909890448E-002
0.50 2.60 9.20 0.43518677194678651 3.2604052994165293E-002
0.50 2.60 9.60 0.43262435044393344 3.3091304265734339E-002
0.50 2.60 10.00 0.43429425623850637 3.2853408023229225E-002
0.50 2.60 10.40 0.42926987956956192 3.3107297858419413E-002
0.50 2.60 10.80 0.43212305709753995 3.3209094047241566E-002
0.50 2.60 11.20 0.42970014030182069 3.3190404856431134E-002
0.50 2.60 11.60 0.43331740513122013 3.3249717240079350E-002
0.50 2.60 12.00 0.43022866135300769 3.3164041167712148E-002

0.50 2.80 0.00 0.20329371713934430 2.8823619155292850E-002
0.50 2.80 0.40 0.45133210936481605 3.2345055728669435E-002
0.50 2.80 0.80 0.46047930029302364 3.2526158316092069E-002
0.50 2.80 1.20 0.46232870965077960 3.2274113640478053E-002
0.50 2.80 1.60 0.45879218279918466 3.2540727375175625E-002
0.50 2.80 2.00 0.45630218616923307 3.2314274645724277E-002
0.50 2.80 2.40 0.45887463763895225 3.2244988685852884E-002
0.50 2.80 2.80 0.45696271382062870 3.2647168295290858E-002
0.50 2.80 3.20 0.45614637971861283 3.2509593729223830E-002
0.50 2.80 3.60 0.45467520580806442 3.2589174653456350E-002
0.50 2.80 4.00 0.45604626511248753 3.2501186730582970E-002
0.50 2.80 4.40 0.45520261475665691 3.2683815096996777E-002
0.50 2.80 4.80 0.44778366093850924 3.2671403190080862E-002
0.50 2.80 5.20 0.44797387044610976 3.2815635782309123E-002
0.50 2.80 5.60 0.44590012234149856 3.2449440647884471E-002
0.50 2.80 6.00 0.44234524084489990 3.2645840290442728E-002
0.50 2.80 6.40 0.44178240351149506 3.2789867583917297E-002
0.50 2.80 6.80 0.44149864654460941 3.2677844342699158E-002
0.50 2.80 7.20 0.43750144856445344 3.2637588176780266E-002
0.50 2.80 7.60 0.43695013989077092 3.2854031620663318E-002
0.50 2.80 8.00 0.43429866689574465 3.2798021593845948E-002
0.50 2.80 8.40 0.44016568433142800 3.2991275381294038E-002
0.50 2.80 8.80 0.43073371560467127 3.3033292105937286E-002
0.50 2.80 9.20 0.43057856584826182 3.3128572666800679E-002
0.50 2.80 9.60 0.43524538084966097 3.3119265933564797E-002
0.50 2.80 10.00 0.43080679195219124 3.3116012259224677E-002
0.50 2.80 10.40 0.42697075775034221 3.3109973744824613E-002
0.50 2.80 10.80 0.43241045298091241 3.3248777435022456E-002
0.50 2.80 11.20 0.42503291385308462 3.3258243930183479E-002
0.50 2.80 11.60 Binary file (standard input) matches
0.50 2.80 12.00 0.42545611250749404 3.3127342201452657E-002

0.50 3.00 0.00 0.24461225053887015 3.5962842439530462E-002
0.50 3.00 0.40 0.45391051965074247 3.2740599903888536E-002
0.50 3.00 0.80 0.45978302899447226 3.2533941873869175E-002
0.50 3.00 1.20 0.46125253835908370 3.2386099436719086E-002
0.50 3.00 1.60 0.45843717788103044 3.2528284429878380E-002
0.50 3.00 2.00 0.45805939118458355 3.2532521531202008E-002
0.50 3.00 2.40 0.45305079296387091 3.2639665330040313E-002
0.50 3.00 2.80 0.45408774973227650 3.2567010650730865E-002
0.50 3.00 3.20 0.45216729851191018 3.2661213948212371E-002
0.50 3.00 3.60 0.44913887303674283 3.2609024617166749E-002
0.50 3.00 4.00 0.44913656969428734 3.2772436599374136E-002
0.50 3.00 4.40 0.45058892473524148 3.2796014137534489E-002
0.50 3.00 4.80 0.44589986646221752 3.2854391621073023E-002
0.50 3.00 5.20 0.44472862376224381 3.2638252987781897E-002
0.50 3.00 5.60 0.45004254207571803 3.2797485390625873E-002
0.50 3.00 6.00 0.44639945370865286 3.2762386177062154E-002
0.50 3.00 6.40 0.44273662668968050 3.3018467321361794E-002
0.50 3.00 6.80 0.44241905196010256 3.2743071931828321E-002
0.50 3.00 7.20 0.43776001178747520 3.3001315547636030E-002
0.50 3.00 7.60 0.43773964468691179 3.3026888532110721E-002
0.50 3.00 8.00 0.43553501813387918 3.2850972091563214E-002
0.50 3.00 8.40 0.43726707093046624 3.2896634381956294E-002
0.50 3.00 8.80 0.43305753955453408 3.2874866990565216E-002
0.50 3.00 9.20 0.42758871257071174 3.3046289406625733E-002
0.50 3.00 9.60 0.43398819294535407 3.3132878255661954E-002
0.50 3.00 10.00 0.42885027611938931 3.3303715213170930E-002
0.50 3.00 10.40 0.42579398025736281 3.2919021574646753E-002
0.50 3.00 10.80 0.42631066091935332 3.3188207852892782E-002
0.50 3.00 11.20 0.42474414679069722 3.3142222871631967E-002
0.50 3.00 11.60 0.42345450898086606 3.3151084316443202E-002
0.50 3.00 12.00 0.42638853897187090 3.3276524460555602E-002

0.50 3.20 0.00 Binary file (standard input) matches
0.50 3.20 0.40 0.44034272240883449 3.2877513425650449E-002
0.50 3.20 0.80 0.45162362807146944 3.2561633433193578E-002
0.50 3.20 1.20 0.45448881865836610 3.2534812699152510E-002
0.50 3.20 1.60 0.45768645468366981 3.2648340779851730E-002
0.50 3.20 2.00 0.45291516015352806 3.2506393087223577E-002
0.50 3.20 2.40 0.45222567075935355 3.2570877190089789E-002
0.50 3.20 2.80 0.44991151725157802 3.2583989996688711E-002
0.50 3.20 3.20 0.45103520394783747 3.2680373633357553E-002
0.50 3.20 3.60 0.44689352932104132 3.2458339969767748E-002
0.50 3.20 4.00 0.45139892708091206 3.2771843583571270E-002
0.50 3.20 4.40 0.45171446642333929 3.3051357317998548E-002
0.50 3.20 4.80 0.44404948233555019 3.2867940460866794E-002
0.50 3.20 5.20 0.44627539533750704 3.2549038979651806E-002
0.50 3.20 5.60 0.44347038307946179 3.2901877198932943E-002
0.50 3.20 6.00 0.44172332517175378 3.2819329449884756E-002
0.50 3.20 6.40 0.43858298928852235 3.2751393298602362E-002
0.50 3.20 6.80 0.44439204818003442 3.3017395486261883E-002
0.50 3.20 7.20 0.43957574945511146 3.2957852224064048E-002
0.50 3.20 7.60 0.43334864505940140 3.2828427041561803E-002
0.50 3.20 8.00 0.43756153115206731 3.3070013227183059E-002
0.50 3.20 8.40 0.43249136429894025 3.2887582842598406E-002
0.50 3.20 8.80 0.42828048924074880 3.2876959318870969E-002
0.50 3.20 9.20 0.43018630240243844 3.3014609253404305E-002
0.50 3.20 9.60 0.43003753146837009 3.3188051052201351E-002
0.50 3.20 10.00 0.42746244867264033 3.3110193779181812E-002
0.50 3.20 10.40 0.43011882053357348 3.3174329451235614E-002
0.50 3.20 10.80 0.42810322282031860 3.3297009314509303E-002
0.50 3.20 11.20 0.42532582370336164 3.3243052420569845E-002
0.50 3.20 11.60 0.42565684825217820 3.3124290946084219E-002
0.50 3.20 12.00 0.42652257613768629 3.3354614278988080E-002

0.50 3.40 0.00 0.23014790385949868 3.4345766821281841E-002
0.50 3.40 0.40 0.43941472305529111 3.2404828855016665E-002
0.50 3.40 0.80 0.45281529746062077 3.2475692115263702E-002
0.50 3.40 1.20 0.45320141512003687 3.2747854142339973E-002
0.50 3.40 1.60 0.45293687327254417 3.2581746360073494E-002
0.50 3.40 2.00 0.45042404861951157 3.2603289518555081E-002
0.50 3.40 2.40 0.45324632508532270 3.2710315604423175E-002
0.50 3.40 2.80 0.44916573182785263 3.2627995043615146E-002
0.50 3.40 3.20 Binary file (standard input) matches
0.50 3.40 3.60 0.44602735153206668 3.2556724495529279E-002
0.50 3.40 4.00 0.44475190025230182 3.2673709504703524E-002
0.50 3.40 4.40 0.44554829490834713 3.2890318782185110E-002
0.50 3.40 4.80 0.44306448199619614 3.2799329335799550E-002
0.50 3.40 5.20 0.43969858285175112 3.2650546791683194E-002
0.50 3.40 5.60 0.44085772784257038 3.2926372980085217E-002
0.50 3.40 6.00 0.44193744034407356 3.2588419726910199E-002
0.50 3.40 6.40 0.44235020456700846 3.2935477783985069E-002
0.50 3.40 6.80 0.43931169412970245 3.3044433389095074E-002
0.50 3.40 7.20 0.43989959054531214 3.2907490032834150E-002
0.50 3.40 7.60 0.43411298851749225 3.3056922097164390E-002
0.50 3.40 8.00 0.43338745431005832 3.2956724659537973E-002
0.50 3.40 8.40 0.43352264479588609 3.2947567946421806E-002
0.50 3.40 8.80 0.43003856579058281 3.2914383505258105E-002
0.50 3.40 9.20 0.43084050242976257 3.2964530648696033E-002
0.50 3.40 9.60 0.43252529305436560 3.3277729570172949E-002
0.50 3.40 10.00 0.42759681002871758 3.3027277232944123E-002
0.50 3.40 10.40 0.42630703870917686 3.3197371858183632E-002
0.50 3.40 10.80 0.42789250776356924 3.3303400645337086E-002
0.50 3.40 11.20 0.42541578241625216 3.3247257183829454E-002
0.50 3.40 11.60 0.42413937447276329 3.3148281359505705E-002
0.50 3.40 12.00 0.42328479995870705 3.3192501971466212E-002

0.50 3.60 0.00 0.21318880077391938 3.0971553129950848E-002
0.50 3.60 0.40 0.45440517514111239 3.2679159145037051E-002
0.50 3.60 0.80 0.45156298508202369 3.2552621084663398E-002
0.50 3.60 1.20 0.44813302950752643 3.2540805588191737E-002
0.50 3.60 1.60 0.44454592946777749 3.2799888624370041E-002
0.50 3.60 2.00 0.44585929920921102 3.2442061867629997E-002
0.50 3.60 2.40 0.44761818509689155 3.2481951834683200E-002
0.50 3.60 2.80 0.44693445513852248 3.2679756386780431E-002
0.50 3.60 3.20 0.44739239761763577 3.2867132881075137E-002
0.50 3.60 3.60 0.44490607320819359 3.2544235535049343E-002
0.50 3.60 4.00 0.44477203292552564 3.2574024629260095E-002
0.50 3.60 4.40 0.43865729379874419 3.2537408316362558E-002
0.50 3.60 4.80 0.44393452880688955 3.2585263646812378E-002
0.50 3.60 5.20 0.44322060443589412 3.2827584358233831E-002
0.50 3.60 5.60 0.44501718191732920 3.2956532233487247E-002
0.50 3.60 6.00 0.44104277786746965 3.2904560021816610E-002
0.50 3.60 6.40 0.43371728139372634 3.2666584061775063E-002
0.50 3.60 6.80 0.43730472811112842 3.3087939491034120E-002
0.50 3.60 7.20 0.43789741166990359 3.2856564608769637E-002
0.50 3.60 7.60 0.43724159704761789 3.2863229174297542E-002
0.50 3.60 8.00 0.43271822838360546 3.2965550059338183E-002
0.50 3.60 8.40 0.43313711149178485 3.2770433504071848E-002
0.50 3.60 8.80 0.43094432993863541 3.2965462568901316E-002
0.50 3.60 9.20 0.43172583644418677 3.2888750857894028E-002
0.50 3.60 9.60 0.42685623748503126 3.3117684868474585E-002
0.50 3.60 10.00 0.42461543410473446 3.2875568114830681E-002
0.50 3.60 10.40 Binary file (standard input) matches
0.50 3.60 10.80 0.42806884659341671 3.3158250671124871E-002
0.50 3.60 11.20 0.42328948819173284 3.3147541693129584E-002
0.50 3.60 11.60 0.42587798049828984 3.3148108481096589E-002
0.50 3.60 12.00 0.42465826330472944 3.3050509179117150E-002

0.50 3.80 0.00 0.18514788263684784 3.0333726020200451E-002
0.50 3.80 0.40 0.44611830900842769 3.2744471547196848E-002
0.50 3.80 0.80 0.44757527862517366 3.2542412414050113E-002
0.50 3.80 1.20 0.44594640900246840 3.2780475990458968E-002
0.50 3.80 1.60 0.44585220538096182 3.2586909223547421E-002
0.50 3.80 2.00 0.44601488383054705 3.2706194413989087E-002
0.50 3.80 2.40 0.44609819158436492 3.2862283345501030E-002
0.50 3.80 2.80 0.44446705562682298 3.2845903330226876E-002
0.50 3.80 3.20 0.44635294660484648 3.2462342672862701E-002
0.50 3.80 3.60 0.44302495582326407 3.2543306041736289E-002
0.50 3.80 4.00 0.44073034550438928 3.2880987208192256E-002
0.50 3.80 4.40 0.44176739665088693 3.2636076960878189E-002
0.50 3.80 4.80 0.44207882961840850 3.2991309921722833E-002
0.50 3.80 5.20 0.44231454512547580 3.2873681600592196E-002
0.50 3.80 5.60 0.44556132258485254 3.3167344752366518E-002
0.50 3.80 6.00 0.43999257670596903 3.2794874882272639E-002
0.50 3.80 6.40 0.43693186613569168 3.2646564582310300E-002
0.50 3.80 6.80 0.43655313090824832 3.2943199543623389E-002
0.50 3.80 7.20 0.43769995934981171 3.2847743860403254E-002
0.50 3.80 7.60 0.43429785833641088 3.2650898569611182E-002
0.50 3.80 8.00 0.43787184871113582 3.3035549891616979E-002
0.50 3.80 8.40 0.43574212370798843 3.3089246881182810E-002
0.50 3.80 8.80 0.43221001381791940 3.2876111939038097E-002
0.50 3.80 9.20 0.42597480276753918 3.2942822087444659E-002
0.50 3.80 9.60 0.43376442403353177 3.3256062350071787E-002
0.50 3.80 10.00 0.42946013011096029 3.3219567621143892E-002
0.50 3.80 10.40 0.43143420817127237 3.3168875255126698E-002
0.50 3.80 10.80 0.43020847823494418 3.3144812877323029E-002
0.50 3.80 11.20 0.43078782685303513 3.3037085960912975E-002
0.50 3.80 11.60 0.42666266914032275 3.3103854838282806E-002
0.50 3.80 12.00 0.42315906186567426 3.3331752392011478E-002

0.50 4.00 0.00 0.24730720907865020 3.4153089438348792E-002
0.50 4.00 0.40 0.44959662849156379 3.2621791367723828E-002
0.50 4.00 0.80 Binary file (standard input) matches
0.50 4.00 1.20 0.45038203865183801 3.3056683459849058E-002
0.50 4.00 1.60 0.44650055827978685 3.2788360054638310E-002
0.50 4.00 2.00 0.44382558168251213 3.2782840441123666E-002
0.50 4.00 2.40 0.44305140170757451 3.2716272554112462E-002
0.50 4.00 2.80 0.44278201968726955 3.2784308848338425E-002
0.50 4.00 3.20 0.44274849213475420 3.2972008598871561E-002
0.50 4.00 3.60 0.44136646751853953 3.2945672621456118E-002
0.50 4.00 4.00 0.44300701959947314 3.2591523365981104E-002
0.50 4.00 4.40 0.44187172341096270 3.3011076820256655E-002
0.50 4.00 4.80 0.44054375413516034 3.2808717854998705E-002
0.50 4.00 5.20 0.44029790970170923 3.2724142824832499E-002
0.50 4.00 5.60 0.43709991689126404 3.2731312335677394E-002
0.50 4.00 6.00 0.43590377069854158 3.2641069291228925E-002
0.50 4.00 6.40 0.44039182680876554 3.3014742699320754E-002
0.50 4.00 6.80 0.43708642628589728 3.3057534290973301E-002
0.50 4.00 7.20 0.43685851054351732 3.2852776456609480E-002
0.50 4.00 7.60 0.43074157012249048 3.3036575353348467E-002
0.50 4.00 8.00 0.43132414731592350 3.3187337562619795E-002
0.50 4.00 8.40 0.43346871352410188 3.3189230145334404E-002
0.50 4.00 8.80 0.43081068739754214 3.2985567834693856E-002
0.50 4.00 9.20 0.43313373400488475 3.3008115468642088E-002
0.50 4.00 9.60 0.43119597587893532 3.3119047797143711E-002
0.50 4.00 10.00 0.42673925086998432 3.3030091900963038E-002
0.50 4.00 10.40 0.42425813224324715 3.3011992761673763E-002
0.50 4.00 10.80 0.42800045198039982 3.3124354675313529E-002
0.50 4.00 11.20 Binary file (standard input) matches
0.50 4.00 11.60 0.42689666338850429 3.3175289188944863E-002
0.50 4.00 12.00 0.42837658215808261 3.3030892084386615E-002

0.50 4.20 0.00 0.16321073478934528 2.6399533591757660E-002
0.50 4.20 0.40 0.44549154243815126 3.2699346706510216E-002
0.50 4.20 0.80 0.44393131963809529 3.2812318900069443E-002
0.50 4.20 1.20 0.44358016603035866 3.2770808302289636E-002
0.50 4.20 1.60 0.44513425264882478 3.2860396615547273E-002
0.50 4.20 2.00 0.44296831811328452 3.2706059723043315E-002
0.50 4.20 2.40 0.44272886372556297 3.2791829383625584E-002
0.50 4.20 2.80 0.43858941513848926 3.2633343154148342E-002
0.50 4.20 3.20 0.44012249017349936 3.3028948207462445E-002
0.50 4.20 3.60 0.44062274787609229 3.2854393443120362E-002
0.50 4.20 4.00 0.43598724345389545 3.3028339113405081E-002
0.50 4.20 4.40 0.44176246459422386 3.3018211806138169E-002
0.50 4.20 4.80 0.43945926126557844 3.2907643088829930E-002
0.50 4.20 5.20 0.43840648956866407 3.2785644206561562E-002
0.50 4.20 5.60 0.43801378205421126 3.2959641813073974E-002
0.50 4.20 6.00 0.43625684704681877 3.3040784153467548E-002
0.50 4.20 6.40 0.42847535205422194 3.2939553528172703E-002
0.50 4.20 6.80 0.43832646393047153 3.3129507001164758E-002
0.50 4.20 7.20 0.43453244919129547 3.2943110852286378E-002
0.50 4.20 7.60 0.43020321828111124 3.3038231285181276E-002
0.50 4.20 8.00 0.42600246846550671 3.2853044264279277E-002
0.50 4.20 8.40 Binary file (standard input) matches
0.50 4.20 8.80 0.43078573051526037 3.3064935835035454E-002
0.50 4.20 9.20 0.42829694158442183 3.3064525688686099E-002
0.50 4.20 9.60 0.42734058209482245 3.3326400317958756E-002
0.50 4.20 10.00 0.42343883002586813 3.3102014037316899E-002
0.50 4.20 10.40 0.42393606234062708 3.2997495441554010E-002
0.50 4.20 10.80 0.42735186852621521 3.3322239929899751E-002
0.50 4.20 11.20 0.42759670231817432 3.3286616881734364E-002
0.50 4.20 11.60 0.42327017745591106 3.3168034779114168E-002
0.50 4.20 12.00 0.42490491609782605 3.3464770727183200E-002

0.50 4.40 0.00 0.23818326683258303 3.7520470617590812E-002
0.50 4.40 0.40 0.43812503590059837 3.2710581039028686E-002
0.50 4.40 0.80 0.43892304606214766 3.2704815228531081E-002
0.50 4.40 1.20 0.44307852424761951 3.2637269589775045E-002
0.50 4.40 1.60 0.44687145573355103 3.2770087071051605E-002
0.50 4.40 2.00 0.43929949824165870 3.2723733716911549E-002
0.50 4.40 2.40 0.44009980764920387 3.2683204184127471E-002
0.50 4.40 2.80 0.43845413105242315 3.2875102918345146E-002
0.50 4.40 3.20 0.43967442190345157 3.2804428393244982E-002
0.50 4.40 3.60 0.44041170575394373 3.2915499403798669E-002
0.50 4.40 4.00 0.43626206491694325 3.2802571736056337E-002
0.50 4.40 4.40 0.43665864121457537 3.2936863758501543E-002
0.50 4.40 4.80 0.43571608183544408 3.3105508802652388E-002
0.50 4.40 5.20 0.43441467571514314 3.3119816788326387E-002
0.50 4.40 5.60 0.43036658898051938 3.2834276488146338E-002
0.50 4.40 6.00 0.43380771483046116 3.3045210626100961E-002
0.50 4.40 6.40 0.43049816212794029 3.3015400761757303E-002
0.50 4.40 6.80 0.43564312423394796 3.3017690096525297E-002
0.50 4.40 7.20 Binary file (standard input) matches
0.50 4.40 7.60 0.43321458304314941 3.3029410198014468E-002
0.50 4.40 8.00 0.43426334049057108 3.3047951934622642E-002
0.50 4.40 8.40 0.43253972593554463 3.3211347890189806E-002
0.50 4.40 8.80 0.42847372092586244 3.2846257804151867E-002
0.50 4.40 9.20 0.43193786051720817 3.3041027623278291E-002
0.50 4.40 9.60 0.42734421975251069 3.3115640094886822E-002
0.50 4.40 10.00 0.42491977281535143 3.2839129767617020E-002
0.50 4.40 10.40 0.42030191243655352 3.2931774852070619E-002
0.50 4.40 10.80 0.42838660243993287 3.3166661812289312E-002
0.50 4.40 11.20 0.42464778379535162 3.3365953600834115E-002
0.50 4.40 11.60 0.42356178870363570 3.3104904700101544E-002
0.50 4.40 12.00 0.42101821798173578 3.3170907361214655E-002

0.50 4.60 0.00 0.13060327065014882 2.9512950959407206E-002
0.50 4.60 0.40 0.40532338821487335 3.3493598162136914E-002
0.50 4.60 0.80 0.42103078861486232 3.2973400178047965E-002
0.50 4.60 1.20 0.43671723356858089 3.2775303685610289E-002
0.50 4.60 1.60 0.43799007958018610 3.2795381609461098E-002
0.50 4.60 2.00 0.44398568938577138 3.2917544512223548E-002
0.50 4.60 2.40 0.43597525047840957 3.2951853315835139E-002
0.50 4.60 2.80 0.44469545935860272 3.2853510067397639E-002
0.50 4.60 3.20 0.44124128313446692 3.3058519887483283E-002
0.50 4.60 3.60 0.43734124761946330 3.2843808971574108E-002
0.50 4.60 4.00 0.43853884730752429 3.3013361942183926E-002
0.50 4.60 4.40 0.43761678203256676 3.2923782054779756E-002
0.50 4.60 4.80 Binary file (standard input) matches
0.50 4.60 5.20 0.43593486589788399 3.2842163658578644E-002
0.50 4.60 5.60 0.43909648693849357 3.2963560913078831E-002
0.50 4.60 6.00 0.43360527754888356 3.3042288154517541E-002
0.50 4.60 6.40 0.43317125649209648 3.2853650526084605E-002
0.50 4.60 6.80 0.43107623698089775 3.2937908098373506E-002
0.50 4.60 7.20 0.43307341123520604 3.2940324985974830E-002
0.50 4.60 7.60 0.43751222162558312 3.3013867436217877E-002
0.50 4.60 8.00 0.43310960796251258 3.3477225768660281E-002
0.50 4.60 8.40 0.42837953246170002 3.3081558692097050E-002
0.50 4.60 8.80 0.42782893379039894 3.2970058507776359E-002
0.50 4.60 9.20 0.42818209892017889 3.3082411795249005E-002
0.50 4.60 9.60 0.42986917397349939 3.3320664121736072E-002
0.50 4.60 10.00 0.42802803065578593 3.3067171686269020E-002
0.50 4.60 10.40 0.42572418710908427 3.3307539071800944E-002
0.50 4.60 10.80 0.42634846016306616 3.3061971009972151E-002
0.50 4.60 11.20 0.42470759920679813 3.3316613194669810E-002
0.50 4.60 11.60 0.42691718338924173 3.3045742785297906E-002
0.50 4.60 12.00 0.42645493852145400 3.3081488284662681E-002

0.50 4.80 0.00 0.18684147833742959 3.0890814459747586E-002
0.50 4.80 0.40 0.43296362643378689 3.3061284365980145E-002
0.50 4.80 0.80 0.44180450079402933 3.3050235713302969E-002
0.50 4.80 1.20 0.43680884411093357 3.2822673128088085E-002
0.50 4.80 1.60 0.44329722697148777 3.2989701341551485E-002
0.50 4.80 2.00 Binary file (standard input) matches
0.50 4.80 2.40 0.43483897213840877 3.2783560392597937E-002
0.50 4.80 2.80 0.43525533475981604 3.2971523876948891E-002
0.50 4.80 3.20 0.43503715139455379 3.2750505942488871E-002
0.50 4.80 3.60 0.43675101740211025 3.2985276630021862E-002
0.50 4.80 4.00 0.43666723902915833 3.3075324899462896E-002
0.50 4.80 4.40 0.43060813399713238 3.2854376027221292E-002
0.50 4.80 4.80 0.42891866815086255 3.3059106598857135E-002
0.50 4.80 5.20 0.43428458530442626 3.3108522488876725E-002
0.50 4.80 5.60 0.43079425770379193 3.3038215716959467E-002
0.50 4.80 6.00 0.43076850681771195 3.2987426411856445E-002
0.50 4.80 6.40 0.42821204309369182 3.3021479481786679E-002
0.50 4.80 6.80 0.43241347852010509 3.3063381884648746E-002
0.50 4.80 7.20 0.42862591082968821 3.2852441070281929E-002
0.50 4.80 7.60 0.43053303661034048 3.3193920768926542E-002
0.50 4.80 8.00 0.42675208802048498 3.2908699884375871E-002
0.50 4.80 8.40 0.43076483126554710 3.3011436671991939E-002
0.50 4.80 8.80 0.43056893963074649 3.3199034783096798E-002
0.50 4.80 9.20 0.43077683166538722 3.3169403715471300E-002
0.50 4.80 9.60 0.42683555025433223 3.3140533102163250E-002
0.50 4.80 10.00 0.42381498245649596 3.3124390889275268E-002
0.50 4.80 10.40 0.42372384160992815 3.3292928921811155E-002
0.50 4.80 10.80 0.42637534032907942 3.3126850273917520E-002
0.50 4.80 11.20 0.42698625736872986 3.3316156057556660E-002
0.50 4.80 11.60 0.42339300512428590 3.3194971528121488E-002
0.50 4.80 12.00 0.42364784775160286 3.3261854582514232E-002

0.50 5.00 0.00 0.21845082129544022 3.3362609412989637E-002
0.50 5.00 0.40 0.44121067760023636 3.2966008432651440E-002
0.50 5.00 0.80 0.43988539421748324 3.2869284425011608E-002
0.50 5.00 1.20 Binary file (standard input) matches
0.50 5.00 1.60 0.43588577517909782 3.2845624829459068E-002
0.50 5.00 2.00 0.43594402172848384 3.2674995178480971E-002
0.50 5.00 2.40 0.43609151361340787 3.2837921165249764E-002
0.50 5.00 2.80 0.43566391156979761 3.2702500579334229E-002
0.50 5.00 3.20 0.43640562319511095 3.3080910015664398E-002
0.50 5.00 3.60 0.43447326034145234 3.3001252866846922E-002
0.50 5.00 4.00 0.42939392814560434 3.2921781273854450E-002
0.50 5.00 4.40 0.42970987880408690 3.3215265689424511E-002
0.50 5.00 4.80 0.42418109964740375 3.2957585661413623E-002
0.50 5.00 5.20 0.43516803646607433 3.3088406189261864E-002
0.50 5.00 5.60 0.42952043517793959 3.3094794215364737E-002
0.50 5.00 6.00 0.42727034764467059 3.2933032144983956E-002
0.50 5.00 6.40 0.43302722602645211 3.3092977062763124E-002
0.50 5.00 6.80 0.42787498906042509 3.3079646407750289E-002
0.50 5.00 7.20 0.42697013380698989 3.3042553269554319E-002
0.50 5.00 7.60 0.42319615172805036 3.3151350371998983E-002
0.50 5.00 8.00 0.42966839112450755 3.3033472936318607E-002
0.50 5.00 8.40 0.42721607771392289 3.3046433035359583E-002
0.50 5.00 8.80 0.42643183493811981 3.3122483787846567E-002
0.50 5.00 9.20 0.42571994129185253 3.3048575228440541E-002
0.50 5.00 9.60 0.42623685165588465 3.3190372351130315E-002
0.50 5.00 10.00 0.42348834008318786 3.2965059663690004E-002
0.50 5.00 10.40 0.42389897644446356 3.3280563836551147E-002
0.50 5.00 10.80 0.42149873659210579 3.3049767913974362E-002
0.50 5.00 11.20 0.42152232868149725 3.3326734766646611E-002
0.50 5.00 11.60 0.42336750970621040 3.3114847373991375E-002
0.50 5.00 12.00 0.42158139215480411 3.3314169445858972E-002

0.50 5.20 0.00 0.16709343083888778 2.8207709036908883E-002
0.50 5.20 0.40 0.44120931893423576 3.2797545637239724E-002
0.50 5.20 0.80 0.43571036121950318 3.2836296585519703E-002
0.50 5.20 1.20 0.43663991251303591 3.2802344615194975E-002
0.50 5.20 1.60 0.43765829901514319 3.2850611350506653E-002
0.50 5.20 2.00 0.43630587241659108 3.2981580777124903E-002
0.50 5.20 2.40 0.43271196434406178 3.2993064439257189E-002
0.50 5.20 2.80 Binary file (standard input) matches
0.50 5.20 3.20 0.42707561426176044 3.3028632494826932E-002
0.50 5.20 3.60 0.42990713559818411 3.2872055025329666E-002
0.50 5.20 4.00 0.43204793108569495 3.2991308937294551E-002
0.50 5.20 4.40 0.43343986622588843 3.3194759669228156E-002
0.50 5.20 4.80 0.42669608628906230 3.2710837410295741E-002
0.50 5.20 5.20 0.43196332702961487 3.3327048207422487E-002
0.50 5.20 5.60 0.42639332477833697 3.2938292281548431E-002
0.50 5.20 6.00 0.43128630637744669 3.3192758508187918E-002
0.50 5.20 6.40 0.42838826876304142 3.3017635844097691E-002
0.50 5.20 6.80 0.42908428040880764 3.3125415151553317E-002
0.50 5.20 7.20 0.42894989099127551 3.3111159524079552E-002
0.50 5.20 7.60 0.42329040119925454 3.2949599601277732E-002
0.50 5.20 8.00 0.42379754958860361 3.3163784438429635E-002
0.50 5.20 8.40 0.42582332976131382 3.2940015939967406E-002
0.50 5.20 8.80 0.42753509685681401 3.3078419833726169E-002
0.50 5.20 9.20 0.42569936563041660 3.3125280176219754E-002
0.50 5.20 9.60 0.42559989769922291 3.3050596563752137E-002
0.50 5.20 10.00 0.42642783832229297 3.2945647859429758E-002
0.50 5.20 10.40 0.42717143067103669 3.3244352493044103E-002
0.50 5.20 10.80 0.42823581818933365 3.3219042416639866E-002
0.50 5.20 11.20 0.41965614636476606 3.3139328204815154E-002
0.50 5.20 11.60 0.42084815374909085 3.3158466455482052E-002
0.50 5.20 12.00 0.42191760400170447 3.3407664723187520E-002

0.50 5.40 0.00 Binary file (standard input) matches
0.50 5.40 0.40 0.41908661002937259 3.3142961166894983E-002
0.50 5.40 0.80 0.41773443734626126 3.3033385334248211E-002
0.50 5.40 1.20 0.41899314257711423 3.3034639803066430E-002
0.50 5.40 1.60 0.42351342938333048 3.3188789378757771E-002
0.50 5.40 2.00 0.43013944778751617 3.3147846793390612E-002
0.50 5.40 2.40 0.43110184761776021 3.2743633330952732E-002
0.50 5.40 2.80 0.42824264207946128 3.2906398488641721E-002
0.50 5.40 3.20 0.43791838855043047 3.3172347077065303E-002
0.50 5.40 3.60 0.43136863611717924 3.2909874871583596E-002
0.50 5.40 4.00 0.43651051683338327 3.2996417580691974E-002
0.50 5.40 4.40 0.43136114880344423 3.2920679854916882E-002
0.50 5.40 4.80 0.43161330817244076 3.3018667641498876E-002
0.50 5.40 5.20 0.42683513230479708 3.2949803128713651E-002
0.50 5.40 5.60 0.42927620200699729 3.3086768521929641E-002
0.50 5.40 6.00 0.43562497351451057 3.3095248227130961E-002
0.50 5.40 6.40 0.43174016000764348 3.3104465815588090E-002
0.50 5.40 6.80 0.43060654442815638 3.3069835051851348E-002
0.50 5.40 7.20 0.43065754549028751 3.3074776191100157E-002
0.50 5.40 7.60 0.43024573256109910 3.3226401486409561E-002
0.50 5.40 8.00 0.42659475195027480 3.2974008726978671E-002
0.50 5.40 8.40 0.42714117121265477 3.3094237640455305E-002
0.50 5.40 8.80 0.42416860619525626 3.3207246884403428E-002
0.50 5.40 9.20 0.42486516402903829 3.3179712201406218E-002
0.50 5.40 9.60 0.42167180011143185 3.3354412869790261E-002
0.50 5.40 10.00 0.42474613621160184 3.3252454798528085E-002
0.50 5.40 10.40 0.42780912008107047 3.3164143310763845E-002
0.50 5.40 10.80 Binary file (standard input) matches
0.50 5.40 11.20 0.42293095145081400 3.3506210990510987E-002
0.50 5.40 11.60 0.42089382197391456 3.3146914321155949E-002
0.50 5.40 12.00 0.42381740561958559 3.3156353941323241E-002

0.50 5.60 0.00 0.24181336236947479 3.4275287888860889E-002
0.50 5.60 0.40 0.44773624081434188 3.2632421394291102E-002
0.50 5.60 0.80 0.44214582321299806 3.2941631890163303E-002
0.50 5.60 1.20 0.43709296307951179 3.3273516243683687E-002
0.50 5.60 1.60 0.43707296211624042 3.2955273936154980E-002
0.50 5.60 2.00 0.43664959702930978 3.3060485505762925E-002
0.50 5.60 2.40 0.42928909167992674 3.2925901888385012E-002
0.50 5.60 2.80 0.43430133434964679 3.2839415975651445E-002
0.50 5.60 3.20 0.42948450713850611 3.2990090998624967E-002
0.50 5.60 3.60 0.42989831566340264 3.3116321907587613E-002
0.50 5.60 4.00 0.43080532651211029 3.3178060498264633E-002
0.50 5.60 4.40 0.43131937881616667 3.2953412109809753E-002
0.50 5.60 4.80 0.42902794668073729 3.3061230858728440E-002
0.50 5.60 5.20 0.42790260341738345 3.3010973768403236E-002
0.50 5.60 5.60 0.42594397499759828 3.3115091217333220E-002
0.50 5.60 6.00 0.42690573369239881 3.2909612092089306E-002
0.50 5.60 6.40 0.42623501359378257 3.3183181596452276E-002
0.50 5.60 6.80 0.42884355325452345 3.3012183839771315E-002
0.50 5.60 7.20 0.42601557160714643 3.3150923766314226E-002
0.50 5.60 7.60 0.42837105826093030 3.3031357560786588E-002
0.50 5.60 8.00 0.42718893152748433 3.3036637686182729E-002
0.50 5.60 8.40 Binary file (standard input) matches
0.50 5.60 8.80 0.42597875824745224 3.3182234767856450E-002
0.50 5.60 9.20 0.42548509030970028 3.3122242700078554E-002
0.50 5.60 9.60 0.42080524974931388 3.2956197786574354E-002
0.50 5.60 10.00 0.42340022838532398 3.3064080718512655E-002
0.50 5.60 10.40 0.42577457468088847 3.3461988950299365E-002
0.50 5.60 10.80 0.42538329977994671 3.3219972399164188E-002
0.50 5.60 11.20 0.42681552393002670 3.3274811940426287E-002
0.50 5.60 11.60 0.42444055669317776 3.3401769750842851E-002
0.50 5.60 12.00 0.41845432321391607 3.3045674676347774E-002

0.50 5.80 0.00 0.13578343620586961 2.4775882224040785E-002
0.50 5.80 0.40 0.43723158103600557 3.2862915117137716E-002
0.50 5.80 0.80 0.43730173470070993 3.3010068077060320E-002
0.50 5.80 1.20 0.43344130097726719 3.2835403570771957E-002
0.50 5.80 1.60 0.43434359976077952 3.2983381006451602E-002
0.50 5.80 2.00 0.43145792419298135 3.2830803392640148E-002
0.50 5.80 2.40 0.43469966466860122 3.3039669796568624E-002
0.50 5.80 2.80 0.43205505506300773 3.3125988029157304E-002
0.50 5.80 3.20 0.43401768503601507 3.3269213196545348E-002
0.50 5.80 3.60 0.43246574128030807 3.3043244014267156E-002
0.50 5.80 4.00 0.43353627978088427 3.2807130780617408E-002
0.50 5.80 4.40 0.42671437698419201 3.3057225397347102E-002
0.50 5.80 4.80 0.43091001728146983 3.3083660029494658E-002
0.50 5.80 5.20 0.43184962192887488 3.3268717770203855E-002
0.50 5.80 5.60 0.42531058321853266 3.3296855378192866E-002
0.50 5.80 6.00 0.42369267261621840 3.3154915089705535E-002
0.50 5.80 6.40 0.42556318819545130 3.3009251050084232E-002
0.50 5.80 6.80 0.42281784355548169 3.3052204459235214E-002
0.50 5.80 7.20 Binary file (standard input) matches
0.50 5.80 7.60 0.42420904573124146 3.2996011453395473E-002
0.50 5.80 8.00 0.42765177200082460 3.3256323224032797E-002
0.50 5.80 8.40 0.42693738837958922 3.3119857155254138E-002
0.50 5.80 8.80 0.42084595563959948 3.3112888897813775E-002
0.50 5.80 9.20 0.42264910177781961 3.3113370176158570E-002
0.50 5.80 9.60 0.42445078758416532 3.3160828521000274E-002
0.50 5.80 10.00 0.42482008229455992 3.3299029738959832E-002
0.50 5.80 10.40 0.41697356840516886 3.3261027385676351E-002
0.50 5.80 10.80 0.42428937041681947 3.3229163992327733E-002
0.50 5.80 11.20 0.42181184124296989 3.3348641790852361E-002
0.50 5.80 11.60 0.41994940036804895 3.3152256825805797E-002
0.50 5.80 12.00 0.41942964093493706 3.3208036395472824E-002

0.50 6.00 0.00 0.16581510413197054 2.9167066692007824E-002
0.50 6.00 0.40 0.43009617452098431 3.2966881660295849E-002
0.50 6.00 0.80 0.42916283087037338 3.2734391198123811E-002
0.50 6.00 1.20 0.43178659439051659 3.2818152857930952E-002
0.50 6.00 1.60 0.43778882748687498 3.3047176356689696E-002
0.50 6.00 2.00 0.42848026313175352 3.2785380746297971E-002
0.50 6.00 2.40 0.42995605241146401 3.2805991574405752E-002
0.50 6.00 2.80 0.42998267487313713 3.3193689008097535E-002
0.50 6.00 3.20 0.42881408909811131 3.3164693109395273E-002
0.50 6.00 3.60 0.42765795269396767 3.3052560723070702E-002
0.50 6.00 4.00 0.43142732082570773 3.3082035570284642E-002
0.50 6.00 4.40 0.42699286911499212 3.3145161336950842E-002
0.50 6.00 4.80 0.43222829293446552 3.3199292735044600E-002
0.50 6.00 5.20 0.42845989809384938 3.3146124559699820E-002
0.50 6.00 5.60 0.42785284893231224 3.3222328251009611E-002
0.50 6.00 6.00 0.42509490234071878 3.3132911131264535E-002
0.50 6.00 6.40 0.42757695961465692 3.3168869573587827E-002
0.50 6.00 6.80 0.42398787642083030 3.2944248868247511E-002
0.50 6.00 7.20 0.46307222972590312 1.6806453153838639E-002
0.50 6.00 7.60 0.42430651558542259 3.3036279536125257E-002
0.50 6.00 8.00 0.42420940280741448 3.3122966954674531E-002
0.50 6.00 8.40 0.42472767841927528 3.3013499935903065E-002
0.50 6.00 8.80 0.42673239843211769 3.3040586456311534E-002
0.50 6.00 9.20 0.42516471299497843 3.3254074094620598E-002
0.50 6.00 9.60 0.42849959611510641 3.3300847165996836E-002
0.50 6.00 10.00 0.42307198779149724 3.3103426409217568E-002
0.50 6.00 10.40 Binary file (standard input) matches
0.50 6.00 10.80 0.42092445898187469 3.3096379197370920E-002
0.50 6.00 11.20 0.41970943254989795 3.3121162391272177E-002
0.50 6.00 11.60 0.42163219433317289 3.3255059905672978E-002
0.50 6.00 12.00 0.42047984236523012 3.3276483210297275E-002

