0.50 0.00 0.00 0.38611282115025192 3.7038690099103433E-002
0.50 0.00 0.40 0.52389265787761530 3.0744351784228980E-002
0.50 0.00 0.80 0.52140100714657145 3.0538602605667636E-002
0.50 0.00 1.20 0.50726421328945592 3.0888230649421016E-002
0.50 0.00 1.60 0.49936696500253241 3.1051319913242358E-002
0.50 0.00 2.00 0.48126211766192356 3.1567061453570459E-002
0.50 0.00 2.40 0.47079472117971760 3.2024766606385348E-002
0.50 0.00 2.80 0.46016421797146317 3.1621928629473502E-002
0.50 0.00 3.20 0.44106753639447627 3.2182368804819679E-002
0.50 0.00 3.60 0.43834366934392854 3.2523037970654679E-002
0.50 0.00 4.00 0.43415421448583330 3.2110381869829528E-002
0.50 0.00 4.40 0.41929389100166176 3.2788368535036826E-002
0.50 0.00 4.80 0.42699803299855266 3.2763313011320225E-002
0.50 0.00 5.20 0.41806479232186772 3.3123533396958831E-002
0.50 0.00 5.60 0.40993792490288500 3.3029306232921482E-002
0.50 0.00 6.00 0.41328555307912918 3.2816023244148229E-002
0.50 0.00 6.40 0.41527773180734029 3.2879005601960727E-002
0.50 0.00 6.80 0.40701780767346352 3.2894771987967607E-002
0.50 0.00 7.20 0.40436162827950806 3.3119168148858971E-002
0.50 0.00 7.60 0.40954896670113355 3.3240150984501990E-002
0.50 0.00 8.00 0.40408010511604298 3.3253801296737301E-002
0.50 0.00 8.40 Binary file (standard input) matches
0.50 0.00 8.80 0.40691140907144463 3.3435139524643012E-002
0.50 0.00 9.20 0.39857759449975472 3.3108444020223005E-002
0.50 0.00 9.60 0.39959578392662143 3.3127582176709719E-002
0.50 0.00 10.00 0.39834529205157410 3.3165912100698865E-002
0.50 0.00 10.40 0.38961872132383807 3.3118679520872885E-002
0.50 0.00 10.80 0.39114525056456884 3.3428879613455670E-002
0.50 0.00 11.20 0.39163374194376360 3.3277583905528686E-002
0.50 0.00 11.60 0.39542559458480409 3.2797584197962963E-002
0.50 0.00 12.00 0.38766764740327309 3.2973275743784038E-002

0.50 0.20 0.00 0.35089199828500717 3.0185483366948349E-002
0.50 0.20 0.40 0.53159111276781579 3.0791398254148613E-002
0.50 0.20 0.80 0.52953768266915369 3.1134393464848389E-002
0.50 0.20 1.20 0.52690911301146703 3.0942801410180049E-002
0.50 0.20 1.60 0.52686031416830281 3.0789799806606805E-002
0.50 0.20 2.00 0.52120192302924695 3.1115838810472203E-002
0.50 0.20 2.40 0.51584015892916013 3.1077317231187014E-002
0.50 0.20 2.80 0.50691159203698244 3.1112865643481567E-002
0.50 0.20 3.20 0.49473968285673270 3.1553448624952109E-002
0.50 0.20 3.60 0.48796883626095217 3.1880681881670939E-002
0.50 0.20 4.00 0.47737878406532286 3.1876378686157149E-002
0.50 0.20 4.40 0.47473653646065894 3.2107609592188793E-002
0.50 0.20 4.80 0.46990395420765035 3.2138105148910023E-002
0.50 0.20 5.20 0.46466424810225881 3.2184336639122062E-002
0.50 0.20 5.60 0.46083653052000395 3.2262421164764209E-002
0.50 0.20 6.00 0.45315783021718037 3.2385877312951034E-002
0.50 0.20 6.40 0.44734370140358071 3.2432392736467586E-002
0.50 0.20 6.80 Binary file (standard input) matches
0.50 0.20 7.20 0.44719431890395239 3.2562886993078424E-002
0.50 0.20 7.60 0.44402342184896615 3.2813891058132615E-002
0.50 0.20 8.00 0.43499020212220413 3.2908678577921117E-002
0.50 0.20 8.40 0.43853849609133200 3.2848529355706139E-002
0.50 0.20 8.80 0.43732531529655561 3.2755822931905279E-002
0.50 0.20 9.20 0.43567362215067612 3.3010624782739119E-002
0.50 0.20 9.60 0.43147340007131474 3.3000334107295234E-002
0.50 0.20 10.00 0.42797567929053282 3.2991021166285654E-002
0.50 0.20 10.40 0.43523810631109849 3.3129283198494452E-002
0.50 0.20 10.80 0.43323161467486304 3.3028153574302492E-002
0.50 0.20 11.20 0.42768390316694233 3.3069093663750097E-002
0.50 0.20 11.60 0.42705195274064794 3.3213502829234742E-002
0.50 0.20 12.00 0.42870814412495395 3.3196331286716237E-002

0.50 0.40 0.00 0.42935190271907431 3.6834798465481933E-002
0.50 0.40 0.40 0.53049901690166879 3.0544754828458476E-002
0.50 0.40 0.80 0.53177485023912152 3.0711075487248430E-002
0.50 0.40 1.20 0.52853588891938053 3.0793100390097097E-002
0.50 0.40 1.60 0.52545986793344523 3.0730920992705069E-002
0.50 0.40 2.00 0.52056934133447608 3.0896200297434808E-002
0.50 0.40 2.40 0.51674627182785104 3.1014073872456031E-002
0.50 0.40 2.80 0.51318591358295818 3.1219908115503587E-002
0.50 0.40 3.20 0.49996299544468525 3.1431960788577740E-002
0.50 0.40 3.60 0.49295739357978663 3.1551044524562477E-002
0.50 0.40 4.00 0.48689894289363467 3.1511902558903661E-002
0.50 0.40 4.40 0.48156370298512297 3.1931286011950791E-002
0.50 0.40 4.80 0.47850387708034281 3.2019694192095126E-002
0.50 0.40 5.20 0.47095132778856208 3.2251063133976021E-002
0.50 0.40 5.60 0.46690375763798020 3.2299949463869541E-002
0.50 0.40 6.00 0.46279322661829880 3.2480408841147369E-002
0.50 0.40 6.40 0.46401615598039714 3.2563342845080730E-002
0.50 0.40 6.80 0.45234688447337579 3.2425800689939797E-002
0.50 0.40 7.20 0.45289769146134862 3.2783044714944316E-002
0.50 0.40 7.60 0.44995434019672309 3.2470801097904796E-002
0.50 0.40 8.00 0.44157323441415908 3.2458021200915822E-002
0.50 0.40 8.40 0.44220333550807001 3.2748660828516629E-002
0.50 0.40 8.80 0.43949167825312047 3.2678931832033575E-002
0.50 0.40 9.20 0.44168803435483756 3.2869599990012911E-002
0.50 0.40 9.60 0.43922463967666470 3.2980621059391424E-002
0.50 0.40 10.00 0.43411898138751315 3.2866680542654798E-002
0.50 0.40 10.40 0.43814128919707479 3.2984181067172623E-002
0.50 0.40 10.80 0.43165750239075862 3.3115528616786127E-002
0.50 0.40 11.20 0.43251498496710461 3.2885668038338325E-002
0.50 0.40 11.60 0.42996760531193445 3.2808673025742273E-002
0.50 0.40 12.00 0.42871006376994042 3.2859438994424395E-002

0.50 0.60 0.00 0.41392097545834294 3.3462029015217450E-002
0.50 0.60 0.40 0.53177850250995973 3.0582993106354914E-002
0.50 0.60 0.80 0.53021804695309915 3.0816487273610162E-002
0.50 0.60 1.20 0.52875202246190578 3.0731715248853111E-002
0.50 0.60 1.60 0.52419428278031410 3.0813825186577153E-002
0.50 0.60 2.00 0.52752535573213555 3.0874380840027173E-002
0.50 0.60 2.40 0.51752966394996402 3.1060965409936706E-002
0.50 0.60 2.80 0.51092994705633654 3.1176080511124287E-002
0.50 0.60 3.20 0.50405222662151195 3.1368632011669721E-002
0.50 0.60 3.60 0.49482203478201986 3.1448100915779757E-002
0.50 0.60 4.00 0.48821420155708034 3.1865294482997256E-002
0.50 0.60 4.40 0.48434681961094661 3.1641822508895426E-002
0.50 0.60 4.80 0.47986234973834091 3.1916191305232898E-002
0.50 0.60 5.20 0.47163117146184963 3.2123272429619959E-002
0.50 0.60 5.60 Binary file (standard input) matches
0.50 0.60 6.00 0.46459302765976995 3.2323879112444893E-002
0.50 0.60 6.40 0.46499186660596620 3.2324035613520978E-002
0.50 0.60 6.80 0.45384054274183816 3.2498289534804485E-002
0.50 0.60 7.20 0.45296973166722720 3.2495007370873144E-002
0.50 0.60 7.60 0.44553623318885754 3.2809394460598267E-002
0.50 0.60 8.00 0.44445064614803115 3.2428682181474912E-002
0.50 0.60 8.40 0.44559151050908996 3.2544004132868093E-002
0.50 0.60 8.80 0.44084601619168795 3.2752246157244452E-002
0.50 0.60 9.20 0.44398932390903945 3.2831115779684568E-002
0.50 0.60 9.60 0.43939235465710569 3.2765535552971382E-002
0.50 0.60 10.00 0.43199071164385455 3.3014027449231341E-002
0.50 0.60 10.40 0.43763201514523925 3.2887620405578091E-002
0.50 0.60 10.80 0.43448453609444720 3.2914056804868579E-002
0.50 0.60 11.20 0.42995112999799667 3.2933111679466387E-002
0.50 0.60 11.60 0.42491974938119298 3.2982094936825496E-002
0.50 0.60 12.00 0.42913106092138575 3.2893303982658703E-002

0.50 0.80 0.00 0.39451618516112680 3.2896715673680056E-002
0.50 0.80 0.40 0.53389068963361164 3.0716169450186192E-002
0.50 0.80 0.80 0.52814768437206416 3.0744699490522664E-002
0.50 0.80 1.20 0.52845416629298847 3.0579198872503190E-002
0.50 0.80 1.60 0.52981862454859052 3.0871270942278321E-002
0.50 0.80 2.00 0.52594246366710862 3.0773997387420506E-002
0.50 0.80 2.40 0.51665482964936627 3.0902474494365319E-002
0.50 0.80 2.80 0.51130028430751184 3.1027970317685699E-002
0.50 0.80 3.20 0.50350797716974072 3.1296182224167420E-002
0.50 0.80 3.60 0.49397667410942619 3.1517360405345876E-002
0.50 0.80 4.00 0.48841007752634552 3.1530868429137604E-002
0.50 0.80 4.40 0.48684404306360729 3.2031250657521652E-002
0.50 0.80 4.80 0.47514239734739461 3.2180589415413310E-002
0.50 0.80 5.20 Binary file (standard input) matches
0.50 0.80 5.60 0.46964942909219032 3.2231942363826767E-002
0.50 0.80 6.00 0.46195013881356389 3.2397553954577919E-002
0.50 0.80 6.40 0.45714141342243020 3.2377825256755227E-002
0.50 0.80 6.80 0.45121680334247938 3.2568245544957783E-002
0.50 0.80 7.20 0.44983578317389317 3.2320359090861200E-002
0.50 0.80 7.60 0.45246166837754725 3.2641915408358368E-002
0.50 0.80 8.00 0.44574615612243534 3.2768336547544998E-002
0.50 0.80 8.40 0.43951590918313732 3.2874301195510290E-002
0.50 0.80 8.80 0.44184741620929796 3.2862675764847540E-002
0.50 0.80 9.20 0.44112390170665394 3.2912670188630241E-002
0.50 0.80 9.60 0.43510700431138172 3.2713404069208446E-002
0.50 0.80 10.00 0.43795891698348399 3.3131105748651080E-002
0.50 0.80 10.40 0.43934617800159614 3.2801669120818805E-002
0.50 0.80 10.80 0.43425872158431311 3.2869352463081460E-002
0.50 0.80 11.20 0.43268127198607831 3.2898429594836173E-002
0.50 0.80 11.60 0.43118920570062602 3.3010380187606519E-002
0.50 0.80 12.00 0.43284166336135910 3.3069983745394320E-002

0.50 1.00 0.00 0.34636060372870908 3.1427091739941980E-002
0.50 1.00 0.40 0.52827097592130079 3.0698948676341879E-002
0.50 1.00 0.80 0.52699879779896253 3.0678468980276274E-002
0.50 1.00 1.20 0.52807325769592117 3.0730383066529619E-002
0.50 1.00 1.60 0.52726057721917097 3.0932824293527714E-002
0.50 1.00 2.00 0.52387198566852078 3.0977598033466260E-002
0.50 1.00 2.40 0.51578531207953859 3.0978244133187748E-002
0.50 1.00 2.80 0.51536917884998279 3.1163139461913712E-002
0.50 1.00 3.20 0.50341622173047929 3.1351426425199863E-002
0.50 1.00 3.60 0.49903298791601125 3.1654045998405753E-002
0.50 1.00 4.00 0.49235135106432970 3.1610454553578575E-002
0.50 1.00 4.40 0.48773694057410888 3.1826138779827914E-002
0.50 1.00 4.80 0.48123219493956837 3.1943595723365789E-002
0.50 1.00 5.20 0.46677246650705628 3.2025241747252846E-002
0.50 1.00 5.60 0.46723358875018367 3.2290038654777732E-002
0.50 1.00 6.00 0.46320367854899863 3.2371900504598962E-002
0.50 1.00 6.40 0.45757543655787425 3.2543735916784333E-002
0.50 1.00 6.80 0.45903092175576637 3.2620446166698479E-002
0.50 1.00 7.20 0.45376886546856365 3.2685908786430677E-002
0.50 1.00 7.60 0.45171996204240372 3.2478374459742720E-002
0.50 1.00 8.00 0.45073444559127962 3.2675021983237469E-002
0.50 1.00 8.40 0.44314855465412162 3.2861122978327287E-002
0.50 1.00 8.80 0.44461050143954195 3.3161470353806982E-002
0.50 1.00 9.20 0.44246281789659686 3.2951069174852091E-002
0.50 1.00 9.60 0.43695825754147127 3.2941379642280624E-002
0.50 1.00 10.00 0.43554778458002480 3.2709561440417964E-002
0.50 1.00 10.40 Binary file (standard input) matches
0.50 1.00 10.80 0.43670555589589161 3.2767931504737106E-002
0.50 1.00 11.20 0.43129807824272842 3.3100041770774066E-002
0.50 1.00 11.60 0.42953841359265565 3.3133621898345671E-002
0.50 1.00 12.00 0.42925181641100724 3.3198412052968258E-002

0.50 1.20 0.00 0.39708678647495860 3.2396482517479425E-002
0.50 1.20 0.40 0.52555925437708439 3.0681105927130723E-002
0.50 1.20 0.80 0.52812120359105530 3.0743174586076828E-002
0.50 1.20 1.20 0.52873785826571740 3.0546475784035392E-002
0.50 1.20 1.60 0.52066194519052356 3.0789835192901762E-002
0.50 1.20 2.00 0.51611777027474881 3.0999532346794371E-002
0.50 1.20 2.40 0.51538377076015185 3.1255868550140856E-002
0.50 1.20 2.80 0.51194851511485229 3.1097548678680944E-002
0.50 1.20 3.20 0.50019326000880426 3.1414952030394155E-002
0.50 1.20 3.60 0.49745848392367698 3.1350360939202009E-002
0.50 1.20 4.00 0.49145367209224489 3.1689104012950491E-002
0.50 1.20 4.40 0.48350213040732032 3.1638746460591637E-002
0.50 1.20 4.80 0.47894835373782907 3.1736013974645767E-002
0.50 1.20 5.20 0.47102039218915531 3.2120981218644401E-002
0.50 1.20 5.60 0.47411035093146409 3.2271818391350529E-002
0.50 1.20 6.00 0.46343907253535077 3.2275166405368823E-002
0.50 1.20 6.40 0.46250159304181332 3.2280314655565440E-002
0.50 1.20 6.80 0.45677967248055351 3.2272463273582706E-002
0.50 1.20 7.20 0.45580313876153006 3.2636035082272453E-002
0.50 1.20 7.60 0.45822071524295033 3.2559202047830221E-002
0.50 1.20 8.00 0.45137242144986417 3.2595883836765330E-002
0.50 1.20 8.40 0.44427873051247396 3.2593163368677590E-002
0.50 1.20 8.80 0.44740914787631542 3.2816211867780033E-002
0.50 1.20 9.20 0.44045293889951270 3.2645024359767634E-002
0.50 1.20 9.60 0.43689961591787096 3.2787036617201192E-002
0.50 1.20 10.00 0.43913056217717517 3.2732465478287280E-002
0.50 1.20 10.40 0.43290410764695864 3.2797305562195990E-002
0.50 1.20 10.80 0.43445476940096039 3.2931438456121349E-002
0.50 1.20 11.20 Binary file (standard input) matches
0.50 1.20 11.60 0.43084765351105930 3.2854202411590538E-002
0.50 1.20 12.00 0.43020286493496718 3.3129231241410345E-002

0.50 1.40 0.00 0.28845014702348354 3.0649903325935680E-002
0.50 1.40 0.40 0.51628932141214223 3.1069283008655683E-002
0.50 1.40 0.80 0.52093895418924652 3.0819409283052331E-002
0.50 1.40 1.20 0.52314784319883134 3.0658208190452601E-002
0.50 1.40 1.60 0.52119911276229969 3.1027322149589698E-002
0.50 1.40 2.00 0.52030468180675604 3.0889295292935211E-002
0.50 1.40 2.40 0.51145427060207782 3.1220529470675919E-002
0.50 1.40 2.80 0.50517872727549773 3.1231657695269935E-002
0.50 1.40 3.20 0.50234453015051539 3.1322703331168114E-002
0.50 1.40 3.60 0.48967552409798776 3.1755322826864787E-002
0.50 1.40 4.00 0.49052978633538935 3.1839762975825546E-002
0.50 1.40 4.40 0.48667592791863645 3.1679146508088972E-002
0.50 1.40 4.80 0.48155279426126718 3.1845003294225481E-002
0.50 1.40 5.20 0.47609111529453968 3.1891811642493662E-002
0.50 1.40 5.60 0.46757047609677677 3.2213316578401291E-002
0.50 1.40 6.00 0.46214556842928023 3.2226490252415557E-002
0.50 1.40 6.40 0.45756455135684904 3.2257864350747609E-002
0.50 1.40 6.80 0.45341105088973926 3.2551196842912231E-002
0.50 1.40 7.20 0.45397696137522958 3.2554711530843022E-002
0.50 1.40 7.60 0.44860874488675995 3.2644255430949204E-002
0.50 1.40 8.00 0.44875197546569867 3.2691499051100109E-002
0.50 1.40 8.40 0.44965912122663287 3.2775489935839966E-002
0.50 1.40 8.80 0.44352369049357848 3.2856578705188107E-002
0.50 1.40 9.20 0.44441708799209073 3.2982892214348809E-002
0.50 1.40 9.60 0.44346885431162225 3.2749500928895128E-002
0.50 1.40 10.00 0.43649700272272784 3.2889942071352971E-002
0.50 1.40 10.40 0.43596079049856951 3.2769043389440082E-002
0.50 1.40 10.80 0.43320954786233717 3.3063149083084754E-002
0.50 1.40 11.20 0.43210728668047660 3.2958371029574031E-002
0.50 1.40 11.60 0.43178204636946760 3.3072820589061330E-002
0.50 1.40 12.00 0.42931157299254152 3.2911016155758470E-002

0.50 1.60 0.00 0.35331908192118561 3.1794426206505355E-002
0.50 1.60 0.40 0.51054870985858058 3.1218336666171999E-002
0.50 1.60 0.80 0.51562415259780969 3.0776763356478179E-002
0.50 1.60 1.20 0.51465809598751078 3.1206261907539209E-002
0.50 1.60 1.60 0.51437222388268555 3.1031476806647060E-002
0.50 1.60 2.00 Binary file (standard input) matches
0.50 1.60 2.40 0.51136242599265913 3.1151528758941671E-002
0.50 1.60 2.80 0.50081835025049681 3.1423469543523395E-002
0.50 1.60 3.20 0.49890044567988429 3.1418322436488573E-002
0.50 1.60 3.60 0.49058678186569449 3.1726796875827898E-002
0.50 1.60 4.00 0.48653671930644932 3.1691141050646042E-002
0.50 1.60 4.40 0.48296151668994564 3.1854990123938248E-002
0.50 1.60 4.80 0.47772090636354048 3.1744918415821909E-002
0.50 1.60 5.20 0.47628338410726984 3.2060333630229296E-002
0.50 1.60 5.60 0.46852497302007584 3.2295387947148341E-002
0.50 1.60 6.00 0.46439794641029514 3.2108115888414807E-002
0.50 1.60 6.40 0.46057045851369238 3.2324245055884993E-002
0.50 1.60 6.80 0.45688256519075532 3.2380259234559963E-002
0.50 1.60 7.20 0.44803334299495801 3.2582311562539358E-002
0.50 1.60 7.60 0.45056227203761640 3.2619127369860043E-002
0.50 1.60 8.00 0.45234771286058717 3.2747223219637238E-002
0.50 1.60 8.40 0.45055928886352747 3.2729061289068051E-002
0.50 1.60 8.80 0.44131406817065233 3.2687628204400479E-002
0.50 1.60 9.20 0.44592846696787952 3.2761738471719593E-002
0.50 1.60 9.60 0.44066038393771423 3.2928509573658976E-002
0.50 1.60 10.00 0.43496130987040360 3.2848559320806159E-002
0.50 1.60 10.40 0.43614964395100353 3.3055721342059467E-002
0.50 1.60 10.80 0.43382551138231751 3.3060838201824039E-002
0.50 1.60 11.20 0.42783092688123797 3.2962175502530007E-002
0.50 1.60 11.60 0.43306670268121400 3.2912139581310527E-002
0.50 1.60 12.00 0.43142226015079921 3.2799660412276908E-002

0.50 1.80 0.00 0.34549693535522841 3.2931693955014274E-002
0.50 1.80 0.40 0.50198042999326253 3.1407596102197372E-002
0.50 1.80 0.80 0.50764258483471281 3.1461684592765479E-002
0.50 1.80 1.20 0.51014802921978974 3.1081370326248230E-002
0.50 1.80 1.60 0.50799655717932868 3.1201069570346549E-002
0.50 1.80 2.00 0.51103876388339420 3.1296170214706896E-002
0.50 1.80 2.40 0.50387773684466919 3.1168656708713237E-002
0.50 1.80 2.80 0.49596379629272319 3.1706806548025351E-002
0.50 1.80 3.20 0.49692965478169987 3.1496767373163370E-002
0.50 1.80 3.60 0.49216676207760218 3.1597573791639841E-002
0.50 1.80 4.00 0.48565244408580710 3.1849855911136420E-002
0.50 1.80 4.40 0.48051152617613768 3.2086757420935946E-002
0.50 1.80 4.80 0.47877654404431935 3.1981852549708478E-002
0.50 1.80 5.20 0.47202836863401343 3.2177294106836479E-002
0.50 1.80 5.60 Binary file (standard input) matches
0.50 1.80 6.00 0.46125056153132349 3.2354934344258790E-002
0.50 1.80 6.40 0.45586140333429936 3.2475222645823525E-002
0.50 1.80 6.80 0.45866143574738139 3.2393611899339418E-002
0.50 1.80 7.20 0.45264594264520869 3.2582629839102858E-002
0.50 1.80 7.60 0.45231790284064621 3.2632975057072008E-002
0.50 1.80 8.00 0.44625740251318308 3.2589805806588525E-002
0.50 1.80 8.40 0.44915797260058499 3.2717461304797808E-002
0.50 1.80 8.80 0.44441297159472037 3.2840172673203015E-002
0.50 1.80 9.20 0.43992018206703698 3.2788659255023646E-002
0.50 1.80 9.60 0.43983856766640361 3.2817868859152617E-002
0.50 1.80 10.00 0.43899925960032204 3.2838880813599862E-002
0.50 1.80 10.40 0.43822500660057884 3.2967410367712460E-002
0.50 1.80 10.80 0.43262374499682599 3.2845983806378508E-002
0.50 1.80 11.20 0.43003618560726159 3.3007928447259818E-002
0.50 1.80 11.60 0.43251839350453614 3.2793425596019450E-002
0.50 1.80 12.00 0.43070020232864115 3.3151192053442760E-002

0.50 2.00 0.00 0.36636555448215791 2.8254263179652177E-002
0.50 2.00 0.40 0.49606149625841489 3.1417517185401492E-002
0.50 2.00 0.80 0.50098560191518227 3.1275303044537496E-002
0.50 2.00 1.20 0.50120449581291626 3.1359051253936503E-002
0.50 2.00 1.60 0.50165238980303350 3.1495947311475099E-002
0.50 2.00 2.00 0.50027486409674582 3.1241926625651884E-002
0.50 2.00 2.40 0.49395396767597377 3.1494321942580061E-002
0.50 2.00 2.80 0.49646894555041399 3.1469745746491688E-002
0.50 2.00 3.20 0.49267828316650125 3.1691086246223486E-002
0.50 2.00 3.60 0.48462795358226779 3.2135134324932105E-002
0.50 2.00 4.00 0.48072353762276226 3.1842284755932912E-002
0.50 2.00 4.40 0.47447149035205055 3.2045114623758156E-002
0.50 2.00 4.80 Binary file (standard input) matches
0.50 2.00 5.20 0.46888260131636700 3.2363884958652257E-002
0.50 2.00 5.60 0.46427103622602733 3.1930708388650024E-002
0.50 2.00 6.00 0.46078246044488680 3.2009184839607741E-002
0.50 2.00 6.40 0.46024189167235113 3.2415118839478056E-002
0.50 2.00 6.80 0.45652886929575953 3.2705310891213778E-002
0.50 2.00 7.20 0.45283241443554667 3.2534075223270432E-002
0.50 2.00 7.60 0.45170799222404101 3.2427135954956353E-002
0.50 2.00 8.00 0.44996551368633958 3.2742903367335777E-002
0.50 2.00 8.40 0.44246672594285108 3.2564209579755685E-002
0.50 2.00 8.80 0.44407385420422657 3.2916309919314712E-002
0.50 2.00 9.20 0.44315205097039689 3.2834909250326914E-002
0.50 2.00 9.60 0.43849466940441906 3.2770175640120344E-002
0.50 2.00 10.00 0.43684087685557166 3.2958843375592420E-002
0.50 2.00 10.40 0.44021114138761491 3.2670989813980880E-002
0.50 2.00 10.80 0.43166364880033792 3.3042040661676875E-002
0.50 2.00 11.20 0.43085586983878355 3.2937831448733919E-002
0.50 2.00 11.60 0.43211526890698648 3.3068476999733067E-002
0.50 2.00 12.00 0.43086963666740308 3.3036893287349343E-002

0.50 2.20 0.00 0.32851591520804801 3.3870681994847905E-002
0.50 2.20 0.40 0.49024809350216170 3.1488529580072089E-002
0.50 2.20 0.80 0.49708872389372322 3.1494201863835759E-002
0.50 2.20 1.20 0.49777883079891011 3.1789337064075801E-002
0.50 2.20 1.60 0.49734731853028585 3.1301296102582268E-002
0.50 2.20 2.00 0.49549405575736738 3.1561470767404280E-002
0.50 2.20 2.40 0.49361954371613270 3.1555029404731275E-002
0.50 2.20 2.80 0.48849978528886123 3.1736688527123712E-002
0.50 2.20 3.20 0.48371122844327730 3.1901645740444975E-002
0.50 2.20 3.60 Binary file (standard input) matches
0.50 2.20 4.00 0.47905074259392044 3.1838160742512292E-002
0.50 2.20 4.40 0.47537297682058827 3.2014792184228834E-002
0.50 2.20 4.80 0.47141291652683492 3.2115565559848375E-002
0.50 2.20 5.20 0.46623467047994394 3.2227840876281832E-002
0.50 2.20 5.60 0.46626463570052606 3.2399625066111833E-002
0.50 2.20 6.00 0.45934802803178326 3.2306659860808794E-002
0.50 2.20 6.40 0.45930116578590141 3.2314428047685424E-002
0.50 2.20 6.80 0.45502032170809814 3.2743709548486620E-002
0.50 2.20 7.20 0.44776621590942084 3.2668767759770366E-002
0.50 2.20 7.60 0.44686527411133409 3.2678623232985426E-002
0.50 2.20 8.00 0.44806142411067906 3.2626195054067483E-002
0.50 2.20 8.40 0.44557719174865823 3.2687851746314493E-002
0.50 2.20 8.80 0.44000260475883585 3.2572365733389251E-002
0.50 2.20 9.20 0.44493839592039264 3.2942871050951658E-002
0.50 2.20 9.60 0.43971949621355816 3.2857828278271418E-002
0.50 2.20 10.00 0.43698317366111805 3.3033481953372468E-002
0.50 2.20 10.40 0.43398158857984309 3.2981326860896061E-002
0.50 2.20 10.80 0.42954819553164036 3.2934375588577321E-002
0.50 2.20 11.20 0.43253910004606888 3.2696392554955177E-002
0.50 2.20 11.60 0.42469759057936052 3.3068684674447554E-002
0.50 2.20 12.00 0.42893106257265662 3.3295932683490757E-002

0.50 2.40 0.00 0.30277302132469325 2.9811374143835744E-002
0.50 2.40 0.40 0.48416648256466821 3.1640118710185378E-002
0.50 2.40 0.80 0.49406363413342402 3.1707242915164788E-002
0.50 2.40 1.20 0.49113499592882937 3.1490782549510078E-002
0.50 2.40 1.60 0.48945304448586474 3.1646241361865626E-002
0.50 2.40 2.00 0.48588016942347895 3.1665280003423411E-002
0.50 2.40 2.40 0.48232613302138932 3.1868447512629419E-002
0.50 2.40 2.80 0.48440906668693745 3.1888217348345009E-002
0.50 2.40 3.20 0.47997903274571624 3.1979692223103935E-002
0.50 2.40 3.60 Binary file (standard input) matches
0.50 2.40 4.00 0.47735741443956192 3.2178943447238130E-002
0.50 2.40 4.40 0.47284365984683918 3.2232095963195422E-002
0.50 2.40 4.80 0.46605338079040448 3.2236332982227771E-002
0.50 2.40 5.20 0.46448215389268394 3.2201837288518519E-002
0.50 2.40 5.60 0.46023577762050039 3.2373662408025895E-002
0.50 2.40 6.00 0.45452644416445792 3.2281111620918415E-002
0.50 2.40 6.40 0.45760969841353749 3.2267430069652818E-002
0.50 2.40 6.80 0.45122131374213070 3.2629435913091101E-002
0.50 2.40 7.20 0.45301653954719773 3.2645420825874384E-002
0.50 2.40 7.60 0.44926338376393432 3.2862981532317800E-002
0.50 2.40 8.00 0.44661173387206465 3.2657261794098821E-002
0.50 2.40 8.40 0.44618615342468476 3.2593602231114328E-002
0.50 2.40 8.80 0.44395257164687535 3.2673902249299690E-002
0.50 2.40 9.20 0.43809248709543203 3.2820391478578362E-002
0.50 2.40 9.60 0.43802021589091400 3.2759577615297922E-002
0.50 2.40 10.00 0.43840242576306548 3.3077932286692042E-002
0.50 2.40 10.40 0.43513967007633425 3.3085687205874993E-002
0.50 2.40 10.80 0.43232961800460601 3.2913453065306811E-002
0.50 2.40 11.20 0.42847505425055665 3.3046301479911742E-002
0.50 2.40 11.60 0.42711413858483416 3.2857112269954948E-002
0.50 2.40 12.00 0.43055775724092893 3.2979374642242737E-002

0.50 2.60 0.00 0.33355767757678845 3.2457557690175450E-002
0.50 2.60 0.40 0.48026315712245732 3.1776450972310473E-002
0.50 2.60 0.80 0.48180887137820305 3.1851996360985110E-002
0.50 2.60 1.20 0.48572795284104797 3.1577704715805954E-002
0.50 2.60 1.60 0.48744747580729147 3.1792825518147896E-002
0.50 2.60 2.00 0.48230593131765598 3.1918483484020106E-002
0.50 2.60 2.40 Binary file (standard input) matches
0.50 2.60 2.80 0.47823050263711703 3.2099138584458370E-002
0.50 2.60 3.20 0.47663550231314283 3.2157653412269310E-002
0.50 2.60 3.60 0.47432473535598640 3.2115919072999703E-002
0.50 2.60 4.00 0.47260160492287301 3.1970192495942636E-002
0.50 2.60 4.40 0.46739665338047620 3.2361870157578777E-002
0.50 2.60 4.80 0.46612561781861039 3.2167915903208381E-002
0.50 2.60 5.20 0.46495430058278303 3.2273794285187764E-002
0.50 2.60 5.60 0.45638664542178731 3.2379129712808354E-002
0.50 2.60 6.00 0.45610031521876182 3.2486956316039491E-002
0.50 2.60 6.40 0.45252290552400298 3.2437912486660281E-002
0.50 2.60 6.80 0.44920267578213097 3.2726945329194686E-002
0.50 2.60 7.20 0.44781002192833086 3.2587370622943250E-002
0.50 2.60 7.60 0.44683328864329164 3.2807700648015969E-002
0.50 2.60 8.00 0.44231005529342049 3.2611648576040667E-002
0.50 2.60 8.40 0.44575107962251315 3.2701633876636382E-002
0.50 2.60 8.80 0.43965071871373373 3.2741577115123453E-002
0.50 2.60 9.20 0.43858937098251649 3.2877143071382724E-002
0.50 2.60 9.60 0.43270243747336012 3.2673410530523077E-002
0.50 2.60 10.00 0.43705585396885860 3.2899798605624239E-002
0.50 2.60 10.40 0.43600989155111936 3.3047273595635612E-002
0.50 2.60 10.80 0.43797439068199856 3.3173996381686228E-002
0.50 2.60 11.20 0.43442689346454688 3.3079774021364923E-002
0.50 2.60 11.60 0.43413804270367917 3.3061171523057910E-002
0.50 2.60 12.00 0.43180037785814329 3.3263086312086264E-002

0.50 2.80 0.00 0.28254349480955898 3.4687873646476138E-002
0.50 2.80 0.40 Binary file (standard input) matches
0.50 2.80 0.80 0.48119031624066261 3.1731970535988419E-002
0.50 2.80 1.20 0.47907453066465261 3.1955041347910482E-002
0.50 2.80 1.60 0.48057202941529331 3.1997936090981199E-002
0.50 2.80 2.00 0.47394343341502509 3.1931128366357489E-002
0.50 2.80 2.40 0.47380708037344066 3.1964315509004401E-002
0.50 2.80 2.80 0.47358570497352553 3.2100305126237128E-002
0.50 2.80 3.20 0.47575297368947300 3.2252221338629511E-002
0.50 2.80 3.60 0.46876105391819844 3.2292806407000371E-002
0.50 2.80 4.00 0.46925709805176830 3.2185948554758259E-002
0.50 2.80 4.40 0.46364833114075016 3.2367901143040521E-002
0.50 2.80 4.80 0.46059707586534193 3.2376153129628854E-002
0.50 2.80 5.20 0.45890056463243700 3.2139625636724622E-002
0.50 2.80 5.60 0.45679997243189829 3.2499928684076189E-002
0.50 2.80 6.00 0.45617251308996948 3.2738723599376095E-002
0.50 2.80 6.40 0.45435035226002984 3.2617958046410864E-002
0.50 2.80 6.80 0.45335445192554369 3.2714853605239708E-002
0.50 2.80 7.20 0.45329347143530158 3.2810288063569344E-002
0.50 2.80 7.60 0.44489790845488442 3.2713918996837718E-002
0.50 2.80 8.00 0.44499093372571136 3.2665452526248903E-002
0.50 2.80 8.40 0.44067457517445313 3.2726155151858359E-002
0.50 2.80 8.80 0.44019786515283144 3.2886226509483064E-002
0.50 2.80 9.20 0.43884774152976408 3.2772624236729095E-002
0.50 2.80 9.60 0.43995367853011524 3.3053788885230501E-002
0.50 2.80 10.00 0.43541221959023640 3.2780266274636191E-002
0.50 2.80 10.40 0.43318194462483078 3.2857445257960007E-002
0.50 2.80 10.80 0.43551547320664652 3.3009143691672377E-002
0.50 2.80 11.20 0.43421981301553592 3.3219950439032357E-002
0.50 2.80 11.60 0.43323841696046683 3.2931041141896433E-002
0.50 2.80 12.00 0.42897641753031185 3.3177763005946187E-002

0.50 3.00 0.00 Binary file (standard input) matches
0.50 3.00 0.40 0.47412872151985586 3.2195853550628172E-002
0.50 3.00 0.80 0.47605416536056461 3.1980381913366877E-002
0.50 3.00 1.20 0.47292613025517183 3.1997161707023249E-002
0.50 3.00 1.60 0.47195751299000832 3.1986267769793540E-002
0.50 3.00 2.00 0.47477457687803976 3.2237574255647702E-002
0.50 3.00 2.40 0.46958986963602467 3.2071234332071132E-002
0.50 3.00 2.80 0.46944822491466687 3.2213515112820251E-002
0.50 3.00 3.20 0.46647493479077856 3.2104752353669989E-002
0.50 3.00 3.60 0.46113215790503553 3.2234359769191423E-002
0.50 3.00 4.00 0.46139114532743281 3.2142616656513939E-002
0.50 3.00 4.40 0.46336897560331280 3.2597561422508775E-002
0.50 3.00 4.80 0.46023073032726247 3.2539218619443422E-002
0.50 3.00 5.20 0.45838770722006383 3.2423796194446124E-002
0.50 3.00 5.60 0.45809105302695519 3.2620350393201270E-002
0.50 3.00 6.00 0.45227669136875487 3.2592343035570799E-002
0.50 3.00 6.40 0.45284474798567687 3.2460084593738295E-002
0.50 3.00 6.80 0.44978023797274630 3.2641561499271513E-002
0.50 3.00 7.20 0.44672446046850667 3.2695326669611731E-002
0.50 3.00 7.60 0.44380573108141047 3.2851282803189108E-002
0.50 3.00 8.00 0.44652782836812799 3.2886133407263721E-002
0.50 3.00 8.40 0.44139779042482336 3.2829766291454891E-002
0.50 3.00 8.80 0.44119853623338301 3.2832654179641547E-002
0.50 3.00 9.20 0.43833641730157147 3.2811005827721854E-002
0.50 3.00 9.60 0.43828534043560941 3.2917433322035811E-002
0.50 3.00 10.00 0.43388133597599204 3.2805876878224838E-002
0.50 3.00 10.40 0.43455999978083648 3.2984617421530957E-002
0.50 3.00 10.80 0.43513253835655175 3.3064791998942994E-002
0.50 3.00 11.20 0.43172661520490718 3.2994414011304131E-002
0.50 3.00 11.60 0.43249844464736603 3.3027951435619707E-002
0.50 3.00 12.00 0.42745206200966540 3.3096575090498272E-002

0.50 3.20 0.00 0.24491981913169386 2.9205072851017689E-002
0.50 3.20 0.40 Binary file (standard input) matches
0.50 3.20 0.80 0.47448568425395543 3.2300100846073307E-002
0.50 3.20 1.20 0.46948157967472992 3.2157509713881885E-002
0.50 3.20 1.60 0.47064963329934323 3.2084617404715743E-002
0.50 3.20 2.00 0.46966384036037745 3.2244947755739141E-002
0.50 3.20 2.40 0.46807024777505690 3.2115028039476301E-002
0.50 3.20 2.80 0.46457795156941073 3.2251593654104543E-002
0.50 3.20 3.20 0.46283052832599259 3.2302503764156013E-002
0.50 3.20 3.60 0.46432006904446732 3.2403599530223884E-002
0.50 3.20 4.00 0.46188465221121955 3.2490509810332052E-002
0.50 3.20 4.40 0.45642881291757897 3.2300104173144661E-002
0.50 3.20 4.80 0.45961021517665579 3.2563252975934612E-002
0.50 3.20 5.20 0.45728181507527044 3.2551446783503635E-002
0.50 3.20 5.60 0.45384036888660323 3.2559135286167655E-002
0.50 3.20 6.00 0.45090564743047323 3.2690748899615464E-002
0.50 3.20 6.40 0.45337873111967825 3.2920164202086113E-002
0.50 3.20 6.80 0.44892793639299133 3.2614039250926735E-002
0.50 3.20 7.20 0.44627367971724397 3.2809985167265084E-002
0.50 3.20 7.60 0.44371273249685450 3.2842512979675088E-002
0.50 3.20 8.00 0.44453350487945320 3.2857661633039208E-002
0.50 3.20 8.40 0.44232210948630690 3.2630082796478693E-002
0.50 3.20 8.80 0.44275200776571894 3.3035384000925407E-002
0.50 3.20 9.20 0.43588557788225701 3.2852631290962109E-002
0.50 3.20 9.60 0.43231226604134498 3.3133900912122878E-002
0.50 3.20 10.00 0.43526473404361399 3.2969530597884406E-002
0.50 3.20 10.40 0.43421835138664633 3.2799115381950385E-002
0.50 3.20 10.80 Binary file (standard input) matches
0.50 3.20 11.20 0.43378615778806912 3.3019300420689214E-002
0.50 3.20 11.60 0.42692733564016005 3.3092069469841889E-002
0.50 3.20 12.00 0.43429720258035509 3.3328044714086583E-002

0.50 3.40 0.00 0.27040444930901730 3.0790302104849281E-002
0.50 3.40 0.40 0.46444621778681566 3.2078597642246097E-002
0.50 3.40 0.80 0.46555216124632492 3.2246143016022057E-002
0.50 3.40 1.20 0.46993827092236196 3.2323671232061944E-002
0.50 3.40 1.60 0.46605235462677924 3.2461368045325345E-002
0.50 3.40 2.00 0.46315278539486204 3.2373805745824567E-002
0.50 3.40 2.40 0.46720012601354172 3.2205140999051890E-002
0.50 3.40 2.80 0.46206824647650696 3.2443318109436584E-002
0.50 3.40 3.20 0.46024311504789084 3.2465197414566944E-002
0.50 3.40 3.60 0.45873766117129194 3.2477348043782814E-002
0.50 3.40 4.00 0.45908391115065789 3.2379943831610428E-002
0.50 3.40 4.40 0.46081662840455673 3.2710437001163911E-002
0.50 3.40 4.80 0.45572166224704624 3.2673868051282293E-002
0.50 3.40 5.20 0.45426626232730982 3.2690312810349960E-002
0.50 3.40 5.60 0.45150069453497066 3.2490984160571099E-002
0.50 3.40 6.00 0.45241637549891722 3.2784545348793402E-002
0.50 3.40 6.40 0.44731028491682145 3.2516565015623333E-002
0.50 3.40 6.80 0.44856983642594067 3.2770754785804268E-002
0.50 3.40 7.20 0.44764473475595878 3.2846055907067934E-002
0.50 3.40 7.60 0.44225178865307208 3.2807635229249024E-002
0.50 3.40 8.00 0.44367546306433825 3.2960417810123904E-002
0.50 3.40 8.40 0.44059842105673541 3.2879856435089096E-002
0.50 3.40 8.80 0.43623833185057137 3.2729190247006316E-002
0.50 3.40 9.20 0.43874432543667813 3.2847659666882773E-002
0.50 3.40 9.60 0.43430684555671234 3.2845447588777631E-002
0.50 3.40 10.00 0.43374065289756414 3.2918300938591195E-002
0.50 3.40 10.40 0.43686612035762329 3.3075558845633318E-002
0.50 3.40 10.80 Binary file (standard input) matches
0.50 3.40 11.20 0.43332854456306136 3.2968638869612245E-002
0.50 3.40 11.60 0.43041497657897015 3.3084328712968625E-002
0.50 3.40 12.00 0.42680661648703327 3.3080994119001852E-002

0.50 3.60 0.00 0.23899704903632704 3.2880477482631419E-002
0.50 3.60 0.40 0.46384225014802932 3.2234949112298426E-002
0.50 3.60 0.80 0.46350239515184199 3.2176718015759526E-002
0.50 3.60 1.20 0.46300842720977931 3.2204168007740938E-002
0.50 3.60 1.60 0.45558198665964156 3.2372568761358925E-002
0.50 3.60 2.00 0.45737634613059647 3.2266092739519449E-002
0.50 3.60 2.40 0.45921580020406988 3.2361499853087186E-002
0.50 3.60 2.80 0.45563775530618739 3.2381832326015068E-002
0.50 3.60 3.20 0.45618181158522536 3.2367701585791914E-002
0.50 3.60 3.60 0.45665787101350891 3.2484564619585855E-002
0.50 3.60 4.00 0.45435154623851604 3.2546820918970071E-002
0.50 3.60 4.40 0.45400003042129394 3.2518441905309753E-002
0.50 3.60 4.80 0.45484135295813621 3.2500169202654604E-002
0.50 3.60 5.20 0.45378563328804544 3.2810432115755045E-002
0.50 3.60 5.60 0.45089951642187848 3.2688344522989368E-002
0.50 3.60 6.00 0.44931992211726390 3.2626794371808959E-002
0.50 3.60 6.40 0.44544013841235441 3.2666921135894866E-002
0.50 3.60 6.80 0.44593285541821837 3.2758436129285216E-002
0.50 3.60 7.20 0.44603780736704490 3.2872188514293070E-002
0.50 3.60 7.60 0.44182887981752844 3.2869850412547828E-002
0.50 3.60 8.00 0.43842309592316597 3.2853464786814029E-002
0.50 3.60 8.40 0.43882903491733999 3.3008211047966578E-002
0.50 3.60 8.80 0.44132872841677084 3.2878507651720748E-002
0.50 3.60 9.20 0.43775636780666682 3.2837699159376656E-002
0.50 3.60 9.60 0.43343530245722189 3.2964008363662138E-002
0.50 3.60 10.00 0.43573851728671215 3.3083041560974635E-002
0.50 3.60 10.40 0.43179312761319055 3.2886344688908553E-002
0.50 3.60 10.80 0.42935400082032188 3.3134804597696868E-002
0.50 3.60 11.20 0.43197283501071704 3.3020779361380266E-002
0.50 3.60 11.60 Binary file (standard input) matches
0.50 3.60 12.00 0.43114732944343565 3.3123445706356981E-002

0.50 3.80 0.00 0.33071501805753223 3.5639940135891716E-002
0.50 3.80 0.40 0.45501722154957258 3.2200298147331219E-002
0.50 3.80 0.80 0.46143421135348850 3.2303747078128879E-002
0.50 3.80 1.20 0.46058182476949039 3.2476280429562111E-002
0.50 3.80 1.60 0.45826029314423866 3.2530110601735295E-002
0.50 3.80 2.00 0.45694789136358444 3.2493269788576244E-002
0.50 3.80 2.40 0.45580693478216949 3.2557723106022597E-002
0.50 3.80 2.80 0.45697182200229547 3.2394193298061522E-002
0.50 3.80 3.20 0.45322701368424001 3.2638811464951248E-002
0.50 3.80 3.60 0.45337503910526733 3.2766737798606366E-002
0.50 3.80 4.00 0.45102599954251205 3.2704091493032043E-002
0.50 3.80 4.40 0.44920774629056776 3.2434906298354264E-002
0.50 3.80 4.80 0.44985222397634744 3.2641518794744161E-002
0.50 3.80 5.20 0.45088166665173812 3.2776601909922716E-002
0.50 3.80 5.60 0.44854565688373815 3.2619532424091727E-002
0.50 3.80 6.00 0.44484522593476106 3.2888176259409152E-002
0.50 3.80 6.40 0.45005216377299612 3.2753970292457982E-002
0.50 3.80 6.80 0.44457733204099747 3.2696758513460440E-002
0.50 3.80 7.20 0.44422247986205232 3.2832635218014695E-002
0.50 3.80 7.60 Binary file (standard input) matches
0.50 3.80 8.00 0.44060770560694473 3.2809408270283273E-002
0.50 3.80 8.40 0.43266675380917691 3.2686968830668288E-002
0.50 3.80 8.80 0.43315909691120041 3.2825382850073713E-002
0.50 3.80 9.20 0.43408073334957764 3.3006017685344322E-002
0.50 3.80 9.60 0.43626798117476290 3.2908237498034926E-002
0.50 3.80 10.00 0.43198682635830704 3.3068468174479289E-002
0.50 3.80 10.40 0.43136695483482690 3.2839164900452043E-002
0.50 3.80 10.80 0.42984900320367236 3.2914923571028432E-002
0.50 3.80 11.20 0.43071456699995769 3.3083007538136075E-002
0.50 3.80 11.60 0.43159446839912252 3.3102178322415320E-002
0.50 3.80 12.00 0.42489130591733454 3.3086573380307703E-002

0.50 4.00 0.00 0.26243574038486350 3.3664088051125807E-002
0.50 4.00 0.40 0.45766788915106077 3.2657412435555748E-002
0.50 4.00 0.80 Binary file (standard input) matches
0.50 4.00 1.20 0.46305117566802390 3.2452166816471395E-002
0.50 4.00 1.60 0.45502883857476562 3.2516734305786409E-002
0.50 4.00 2.00 0.45547919130932196 3.2537645376478672E-002
0.50 4.00 2.40 0.45504272972259824 3.2510035424233398E-002
0.50 4.00 2.80 0.45110238569124822 3.2373668178596986E-002
0.50 4.00 3.20 0.45307851619693917 3.2701988708483405E-002
0.50 4.00 3.60 0.45104621301451547 3.2739881525539104E-002
0.50 4.00 4.00 0.44864291533816358 3.2617544969821180E-002
0.50 4.00 4.40 0.45064089760446346 3.2681075376286013E-002
0.50 4.00 4.80 0.45019335470086885 3.2685857795601694E-002
0.50 4.00 5.20 0.44827121416258919 3.2589370434659898E-002
0.50 4.00 5.60 0.44775470018346830 3.2645923247917111E-002
0.50 4.00 6.00 0.45059422166051383 3.3016102987879686E-002
0.50 4.00 6.40 0.44458372743524099 3.2729894126024783E-002
0.50 4.00 6.80 0.44586506445149937 3.2623886772852356E-002
0.50 4.00 7.20 0.44346750190005091 3.2889559984784413E-002
0.50 4.00 7.60 0.43921031593952148 3.3007255653601561E-002
0.50 4.00 8.00 0.44065815665615010 3.2999933364933530E-002
0.50 4.00 8.40 0.43702463016108073 3.2777672839868190E-002
0.50 4.00 8.80 0.43326053260467362 3.3003733033268798E-002
0.50 4.00 9.20 0.43719171030534165 3.3066121190873522E-002
0.50 4.00 9.60 0.43572343903232608 3.3159996068485985E-002
0.50 4.00 10.00 0.43007486089938451 3.3232408088924928E-002
0.50 4.00 10.40 0.42998002348814923 3.3058496882808486E-002
0.50 4.00 10.80 0.43033256968077405 3.3072496342993134E-002
0.50 4.00 11.20 0.43019047911915320 3.2871747215246223E-002
0.50 4.00 11.60 0.42773087506386986 3.3000799624814489E-002
0.50 4.00 12.00 0.42798580700040684 3.2911957376250002E-002

0.50 4.20 0.00 0.27976418799934771 3.5695682536844735E-002
0.50 4.20 0.40 Binary file (standard input) matches
0.50 4.20 0.80 0.45789205394201610 3.2380966150867239E-002
0.50 4.20 1.20 0.45639248878976535 3.2479097423984422E-002
0.50 4.20 1.60 0.45221429117036455 3.2437876111485298E-002
0.50 4.20 2.00 0.45145728351629477 3.2509337074805647E-002
0.50 4.20 2.40 0.44861594673610722 3.2604462960045787E-002
0.50 4.20 2.80 0.44625570530644032 3.2498069100302479E-002
0.50 4.20 3.20 0.44813687657134960 3.2785526347010228E-002
0.50 4.20 3.60 0.44672592125059091 3.2830635205509301E-002
0.50 4.20 4.00 0.44920752226834298 3.2624110783211605E-002
0.50 4.20 4.40 0.44801791866862517 3.2497642315536729E-002
0.50 4.20 4.80 0.44509766389700928 3.2838416651500120E-002
0.50 4.20 5.20 0.44350095819310270 3.2790704366531975E-002
0.50 4.20 5.60 0.44950301690942807 3.2719081738910978E-002
0.50 4.20 6.00 0.44772669049999897 3.2701967263323341E-002
0.50 4.20 6.40 0.44220821073258509 3.2803450165410065E-002
0.50 4.20 6.80 0.44193421529335569 3.2981726513000201E-002
0.50 4.20 7.20 0.44170900899023835 3.2812558726758492E-002
0.50 4.20 7.60 0.44125547181810110 3.3003407761977806E-002
0.50 4.20 8.00 0.43764289695949266 3.2803297968865733E-002
0.50 4.20 8.40 0.44135671341201288 3.2866613735826403E-002
0.50 4.20 8.80 0.43494292634237769 3.2991125254776897E-002
0.50 4.20 9.20 0.43301280243376788 3.2961958263709637E-002
0.50 4.20 9.60 0.42902383292970497 3.2775831350976510E-002
0.50 4.20 10.00 0.43296713469715725 3.3148202819720016E-002
0.50 4.20 10.40 0.43404704903774904 3.3164113782648282E-002
0.50 4.20 10.80 0.42769775236384772 3.3067442026674478E-002
0.50 4.20 11.20 0.42929279939255816 3.2838581482109656E-002
0.50 4.20 11.60 0.42816761243348000 3.2990436836969318E-002
0.50 4.20 12.00 0.42640588387095946 3.2908298882068747E-002

0.50 4.40 0.00 0.20601578481318289 3.1715907535257486E-002
0.50 4.40 0.40 0.44716463939719892 3.2502767558102164E-002
0.50 4.40 0.80 0.45953417523630702 3.2587994381732523E-002
0.50 4.40 1.20 0.45361166703571476 3.2379445101843624E-002
0.50 4.40 1.60 0.45300218843541706 3.2559397644370901E-002
0.50 4.40 2.00 Binary file (standard input) matches
0.50 4.40 2.40 0.44773749219303766 3.2466777860313455E-002
0.50 4.40 2.80 0.44871534599213592 3.2918268059717030E-002
0.50 4.40 3.20 0.44569887212871845 3.2671569607194979E-002
0.50 4.40 3.60 0.44501513958022620 3.2720014145551667E-002
0.50 4.40 4.00 0.44437512807121138 3.2928652375536091E-002
0.50 4.40 4.40 0.44403940121981111 3.2576056888317634E-002
0.50 4.40 4.80 0.44621801343684908 3.2812182679226740E-002
0.50 4.40 5.20 0.44415227169174482 3.2947277006456353E-002
0.50 4.40 5.60 0.44374467118910860 3.2752016942725164E-002
0.50 4.40 6.00 0.44191445081241038 3.2720969171293114E-002
0.50 4.40 6.40 0.44202291078261774 3.2946903054702097E-002
0.50 4.40 6.80 0.44124512843366509 3.2837207724533059E-002
0.50 4.40 7.20 0.44003426167014492 3.2905949537005985E-002
0.50 4.40 7.60 0.43578036133270304 3.2859170696646352E-002
0.50 4.40 8.00 0.43595482026861293 3.2860468062500099E-002
0.50 4.40 8.40 0.43822928465511862 3.3025414364931449E-002
0.50 4.40 8.80 0.43981679427095627 3.3081525875630444E-002
0.50 4.40 9.20 0.43487077526035361 3.3116572325158126E-002
0.50 4.40 9.60 0.43379935699203187 3.2866182726580991E-002
0.50 4.40 10.00 0.43391397195780368 3.2854987237350100E-002
0.50 4.40 10.40 0.43153899514074234 3.3169238289938126E-002
0.50 4.40 10.80 0.43094101486816400 3.3171825966018913E-002
0.50 4.40 11.20 0.42996666619472518 3.2988850590614856E-002
0.50 4.40 11.60 0.42920505004544651 3.3155150488658781E-002
0.50 4.40 12.00 0.43266645663442443 3.3142027361237399E-002

0.50 4.60 0.00 0.18868906519537104 2.7386485289873492E-002
0.50 4.60 0.40 0.44523710998718924 3.2630188033140793E-002
0.50 4.60 0.80 0.44990208479745719 3.2437980413868542E-002
0.50 4.60 1.20 0.45024330214322256 3.2665419054215244E-002
0.50 4.60 1.60 0.45175919217059779 3.2395122854545620E-002
0.50 4.60 2.00 0.44808487053454521 3.2533582435427914E-002
0.50 4.60 2.40 0.45144189871801599 3.2866075637574071E-002
0.50 4.60 2.80 0.44449505165998959 3.2806701037714742E-002
0.50 4.60 3.20 0.44596678644899351 3.2810143688338206E-002
0.50 4.60 3.60 0.44405469494919431 3.2753403208771244E-002
0.50 4.60 4.00 0.44426124310184745 3.2761418894640279E-002
0.50 4.60 4.40 0.44670432350555567 3.2845897939206253E-002
0.50 4.60 4.80 0.44264704403392530 3.2853240629206762E-002
0.50 4.60 5.20 0.43976287447379259 3.2862943217408166E-002
0.50 4.60 5.60 0.44318784649026632 3.2843981822613236E-002
0.50 4.60 6.00 0.44101348305891735 3.2908421869390463E-002
0.50 4.60 6.40 0.43916426969699651 3.2919113679159409E-002
0.50 4.60 6.80 0.44241894906737311 3.2763816498808877E-002
0.50 4.60 7.20 0.43818452812461350 3.2807279710012537E-002
0.50 4.60 7.60 0.43498989555591894 3.2881059520173457E-002
0.50 4.60 8.00 0.43403518407667330 3.2947259605204997E-002
0.50 4.60 8.40 0.43340720233532659 3.2964252818560739E-002
0.50 4.60 8.80 0.43543092607300676 3.2948838669182301E-002
0.50 4.60 9.20 0.43053710532298045 3.3066462187065479E-002
0.50 4.60 9.60 0.43260871841030746 3.3079837146229751E-002
0.50 4.60 10.00 0.43044841696822811 3.3102403715927139E-002
0.50 4.60 10.40 0.43163662774872502 3.3029000773505221E-002
0.50 4.60 10.80 0.42634289926156194 3.3197908522660621E-002
0.50 4.60 11.20 0.42753533618515416 3.3110010350660017E-002
0.50 4.60 11.60 0.43251320621025774 3.3169229534552896E-002
0.50 4.60 12.00 0.42563172609471894 3.3086412410221200E-002

0.50 4.80 0.00 0.26034657981319798 3.6130094921072393E-002
0.50 4.80 0.40 0.44420709667326158 3.2591405464342874E-002
0.50 4.80 0.80 0.44836812139066728 3.2438022818571492E-002
0.50 4.80 1.20 0.45325311947347868 3.2733341667993208E-002
0.50 4.80 1.60 0.44693697182643888 3.2936713176278103E-002
0.50 4.80 2.00 0.44618824426929626 3.2866116802899623E-002
0.50 4.80 2.40 Binary file (standard input) matches
0.50 4.80 2.80 0.44794106074968365 3.2676515684029864E-002
0.50 4.80 3.20 0.44421904835763576 3.2730165537118217E-002
0.50 4.80 3.60 0.44274162796316191 3.2664015381093765E-002
0.50 4.80 4.00 0.44116472927237915 3.2903251832818607E-002
0.50 4.80 4.40 0.44066808555476883 3.2928246852830502E-002
0.50 4.80 4.80 0.44207196212856104 3.2960138369832137E-002
0.50 4.80 5.20 0.44171285080797451 3.2869211427351532E-002
0.50 4.80 5.60 0.43825255336950014 3.3005154170051149E-002
0.50 4.80 6.00 0.43945939116304833 3.2971753221865678E-002
0.50 4.80 6.40 0.43096746917901918 3.2728419451268427E-002
0.50 4.80 6.80 0.43706976397723835 3.3116714676425268E-002
0.50 4.80 7.20 0.43442957753903466 3.2991887416167140E-002
0.50 4.80 7.60 0.43553332853208415 3.3072564746466485E-002
0.50 4.80 8.00 0.43280842493192706 3.2813211571603176E-002
0.50 4.80 8.40 0.43087918909642531 3.3166452969666721E-002
0.50 4.80 8.80 0.43248538492204175 3.3387902217443824E-002
0.50 4.80 9.20 0.43382549662445652 3.2793839215743310E-002
0.50 4.80 9.60 0.42833731492658994 3.3036555301413105E-002
0.50 4.80 10.00 0.42927400664380810 3.3085365733172424E-002
0.50 4.80 10.40 0.43008312111892810 3.2982616366435992E-002
0.50 4.80 10.80 0.42705956903664111 3.3227346451529118E-002
0.50 4.80 11.20 0.42607740074990097 3.3159751176712077E-002
0.50 4.80 11.60 0.42684140169335372 3.3202856535800566E-002
0.50 4.80 12.00 0.42514466658458483 3.3298657397685394E-002

0.50 5.00 0.00 0.18125282139225657 2.7889353167680316E-002
0.50 5.00 0.40 0.44532994497337181 3.2898662556635865E-002
0.50 5.00 0.80 0.44952322975669790 3.2667575457674985E-002
0.50 5.00 1.20 0.44767225780156483 3.2755321392508287E-002
0.50 5.00 1.60 0.44658688059385543 3.2744373116381079E-002
0.50 5.00 2.00 0.44229001318318106 3.2934613001485126E-002
0.50 5.00 2.40 0.44242533084362223 3.2821434385658287E-002
0.50 5.00 2.80 0.44162028927075891 3.2831342562873560E-002
0.50 5.00 3.20 0.43763498036430698 3.2838776741683715E-002
0.50 5.00 3.60 0.43818379161152327 3.2784877529194630E-002
0.50 5.00 4.00 0.43761969668248180 3.2731466318041171E-002
0.50 5.00 4.40 0.43790341627536822 3.2817540535854874E-002
0.50 5.00 4.80 0.43804780228633328 3.2916902009423314E-002
0.50 5.00 5.20 0.43458946141103161 3.2864277642549990E-002
0.50 5.00 5.60 0.43335085282462044 3.2905859254045301E-002
0.50 5.00 6.00 0.43549261096687725 3.2931143426028403E-002
0.50 5.00 6.40 0.43644543460425717 3.2869910256301586E-002
0.50 5.00 6.80 0.44025425615926322 3.2992941938120753E-002
0.50 5.00 7.20 0.43734415569772900 3.3036721742844034E-002
0.50 5.00 7.60 0.43764544307954206 3.3030703627818583E-002
0.50 5.00 8.00 0.43312732868080317 3.3037328138271385E-002
0.50 5.00 8.40 0.43638719977876350 3.3185966587143907E-002
0.50 5.00 8.80 0.43437089746301949 3.2925330925591717E-002
0.50 5.00 9.20 0.43598114994720338 3.2879689030179154E-002
0.50 5.00 9.60 0.43097072372989820 3.2890569510975153E-002
0.50 5.00 10.00 Binary file (standard input) matches
0.50 5.00 10.40 0.42836159142756330 3.3258537786785072E-002
0.50 5.00 10.80 0.42162134931288647 3.3061404663633602E-002
0.50 5.00 11.20 0.42841060823548549 3.3254292185066404E-002
0.50 5.00 11.60 0.42577042728189285 3.3373336747760156E-002
0.50 5.00 12.00 0.42627340932814733 3.3127639728231108E-002

0.50 5.20 0.00 0.21764860417965784 2.9317230681117492E-002
0.50 5.20 0.40 0.44362046493739166 3.2739905128354167E-002
0.50 5.20 0.80 0.44503920697192284 3.2432705612774899E-002
0.50 5.20 1.20 0.44863191515844525 3.2628931712423939E-002
0.50 5.20 1.60 0.44464848829040948 3.2532305116530782E-002
0.50 5.20 2.00 0.44639428976913731 3.2812072255260366E-002
0.50 5.20 2.40 0.44530990689306965 3.2738884661448212E-002
0.50 5.20 2.80 0.43849020414947154 3.2782686991989468E-002
0.50 5.20 3.20 0.44216397160470355 3.2981009119727671E-002
0.50 5.20 3.60 0.43845773785974967 3.2935441415631504E-002
0.50 5.20 4.00 0.43922116782743970 3.3015442330645586E-002
0.50 5.20 4.40 0.43867169065882805 3.2997012642091851E-002
0.50 5.20 4.80 0.43873282320138945 3.3079380020701758E-002
0.50 5.20 5.20 0.43020563250107802 3.2820003244201257E-002
0.50 5.20 5.60 0.43508584032352998 3.2842348220435344E-002
0.50 5.20 6.00 0.43836182459931122 3.3059381038828869E-002
0.50 5.20 6.40 0.43687778076083078 3.2968262320172900E-002
0.50 5.20 6.80 0.43282666802713188 3.2874701111416299E-002
0.50 5.20 7.20 0.43544783146323357 3.2993692435937055E-002
0.50 5.20 7.60 0.43284487135482186 3.3098484646112543E-002
0.50 5.20 8.00 0.43162187691558779 3.3102006761860370E-002
0.50 5.20 8.40 0.43359106770593836 3.3141789423652757E-002
0.50 5.20 8.80 0.42594982566945250 3.3112946183745683E-002
0.50 5.20 9.20 0.43133140589660579 3.3114917397057506E-002
0.50 5.20 9.60 0.42891841244868489 3.3117326389951074E-002
0.50 5.20 10.00 0.42987971007094650 3.3267452196108674E-002
0.50 5.20 10.40 Binary file (standard input) matches
0.50 5.20 10.80 0.42607896553466273 3.3024870672290131E-002
0.50 5.20 11.20 0.42607606252734492 3.3127200177653963E-002
0.50 5.20 11.60 0.42598636797178591 3.3189098812765619E-002
0.50 5.20 12.00 0.42504681937200067 3.3105221942643516E-002

0.50 5.40 0.00 0.13940711211419182 2.5091548358500679E-002
0.50 5.40 0.40 0.44301977653823216 3.2734451372915641E-002
0.50 5.40 0.80 0.44821815520237107 3.2679904658101687E-002
0.50 5.40 1.20 0.44698291135189316 3.2762276802099824E-002
0.50 5.40 1.60 0.44309969888677003 3.2837064908333789E-002
0.50 5.40 2.00 0.44689943911393809 3.2827540107344108E-002
0.50 5.40 2.40 0.43958519321002154 3.2929004941365719E-002
0.50 5.40 2.80 0.43771664013063394 3.2833515129585683E-002
0.50 5.40 3.20 0.44119053521649843 3.2743085056052612E-002
0.50 5.40 3.60 0.43839989163169990 3.3075157882770247E-002
0.50 5.40 4.00 0.44090599346322934 3.3054634177206492E-002
0.50 5.40 4.40 0.43698468456223027 3.2828900315783761E-002
0.50 5.40 4.80 0.43960886654683701 3.2912601747007365E-002
0.50 5.40 5.20 0.43498393829914067 3.3061250693108737E-002
0.50 5.40 5.60 0.43346563073480293 3.2982863078635578E-002
0.50 5.40 6.00 0.43861444381671494 3.3207667844421133E-002
0.50 5.40 6.40 0.43862079207321036 3.3051522375471890E-002
0.50 5.40 6.80 0.43582375079250202 3.3043538753348617E-002
0.50 5.40 7.20 0.42940836584326636 3.2958543549959807E-002
0.50 5.40 7.60 0.43048737620126010 3.2958247833540968E-002
0.50 5.40 8.00 0.43239135604690360 3.2974826152753885E-002
0.50 5.40 8.40 0.43382726986892628 3.3074054822862464E-002
0.50 5.40 8.80 0.43194276906691237 3.3290370277482488E-002
0.50 5.40 9.20 0.43285655713561716 3.3112330191288175E-002
0.50 5.40 9.60 0.43069442959694298 3.3268994221736875E-002
0.50 5.40 10.00 0.42951207135025599 3.3174479193670274E-002
0.50 5.40 10.40 0.42836965245762099 3.3080042103594130E-002
0.50 5.40 10.80 0.43193539375262252 3.3158459715781650E-002
0.50 5.40 11.20 0.42537340310724003 3.3182093964249294E-002
0.50 5.40 11.60 0.42506865226139079 3.3116816134020455E-002
0.50 5.40 12.00 0.42474174659068087 3.3262896995015862E-002

0.50 5.60 0.00 0.15120380531153010 2.7293872032563657E-002
0.50 5.60 0.40 0.43829387805679526 3.2675170400438443E-002
0.50 5.60 0.80 0.44764028720735183 3.2854029214028767E-002
0.50 5.60 1.20 0.44249693623578451 3.2771942331020834E-002
0.50 5.60 1.60 Binary file (standard input) matches
0.50 5.60 2.00 0.44277182359629963 3.2769218064289833E-002
0.50 5.60 2.40 0.43993681671504642 3.2737067839975903E-002
0.50 5.60 2.80 0.43790434817401336 3.2933596267334067E-002
0.50 5.60 3.20 0.43512859092754591 3.2909801744778415E-002
0.50 5.60 3.60 0.43771427136573343 3.2818256436130719E-002
0.50 5.60 4.00 0.43439177320408878 3.2866374580427508E-002
0.50 5.60 4.40 0.43442495073673842 3.3043279886421029E-002
0.50 5.60 4.80 0.43178201022190105 3.3062949108057391E-002
0.50 5.60 5.20 0.43586124893575234 3.2954743534675597E-002
0.50 5.60 5.60 0.43199002690968252 3.2952298440507052E-002
0.50 5.60 6.00 0.42827381874602122 3.3094303976461563E-002
0.50 5.60 6.40 0.43418890538108174 3.2945350231027952E-002
0.50 5.60 6.80 0.43377199505548020 3.3044930817999536E-002
0.50 5.60 7.20 0.42726944854492893 3.3006502425674718E-002
0.50 5.60 7.60 0.43259669162885972 3.3253578516567309E-002
0.50 5.60 8.00 0.42998331863107364 3.3147633762115526E-002
0.50 5.60 8.40 0.42779384229603723 3.2955650680327665E-002
0.50 5.60 8.80 0.43455685135787558 3.3338822385482074E-002
0.50 5.60 9.20 0.42726584312354177 3.2828188226692895E-002
0.50 5.60 9.60 0.42842153598870664 3.3094287680384346E-002
0.50 5.60 10.00 0.42618029394838047 3.3029144594665265E-002
0.50 5.60 10.40 0.42691206056327313 3.3052427378014171E-002
0.50 5.60 10.80 0.42750351296129685 3.3030161115776953E-002
0.50 5.60 11.20 0.42444466869605757 3.3200774440894067E-002
0.50 5.60 11.60 0.42587233405978087 3.3033473362119863E-002
0.50 5.60 12.00 0.42609845419322695 3.3191565871673379E-002

0.50 5.80 0.00 0.21343092344655062 2.9362913035730943E-002
0.50 5.80 0.40 0.43811286112282072 3.2881322210250884E-002
0.50 5.80 0.80 0.44232419808745815 3.2624972796595798E-002
0.50 5.80 1.20 0.44117726283890690 3.3030755174861780E-002
0.50 5.80 1.60 0.44033008141764796 3.2678620326710789E-002
0.50 5.80 2.00 0.43728968068848628 3.2836785788240522E-002
0.50 5.80 2.40 0.43456630288531040 3.2922824526441380E-002
0.50 5.80 2.80 0.43598600225542228 3.2848338614419791E-002
0.50 5.80 3.20 0.43427725574045245 3.2905287596702970E-002
0.50 5.80 3.60 0.43400080642915839 3.3192124145323749E-002
0.50 5.80 4.00 0.43424245572631265 3.2872623482640501E-002
0.50 5.80 4.40 0.43323150227678370 3.2952436734174723E-002
0.50 5.80 4.80 0.43450036759960220 3.2990592240042797E-002
0.50 5.80 5.20 0.43146933033266344 3.3040503821837812E-002
0.50 5.80 5.60 0.43393418452955396 3.3006592084349716E-002
0.50 5.80 6.00 0.42797249880038574 3.2846021422338077E-002
0.50 5.80 6.40 0.43029048989457114 3.3093449522075824E-002
0.50 5.80 6.80 Binary file (standard input) matches
0.50 5.80 7.20 0.43196500538761945 3.2930602391813134E-002
0.50 5.80 7.60 0.43131755681990225 3.3029474557991080E-002
0.50 5.80 8.00 0.42611934406896462 3.2999531146289181E-002
0.50 5.80 8.40 0.43223882814225839 3.2830537043823209E-002
0.50 5.80 8.80 0.42854716947281996 3.2782285986024014E-002
0.50 5.80 9.20 0.43117577242842575 3.3000307001941682E-002
0.50 5.80 9.60 0.42560798546395473 3.3072627773653385E-002
0.50 5.80 10.00 0.42253128894155240 3.3083434473749791E-002
0.50 5.80 10.40 0.42639161146768279 3.3239197772426343E-002
0.50 5.80 10.80 0.42621342961580455 3.3010534711126312E-002
0.50 5.80 11.20 0.42322678530564567 3.3315143748266669E-002
0.50 5.80 11.60 0.42387198317381325 3.3224086225961562E-002
0.50 5.80 12.00 0.42154752470919005 3.3141740550766408E-002

0.50 6.00 0.00 0.25545437296737672 3.6828925377232216E-002
0.50 6.00 0.40 0.44075451912160268 3.2733849446416996E-002
0.50 6.00 0.80 0.44218918271838514 3.2907577257539115E-002
0.50 6.00 1.20 0.44343901569130406 3.2903251096077217E-002
0.50 6.00 1.60 0.44085361885998064 3.2821911763837100E-002
0.50 6.00 2.00 0.43963223556790770 3.2928730054387456E-002
0.50 6.00 2.40 0.43728422686022705 3.3087558633932278E-002
0.50 6.00 2.80 0.43393452308722036 3.2985393059105833E-002
0.50 6.00 3.20 0.43763721404320666 3.3002187575637540E-002
0.50 6.00 3.60 0.43823010240199789 3.3078940688309952E-002
0.50 6.00 4.00 0.43319803669751378 3.2998426086150126E-002
0.50 6.00 4.40 0.43622791420865853 3.3083312430402211E-002
0.50 6.00 4.80 0.43142579330942532 3.2918323865389724E-002
0.50 6.00 5.20 0.43248765645656650 3.3117047804453806E-002
0.50 6.00 5.60 0.43011938760904861 3.2983612177054568E-002
0.50 6.00 6.00 0.42755057085287351 3.2918631093009597E-002
0.50 6.00 6.40 0.43028820749353763 3.3084936517378961E-002
0.50 6.00 6.80 0.42999947733041732 3.3284407732790032E-002
0.50 6.00 7.20 0.42731751391117062 3.2846341372774868E-002
0.50 6.00 7.60 0.42380483072471770 3.2993143362303114E-002
0.50 6.00 8.00 0.43010650358201835 3.3219397687947308E-002
0.50 6.00 8.40 0.43127258387699541 3.3129571942007226E-002
0.50 6.00 8.80 0.42810626300526194 3.3153890935983865E-002
0.50 6.00 9.20 0.42872988723982575 3.3057810173029660E-002
0.50 6.00 9.60 0.42837961406098224 3.3155101881742755E-002
0.50 6.00 10.00 0.42796347130269830 3.3156407782549906E-002
0.50 6.00 10.40 0.42541367644573996 3.3094207718846240E-002
0.50 6.00 10.80 0.42564713429053597 3.3073706064443056E-002
0.50 6.00 11.20 0.42633023440801665 3.3349969130683901E-002
0.50 6.00 11.60 0.42158199449782102 3.3241600355412244E-002
0.50 6.00 12.00 0.42369425286600126 3.3271950154225620E-002

