200 -2.0163873861873009E-004 NaN 0.50 1.00 0.00
200 -0.10832751452655993 2.9616578300086766E-002 0.50 1.00 0.20
200 -0.15511441491496111 2.7143640420647441E-002 0.50 1.00 0.40
200 -0.14064066984131643 2.7926378894082227E-002 0.50 1.00 0.60
200 -0.15079821222108208 2.9000393307225650E-002 0.50 1.00 0.80
200 -0.24418683420503126 3.7462085247033358E-002 0.50 1.00 1.00
200 -0.19064205320824984 3.2613556425729440E-002 0.50 1.00 1.20
200 -0.21513757855368495 3.2550956725915126E-002 0.50 1.00 1.40
200 -0.25705743847820323 3.3871740868664409E-002 0.50 1.00 1.60
200 -0.24840041545379007 3.4280425564238076E-002 0.50 1.00 1.80
200 -0.25062336478847602 3.4339997562198937E-002 0.50 1.00 2.00
200 -0.28639827272562829 2.9238225090963878E-002 0.50 1.00 2.20
200 -0.34750417525404215 2.8496398914613627E-002 0.50 1.00 2.40
200 -0.38341269109958226 3.1558094499489736E-002 0.50 1.00 2.60
200 -0.34890424692587285 3.0722870919810127E-002 0.50 1.00 2.80
200 -0.43192070521982950 3.3764535435637254E-002 0.50 1.00 3.00
200 -0.42167135518479826 3.0766244703417607E-002 0.50 1.00 3.20
200 -0.45049090375894391 2.8557936052870093E-002 0.50 1.00 3.40
200 -0.43966977306314625 2.7887272353008058E-002 0.50 1.00 3.60
200 -0.50047319026002979 2.9309659904342512E-002 0.50 1.00 3.80
200 -0.58556442373681761 2.6928131469072299E-002 0.50 1.00 4.00
200 -0.48415054064081242 3.4189423307642498E-002 0.50 1.00 4.20
200 -0.47427066480367636 2.9439639398401784E-002 0.50 1.00 4.40
200 -0.56448052864741749 2.9918055448564174E-002 0.50 1.00 4.60
200 -0.51627724701876332 3.3280471256056911E-002 0.50 1.00 4.80
200 -0.58516637982110353 2.6075620838239097E-002 0.50 1.00 5.00
200 -0.59972306596318326 2.5645112317268733E-002 0.50 1.00 5.20
200 -0.64133667989031651 2.3294345740583301E-002 0.50 1.00 5.40
200 -0.59196498234242079 2.7708103818811381E-002 0.50 1.00 5.60
200 -0.59997171764378432 3.0264128262613325E-002 0.50 1.00 5.80
200 -0.59031083506663495 2.6465122736945030E-002 0.50 1.00 6.00
