0.50 0.25 1.00 -0.15372995071473158 1.4729758874153492E-002 0.48600649838018861 3.2234711346239849E-002
0.50 0.25 1.05 -0.13600989405265057 1.4029221866492187E-002 0.48574109390079856 3.1826559146990813E-002
0.50 0.25 1.10 -0.16319645302287997 1.4692623574588722E-002 0.48593795468886658 3.2475368956406403E-002
0.50 0.25 1.15 -0.14518529438928321 1.3283903518116244E-002 0.48075615332334809 3.2273960076791550E-002
0.50 0.25 1.20 -0.17854468655088204 1.6150732689891294E-002 0.47956777905771164 3.2070394296021064E-002
0.50 0.25 1.25 -0.18419192982864011 1.6494560109972686E-002 0.47868799858359345 3.2363791389773765E-002
0.50 0.25 1.30 -0.19648184398487056 1.5316567013325972E-002 0.47113218955231900 3.2771062776214208E-002
0.50 0.25 1.35 -0.22984544762736989 1.6703597249330081E-002 0.46281392160253265 3.2767646312841785E-002
0.50 0.25 1.40 -0.22105563129228684 1.6185487353922983E-002 0.45672027403953031 3.2467067975069500E-002
0.50 0.25 1.45 -0.20868144315370188 1.6557326473880463E-002 0.45614425232553324 3.2768137117860661E-002
0.50 0.25 1.50 -0.23204693379615793 1.7331957042170519E-002 0.45961446984936838 3.2483831635883212E-002
0.50 0.25 1.55 -0.24972211971989255 1.7509926561089281E-002 0.45599378363053200 3.2672444733842149E-002
0.50 0.25 1.60 -0.23437668292213165 1.7566920617590898E-002 0.46474336485070727 3.2657358746803450E-002
0.50 0.25 1.65 -0.24465598229408664 1.8246311536223463E-002 0.44109625907664773 3.2768608102567674E-002
0.50 0.25 1.70 -0.27650132308017161 2.0307479096115029E-002 0.43678001788643339 3.3151078293014696E-002
0.50 0.25 1.75 -0.28410341618280305 1.9230488649570481E-002 0.44275797947356932 3.3092440131533958E-002
0.50 0.25 1.80 -0.26448750940690879 1.8850060803139515E-002 0.44387478401251995 3.3000973767867370E-002
0.50 0.25 1.85 -0.27458075228327961 1.8853143230191483E-002 0.44301727264008489 3.3309619785036937E-002
0.50 0.25 1.90 -0.29611969208422406 1.8172446975012944E-002 0.44096357523991797 3.3226141905479741E-002
0.50 0.25 1.95 -0.30798811187523578 1.8647979373921951E-002 0.44088601498898078 3.3667348507701166E-002
0.50 0.25 2.00 -0.31682333902617704 1.9300550267082186E-002 0.44939853383332679 3.3004938273045487E-002
