200 -4.2344797183839798E-004 NaN 0.50 1.00 0.00
200 -0.10831091029304096 1.8874041481560366E-002 0.50 1.00 0.20
200 -0.11693546620311994 2.0307506876308574E-002 0.50 1.00 0.40
200 -0.12070162792843252 2.6375989041103928E-002 0.50 1.00 0.60
200 -0.14638225038806843 3.0735473072787976E-002 0.50 1.00 0.80
200 -0.15505992112911890 3.0529846457976344E-002 0.50 1.00 1.00
200 -0.17744837918796333 2.8818658100116377E-002 0.50 1.00 1.20
200 -0.13248329979460824 3.1356925693435123E-002 0.50 1.00 1.40
200 -0.18323326504587467 2.9136102177553930E-002 0.50 1.00 1.60
200 -0.22617259274507207 2.7359226748441077E-002 0.50 1.00 1.80
200 -0.25105297825548756 2.5771968539819952E-002 0.50 1.00 2.00
200 -0.29602832650920274 2.9395516343650077E-002 0.50 1.00 2.20
200 -0.25677786624851978 2.7439706065767098E-002 0.50 1.00 2.40
200 -0.30269117762828257 2.8560142430655255E-002 0.50 1.00 2.60
200 -0.27214356700621634 2.9901891490904581E-002 0.50 1.00 2.80
200 -0.33536285449958131 3.4351745447267691E-002 0.50 1.00 3.00
200 -0.40458790792038613 2.5297277546770674E-002 0.50 1.00 3.20
200 -0.39744416705929159 2.9894208713653919E-002 0.50 1.00 3.40
200 -0.38000988509554551 2.5027693851636570E-002 0.50 1.00 3.60
200 -0.45627177210714065 2.2311005159080095E-002 0.50 1.00 3.80
200 -0.49725317924099577 2.6589582466398011E-002 0.50 1.00 4.00
200 -0.46347143547371872 2.5443402863268721E-002 0.50 1.00 4.20
200 -0.52893385112979707 2.2627347002828858E-002 0.50 1.00 4.40
200 -0.51389229729908159 2.5765233040556036E-002 0.50 1.00 4.60
200 -0.52703072101349047 2.5937754390215399E-002 0.50 1.00 4.80
200 -0.51549615991486974 2.4126341572704869E-002 0.50 1.00 5.00
200 -0.58241891382488253 2.4179771669902518E-002 0.50 1.00 5.20
200 -0.53709757376011869 2.5205425524896442E-002 0.50 1.00 5.40
200 -0.59250481874043526 2.1962801230828690E-002 0.50 1.00 5.60
200 -0.57638164068343467 2.6278706006796656E-002 0.50 1.00 5.80
200 -0.62780724663557275 2.4021801017654946E-002 0.50 1.00 6.00
