0.50 0.25 0.00 0.35074389139931400 7.4418353781156132E-002
0.50 0.25 0.50 0.51489666838580217 6.1070535016886092E-002
0.50 0.25 1.00 0.50537161707487444 6.0343388926732189E-002
0.50 0.25 1.50 0.47807218880450919 6.4800438787425807E-002
0.50 0.25 2.00 0.43879636948460571 6.3277341706111587E-002
0.50 0.25 2.50 0.44575385623311603 6.2818762706234724E-002
0.50 0.25 3.00 0.43595380125516731 6.5697060064460910E-002
0.50 0.25 3.50 0.44280181433077698 6.4391586159573952E-002
0.50 0.25 4.00 0.42181155030816142 6.5053056727415751E-002
0.50 0.25 4.50 0.43327070645794535 6.4688247108088667E-002
0.50 0.25 5.00 0.41151694887855333 6.4041602789723345E-002
0.50 0.25 5.50 0.40350242282560322 6.4502681725372352E-002
0.50 0.25 6.00 0.41758093447611561 6.6359888890558841E-002
0.50 0.25 6.50 0.41559038368531798 6.4137286676818478E-002
0.50 0.25 7.00 0.41086087701155471 6.4874608618581034E-002
0.50 0.25 7.50 0.41656472574565029 6.6340477216553131E-002
0.50 0.25 8.00 0.40215244257754046 6.3492803326778494E-002
0.50 0.25 8.50 0.42682980816237664 6.3645786749236891E-002
0.50 0.25 9.00 0.39509137802170957 6.3371978140558533E-002
0.50 0.25 9.50 0.40000471139387689 6.4637453709577145E-002
0.50 0.25 10.00 0.39730404204312875 6.4438763579447528E-002
