0.50 0.00 0.00 0.34804743131377996 1.8095368310640302E-002
0.50 0.00 0.40 0.52040073239467222 1.6099163948561198E-002
0.50 0.00 0.80 0.51526064095418489 1.6172467184950325E-002
0.50 0.00 1.20 0.50640884199606551 1.6258752474601026E-002
0.50 0.00 1.60 0.48352656893387147 1.6533319219128619E-002
0.50 0.00 2.00 0.47427977528361309 1.6717455442118896E-002
0.50 0.00 2.40 0.45553199597941052 1.6971632059907947E-002
0.50 0.00 2.80 Binary file (standard input) matches
0.50 0.00 3.20 0.44023450306704737 1.7128017493409177E-002
0.50 0.00 3.60 0.42864928269801750 1.7102437384938832E-002
0.50 0.00 4.00 0.41928627632374854 1.7327184943879925E-002
0.50 0.00 4.40 0.41724394615110161 1.7253577757271595E-002
0.50 0.00 4.80 0.40982182061124001 1.7428556679153721E-002
0.50 0.00 5.20 0.40648617590921543 1.7360275817970755E-002
0.50 0.00 5.60 0.40442641234039939 1.7372841666922073E-002
0.50 0.00 6.00 0.40260627806935273 1.7436871846064642E-002
0.50 0.00 6.40 0.40420233367312025 1.7410285906750568E-002
0.50 0.00 6.80 0.40030677763494021 1.7407904244098795E-002
0.50 0.00 7.20 0.39558151457470891 1.7442265070981539E-002
0.50 0.00 7.60 Binary file (standard input) matches
0.50 0.00 8.00 0.39732847105268604 1.7503599855849570E-002
0.50 0.00 8.40 0.39444676144596458 1.7561373546806248E-002
0.50 0.00 8.80 0.40054652841935867 1.7518849113688281E-002
0.50 0.00 9.20 0.39174979584110503 1.7467542244039805E-002
0.50 0.00 9.60 0.39328961862111728 1.7533630535168737E-002
0.50 0.00 10.00 0.39804830692083776 1.7525380408893929E-002
0.50 0.00 10.40 0.39274206454594507 1.7605627499353786E-002
0.50 0.00 10.80 0.39604453912450077 1.7541911517313751E-002
0.50 0.00 11.20 0.39106691306988051 1.7506372918150860E-002
0.50 0.00 11.60 0.39142472212979773 1.7563603335919505E-002
0.50 0.00 12.00 0.38909291649941097 1.7524332493850301E-002

0.50 0.20 0.00 Binary file (standard input) matches
0.50 0.20 0.40 0.52592841595931161 1.6159560438782854E-002
0.50 0.20 0.80 0.52416663045025558 1.6123617233869434E-002
0.50 0.20 1.20 0.51271923106480133 1.6316038155905304E-002
0.50 0.20 1.60 0.50570103249189180 1.6352159009040468E-002
0.50 0.20 2.00 0.49138613936532993 1.6505304066598104E-002
0.50 0.20 2.40 0.48462125671960810 1.6612419894216725E-002
0.50 0.20 2.80 0.47225023833279245 1.6718353503542695E-002
0.50 0.20 3.20 0.46686581166679619 1.6841816937772314E-002
0.50 0.20 3.60 0.45888438805461645 1.6913516712431402E-002
0.50 0.20 4.00 0.45167651265211156 1.7022314802777050E-002
0.50 0.20 4.40 0.44773073069291358 1.7058905444607426E-002
0.50 0.20 4.80 0.44089492480564391 1.7149198933039317E-002
0.50 0.20 5.20 Binary file (standard input) matches
0.50 0.20 5.60 0.43452305322054974 1.7216322805489594E-002
0.50 0.20 6.00 0.43092877385781875 1.7193754196692317E-002
0.50 0.20 6.40 0.42835040073205272 1.7158639037013292E-002
0.50 0.20 6.80 0.42207560672128264 1.7289028737295650E-002
0.50 0.20 7.20 0.42654948244684504 1.7236046461880865E-002
0.50 0.20 7.60 0.42007301017175147 1.7246691226234859E-002
0.50 0.20 8.00 0.41946958978842525 1.7344022157090095E-002
0.50 0.20 8.40 0.41792949584173966 1.7348567788707938E-002
0.50 0.20 8.80 0.42028798581950344 1.7429170867666200E-002
0.50 0.20 9.20 0.42024962438076274 1.7380085095527884E-002
0.50 0.20 9.60 0.41549718175367262 1.7405131809266325E-002
0.50 0.20 10.00 Binary file (standard input) matches
0.50 0.20 10.40 0.41632866698878879 1.7411916461520034E-002
0.50 0.20 10.80 0.41396418875304591 1.7411706765869596E-002
0.50 0.20 11.20 0.41167169175117441 1.7406445170013916E-002
0.50 0.20 11.60 0.41075474181263888 1.7420343603555728E-002
0.50 0.20 12.00 0.41080304956709268 1.7427314498093444E-002

0.50 0.40 0.00 0.42495957441722998 1.8177800845315614E-002
0.50 0.40 0.40 0.52819524191701117 1.6054698500011618E-002
0.50 0.40 0.80 0.52263615720980050 1.6100154394016908E-002
0.50 0.40 1.20 0.52064359323138532 1.6181258062960679E-002
0.50 0.40 1.60 0.51711591030947734 1.6179456983153987E-002
0.50 0.40 2.00 0.50600299822395223 1.6397654851461118E-002
0.50 0.40 2.40 0.50037385365421538 1.6420946240793065E-002
0.50 0.40 2.80 Binary file (standard input) matches
0.50 0.40 3.20 0.48403252182234435 1.6612411429250958E-002
0.50 0.40 3.60 0.47451529101791767 1.6698280668686054E-002
0.50 0.40 4.00 0.46869400163552150 1.6798109395271713E-002
0.50 0.40 4.40 0.46677058921594916 1.6830179718316424E-002
0.50 0.40 4.80 0.45291205480973984 1.6929266020523491E-002
0.50 0.40 5.20 0.46086202839219342 1.6855854954340607E-002
0.50 0.40 5.60 0.45021925757066328 1.7042756890078947E-002
0.50 0.40 6.00 0.44617644905766102 1.7029967863515526E-002
0.50 0.40 6.40 0.44594277288684447 1.7088671338998936E-002
0.50 0.40 6.80 0.44026072813205452 1.7188916081868046E-002
0.50 0.40 7.20 0.43865034216202164 1.7149731254141508E-002
0.50 0.40 7.60 Binary file (standard input) matches
0.50 0.40 8.00 0.43521996493973819 1.7255472629393791E-002
0.50 0.40 8.40 0.43353909710752009 1.7183824493999481E-002
0.50 0.40 8.80 0.42806543732809549 1.7200630102901526E-002
0.50 0.40 9.20 0.43045947202755785 1.7260389145289372E-002
0.50 0.40 9.60 0.42676321395830363 1.7348853689895756E-002
0.50 0.40 10.00 0.42734948224433678 1.7277020140205490E-002
0.50 0.40 10.40 0.42345024683169674 1.7342493202251747E-002
0.50 0.40 10.80 0.42016412493801319 1.7281548008522024E-002
0.50 0.40 11.20 0.41851812069309702 1.7333443897468270E-002
0.50 0.40 11.60 0.42046273237443543 1.7422090625747989E-002
0.50 0.40 12.00 0.41498243490773301 1.7338491305742651E-002

0.50 0.60 0.00 Binary file (standard input) matches
0.50 0.60 0.40 0.52923601662955067 1.6142765461028215E-002
0.50 0.60 0.80 0.52745154409481143 1.6109853590617146E-002
0.50 0.60 1.20 0.52010242533644546 1.6207812405496777E-002
0.50 0.60 1.60 0.51665177030594711 1.6322113450068749E-002
0.50 0.60 2.00 0.51483868603953731 1.6202039671529365E-002
0.50 0.60 2.40 0.50664898570363026 1.6354913970090246E-002
0.50 0.60 2.80 0.49923368715550714 1.6421951916273138E-002
0.50 0.60 3.20 0.49685080928553749 1.6488648768819853E-002
0.50 0.60 3.60 0.48397504527442281 1.6624811699223530E-002
0.50 0.60 4.00 0.47978241072907074 1.6684456367795652E-002
0.50 0.60 4.40 0.47727166045608121 1.6780752884787441E-002
0.50 0.60 4.80 Binary file (standard input) matches
0.50 0.60 5.20 0.46513976958235548 1.6883013111363279E-002
0.50 0.60 5.60 0.45602424562183480 1.6893280235899130E-002
0.50 0.60 6.00 0.45834300755869456 1.7024124780195736E-002
0.50 0.60 6.40 0.44912767766977907 1.7060689299604980E-002
0.50 0.60 6.80 0.44842144444348769 1.7070465295368358E-002
0.50 0.60 7.20 0.44618462798974878 1.7149312382784779E-002
0.50 0.60 7.60 0.44336797567229719 1.7153170413899469E-002
0.50 0.60 8.00 0.43618065742411638 1.7094655319193835E-002
0.50 0.60 8.40 0.43507330457429505 1.7161879767805650E-002
0.50 0.60 8.80 0.44080331579245502 1.7229324797685238E-002
0.50 0.60 9.20 0.43353411160875899 1.7263811482464742E-002
0.50 0.60 9.60 Binary file (standard input) matches
0.50 0.60 10.00 0.42824431756403614 1.7259250849037160E-002
0.50 0.60 10.40 0.42974996439193963 1.7224984520047920E-002
0.50 0.60 10.80 0.42476643380772516 1.7344081951283435E-002
0.50 0.60 11.20 0.42863983932541105 1.7322249754315889E-002
0.50 0.60 11.60 0.42395956448493866 1.7351578076699604E-002
0.50 0.60 12.00 0.42657518135701311 1.7294334540639476E-002

0.50 0.80 0.00 0.39224056225574522 1.8683725358429444E-002
0.50 0.80 0.40 0.52394279413683720 1.6112036304137538E-002
0.50 0.80 0.80 0.52278801519030949 1.6124467549984946E-002
0.50 0.80 1.20 0.52240268282945757 1.6110874806072095E-002
0.50 0.80 1.60 0.51872776072304716 1.6157512308920711E-002
0.50 0.80 2.00 Binary file (standard input) matches
0.50 0.80 2.40 0.50978380624249675 1.6289547129111827E-002
0.50 0.80 2.80 0.50264904817481360 1.6417503358966516E-002
0.50 0.80 3.20 0.49794553670779562 1.6476545043919998E-002
0.50 0.80 3.60 0.49280973293973140 1.6570556784161479E-002
0.50 0.80 4.00 0.48995084506022640 1.6631264255051480E-002
0.50 0.80 4.40 0.48111576006859796 1.6705014190621353E-002
0.50 0.80 4.80 0.47187870627641226 1.6843108561420243E-002
0.50 0.80 5.20 0.47014745601948238 1.6851134213538659E-002
0.50 0.80 5.60 0.46397517766421598 1.6912516559708518E-002
0.50 0.80 6.00 0.45708361528594799 1.6943136252415621E-002
0.50 0.80 6.40 0.45871445610334727 1.6965363879583677E-002
0.50 0.80 6.80 Binary file (standard input) matches
0.50 0.80 7.20 0.44743325161181396 1.7110880808294912E-002
0.50 0.80 7.60 0.44512516700491533 1.7078869179365491E-002
0.50 0.80 8.00 0.43634835870792166 1.7187800866464337E-002
0.50 0.80 8.40 0.44545963918810305 1.7067523185187020E-002
0.50 0.80 8.80 0.43173097512037495 1.7149572908904124E-002
0.50 0.80 9.20 0.43688490300036015 1.7268190598395957E-002
0.50 0.80 9.60 0.43356924419697573 1.7151055379821478E-002
0.50 0.80 10.00 0.43067777172509791 1.7294662872969473E-002
0.50 0.80 10.40 0.42960100977549365 1.7328287010437263E-002
0.50 0.80 10.80 0.42717308927462999 1.7226016209147162E-002
0.50 0.80 11.20 0.42614391157817061 1.7345083221385869E-002
0.50 0.80 11.60 Binary file (standard input) matches
0.50 0.80 12.00 0.42639000680247668 1.7349805244773052E-002

0.50 1.00 0.00 0.37129190676651691 1.7461288014957246E-002
0.50 1.00 0.40 0.52158830917354293 1.6224025862341691E-002
0.50 1.00 0.80 0.51993450141137920 1.6149040355114688E-002
0.50 1.00 1.20 0.52013192014793186 1.6168274558209204E-002
0.50 1.00 1.60 0.51813674300033985 1.6239258582182045E-002
0.50 1.00 2.00 0.51385339621392112 1.6250811200455358E-002
0.50 1.00 2.40 0.50871601305808989 1.6316942339342909E-002
0.50 1.00 2.80 0.50333640673020374 1.6396593151187553E-002
0.50 1.00 3.20 0.49856993886680739 1.6444429932087359E-002
0.50 1.00 3.60 0.49142222181780948 1.6569281560786953E-002
0.50 1.00 4.00 0.48353925810880904 1.6642724585448590E-002
0.50 1.00 4.40 Binary file (standard input) matches
0.50 1.00 4.80 0.47159611659698902 1.6820780080547725E-002
0.50 1.00 5.20 0.47034005843422477 1.6882551327971868E-002
0.50 1.00 5.60 0.46537241683482716 1.6981296088336616E-002
0.50 1.00 6.00 0.45955153065361615 1.6819987849692533E-002
0.50 1.00 6.40 0.45639635288498265 1.6923028749477067E-002
0.50 1.00 6.80 0.45111163216523503 1.7060844255802173E-002
0.50 1.00 7.20 0.44310890782516205 1.7124392928012169E-002
0.50 1.00 7.60 0.44613674477712983 1.7090607192028512E-002
0.50 1.00 8.00 0.44112738112408972 1.7151138628222082E-002
0.50 1.00 8.40 0.43956135900749260 1.7124564599558124E-002
0.50 1.00 8.80 0.43615421075441752 1.7178495378593613E-002
0.50 1.00 9.20 Binary file (standard input) matches
0.50 1.00 9.60 0.43194885183223908 1.7302279089023962E-002
0.50 1.00 10.00 0.43009163011911378 1.7189895701941307E-002
0.50 1.00 10.40 0.42824545200886055 1.7421599748935840E-002
0.50 1.00 10.80 0.42601104830767234 1.7435873225697677E-002
0.50 1.00 11.20 0.42679417390078978 1.7301883002914999E-002
0.50 1.00 11.60 0.42381691414475603 1.7410468891497038E-002
0.50 1.00 12.00 0.42209404397120498 1.7342586111799549E-002

0.50 1.20 0.00 0.38911266269983569 1.7807692088707049E-002
0.50 1.20 0.40 0.51850491494806317 1.6180368520803873E-002
0.50 1.20 0.80 0.52002438337783341 1.6144726142220178E-002
0.50 1.20 1.20 0.51922589902479488 1.6294873912335535E-002
0.50 1.20 1.60 Binary file (standard input) matches
0.50 1.20 2.00 0.51526566998495915 1.6192711670810916E-002
0.50 1.20 2.40 0.50366809321771144 1.6425256891779420E-002
0.50 1.20 2.80 0.50030432010683468 1.6451033194671016E-002
0.50 1.20 3.20 0.49568100201304199 1.6544280561138869E-002
0.50 1.20 3.60 0.48681431595289287 1.6577078588594609E-002
0.50 1.20 4.00 0.48462418610579727 1.6536665595809061E-002
0.50 1.20 4.40 0.47514365619675514 1.6784474446413872E-002
0.50 1.20 4.80 0.46789939141067077 1.6805069023590070E-002
0.50 1.20 5.20 0.46825289608647713 1.6849932187814734E-002
0.50 1.20 5.60 0.46288932932645582 1.6886076122417513E-002
0.50 1.20 6.00 0.45742922780011808 1.6993257665926614E-002
0.50 1.20 6.40 Binary file (standard input) matches
0.50 1.20 6.80 0.44817551915305770 1.7055350760570374E-002
0.50 1.20 7.20 0.44266710963079098 1.7124070240230167E-002
0.50 1.20 7.60 0.44023846414592710 1.7207650629158862E-002
0.50 1.20 8.00 0.44516911082088689 1.7200464805679494E-002
0.50 1.20 8.40 0.43776398762043878 1.7224177576171264E-002
0.50 1.20 8.80 0.43340769253312716 1.7220845219409760E-002
0.50 1.20 9.20 0.43260278443660960 1.7297500742101370E-002
0.50 1.20 9.60 0.42847062204936065 1.7280585210035754E-002
0.50 1.20 10.00 0.43043052800573711 1.7181968123855716E-002
0.50 1.20 10.40 0.42692554609318262 1.7352704863683156E-002
0.50 1.20 10.80 0.42393267263658413 1.7245849397948480E-002
0.50 1.20 11.20 0.42730799014651255 1.7298572123457794E-002
0.50 1.20 11.60 Binary file (standard input) matches
0.50 1.20 12.00 0.41871072893779021 1.7301849857638843E-002

0.50 1.40 0.00 0.36663364935204090 1.8477954340814541E-002
0.50 1.40 0.40 0.51688448337089710 1.6250647854206556E-002
0.50 1.40 0.80 0.51788535427514415 1.6280122956060173E-002
0.50 1.40 1.20 0.51601437770609149 1.6257674163220253E-002
0.50 1.40 1.60 0.51515619436241566 1.6334303153826654E-002
0.50 1.40 2.00 0.50648082006219197 1.6312838944277343E-002
0.50 1.40 2.40 0.50683569988261001 1.6441325122349654E-002
0.50 1.40 2.80 0.49947608021220125 1.6451787741150869E-002
0.50 1.40 3.20 0.49085313038165601 1.6490893113005410E-002
0.50 1.40 3.60 Binary file (standard input) matches
0.50 1.40 4.00 0.48284785983682826 1.6715776261212196E-002
0.50 1.40 4.40 0.47140598280335472 1.6791774036823991E-002
0.50 1.40 4.80 0.46189852710827539 1.6867859183018877E-002
0.50 1.40 5.20 0.46199547686014969 1.6827700823656224E-002
0.50 1.40 5.60 0.45494033128862393 1.6952975662388316E-002
0.50 1.40 6.00 0.45243399403835632 1.7032373697853393E-002
0.50 1.40 6.40 0.44613916896310535 1.6966928692571624E-002
0.50 1.40 6.80 0.44011769779430632 1.7215518073704233E-002
0.50 1.40 7.20 0.43995879568456636 1.7156009246477817E-002
0.50 1.40 7.60 0.43935688080731838 1.7128268326776608E-002
0.50 1.40 8.00 0.43937231985061970 1.7251415616197741E-002
0.50 1.40 8.40 Binary file (standard input) matches
0.50 1.40 8.80 0.43204326047079028 1.7230688433302298E-002
0.50 1.40 9.20 0.42936824692832187 1.7308710685391408E-002
0.50 1.40 9.60 0.42883257991368373 1.7288481099139663E-002
0.50 1.40 10.00 0.42613974388321579 1.7260150026494274E-002
0.50 1.40 10.40 0.42367207230931558 1.7394128818216430E-002
0.50 1.40 10.80 0.42331245634728837 1.7394995184506594E-002
0.50 1.40 11.20 0.41929193064625886 1.7315318140164536E-002
0.50 1.40 11.60 0.41933648432753162 1.7400722789173973E-002
0.50 1.40 12.00 0.41988079962863517 1.7307308355706770E-002

0.50 1.60 0.00 0.34972737169379536 1.7570922770348000E-002
0.50 1.60 0.40 0.51367643946440578 1.6200781911306288E-002
0.50 1.60 0.80 Binary file (standard input) matches
0.50 1.60 1.20 0.51681680305707967 1.6210411276088819E-002
0.50 1.60 1.60 0.51121213486553851 1.6285391440576658E-002
0.50 1.60 2.00 0.50514360197990016 1.6395999797322935E-002
0.50 1.60 2.40 0.50188626197737096 1.6391506225303693E-002
0.50 1.60 2.80 0.49430787855998204 1.6480781502511629E-002
0.50 1.60 3.20 0.49228139569292939 1.6548790129889565E-002
0.50 1.60 3.60 0.48522970087726208 1.6615871748718078E-002
0.50 1.60 4.00 0.47578845663329317 1.6687251557611506E-002
0.50 1.60 4.40 0.46973008073839162 1.6840239199307931E-002
0.50 1.60 4.80 0.46483894595684161 1.6808312940340207E-002
0.50 1.60 5.20 Binary file (standard input) matches
0.50 1.60 5.60 0.45358914190736799 1.7018408438767996E-002
0.50 1.60 6.00 0.45073307536001739 1.7092078474175453E-002
0.50 1.60 6.40 0.44343855910355473 1.7041952395037873E-002
0.50 1.60 6.80 0.44063748366135291 1.7167055563066923E-002
0.50 1.60 7.20 0.43801681655655295 1.7256112688954460E-002
0.50 1.60 7.60 0.43799814800017389 1.7189859350103979E-002
0.50 1.60 8.00 0.43218491513989432 1.7207616691693507E-002
0.50 1.60 8.40 0.43212050337373425 1.7289299030483908E-002
0.50 1.60 8.80 0.42328486839717472 1.7212250805315223E-002
0.50 1.60 9.20 0.42437490403688799 1.7246587735346555E-002
0.50 1.60 9.60 Binary file (standard input) matches
0.50 1.60 10.00 0.41909153677322958 1.7340355165155384E-002
0.50 1.60 10.40 0.42188683755395628 1.7363184111881206E-002
0.50 1.60 10.80 0.42003902454203146 1.7416056453384739E-002
0.50 1.60 11.20 0.41854209597743675 1.7449271918924602E-002
0.50 1.60 11.60 0.41772074179353619 1.7428698067264010E-002
0.50 1.60 12.00 0.41476806032176300 1.7372969177658810E-002

0.50 1.80 0.00 0.36292340019694797 1.7908714445370184E-002
0.50 1.80 0.40 0.51347313418991625 1.6237982592380414E-002
0.50 1.80 0.80 0.51235824174641509 1.6298676126248163E-002
0.50 1.80 1.20 0.51133711048706942 1.6316736697618628E-002
0.50 1.80 1.60 0.50513263251945184 1.6371295610643665E-002
0.50 1.80 2.00 Binary file (standard input) matches
0.50 1.80 2.40 0.50112433286691860 1.6458984938234257E-002
0.50 1.80 2.80 0.49338673990662840 1.6560303967246441E-002
0.50 1.80 3.20 0.48808631394415547 1.6550394257490310E-002
0.50 1.80 3.60 0.48213683193426393 1.6679301827579377E-002
0.50 1.80 4.00 0.47857257272555270 1.6753522099964044E-002
0.50 1.80 4.40 0.47052708859412329 1.6773474513873132E-002
0.50 1.80 4.80 0.46712047212153729 1.6885101065516352E-002
0.50 1.80 5.20 0.45853282861561062 1.6857727400686237E-002
0.50 1.80 5.60 0.45393170869659005 1.6986982771751983E-002
0.50 1.80 6.00 0.45397878407136111 1.7014478187309251E-002
0.50 1.80 6.40 0.45192343536586471 1.7116204683270637E-002
0.50 1.80 6.80 Binary file (standard input) matches
0.50 1.80 7.20 0.44293344850589966 1.7083875682494226E-002
0.50 1.80 7.60 0.43946135438177752 1.7033581822731961E-002
0.50 1.80 8.00 0.43682635896633781 1.7210039839316179E-002
0.50 1.80 8.40 0.43311164378359440 1.7298232198916436E-002
0.50 1.80 8.80 0.43188105996017978 1.7277735657337406E-002
0.50 1.80 9.20 0.43135680786471076 1.7219529222989149E-002
0.50 1.80 9.60 0.42711150873061110 1.7327274305102655E-002
0.50 1.80 10.00 0.42337269302315778 1.7310444822490112E-002
0.50 1.80 10.40 0.42243044663900492 1.7295263596558651E-002
0.50 1.80 10.80 0.42149647407453983 1.7319970056453551E-002
0.50 1.80 11.20 0.42170614830571901 1.7371800335165694E-002
0.50 1.80 11.60 Binary file (standard input) matches
0.50 1.80 12.00 0.42083867065375202 1.7419183668595663E-002

0.50 2.00 0.00 0.34494545004553612 1.8009042547048989E-002
0.50 2.00 0.40 0.51119811756316613 1.6294497572201638E-002
0.50 2.00 0.80 0.51028170399025174 1.6355364446415648E-002
0.50 2.00 1.20 0.50686322020880237 1.6370704543321381E-002
0.50 2.00 1.60 0.50173136853029343 1.6416876830424580E-002
0.50 2.00 2.00 0.49882762701041167 1.6460010223124578E-002
0.50 2.00 2.40 0.49445213952328287 1.6577191356700775E-002
0.50 2.00 2.80 0.49431841124167092 1.6445375159063243E-002
0.50 2.00 3.20 0.48381047892804807 1.6604007196868047E-002
0.50 2.00 3.60 0.48134608319523836 1.6668894911857281E-002
0.50 2.00 4.00 0.47637912946965033 1.6714211029658036E-002
0.50 2.00 4.40 0.47259453040144861 1.6768023068548982E-002
0.50 2.00 4.80 0.47008928836708341 1.6847228801943868E-002
0.50 2.00 5.20 0.46124791258046399 1.6898503626140635E-002
0.50 2.00 5.60 0.46003484942631223 1.6857669537087627E-002
0.50 2.00 6.00 0.45821650721078189 1.6944353532780520E-002
0.50 2.00 6.40 0.45015544990750422 1.7067970160769004E-002
0.50 2.00 6.80 0.44789296757109442 1.7094120744433478E-002
0.50 2.00 7.20 0.44087738661060188 1.7115661741825813E-002
0.50 2.00 7.60 0.44361067588683711 1.7128290083653890E-002
0.50 2.00 8.00 0.44561500678609534 1.7103585195504496E-002
0.50 2.00 8.40 0.44492356226106222 1.7070537650356266E-002
0.50 2.00 8.80 0.43541984954939306 1.7151247854736210E-002
0.50 2.00 9.20 Binary file (standard input) matches
0.50 2.00 9.60 0.43265160076570208 1.7211336800787850E-002
0.50 2.00 10.00 0.42825069644597258 1.7231845845461783E-002
0.50 2.00 10.40 0.42883602333547605 1.7269290588367067E-002
0.50 2.00 10.80 0.42577286832765199 1.7300376840054220E-002
0.50 2.00 11.20 0.42650208489039737 1.7318647917408017E-002
0.50 2.00 11.60 0.42084599087033447 1.7346478400896873E-002
0.50 2.00 12.00 0.42126830594994386 1.7318296427007482E-002

0.50 2.20 0.00 0.32120535125619443 1.7473892038128051E-002
0.50 2.20 0.40 0.50209521730509343 1.6449768132175500E-002
0.50 2.20 0.80 0.50416572251485214 1.6413287606076639E-002
0.50 2.20 1.20 0.49629660741314063 1.6482579756050639E-002
0.50 2.20 1.60
0.50 2.20 2.00 0.49415021635503542 1.6554304053467632E-002
0.50 2.20 2.40 0.49082253706111689 1.6522394666992870E-002
0.50 2.20 2.80 0.48459957588009539 1.6610433644592137E-002
0.50 2.20 3.20 0.48129063069427802 1.6638852235054170E-002
0.50 2.20 3.60 0.48013599162205434 1.6677378355687087E-002
0.50 2.20 4.00 0.48203170960112002 1.6727039863954969E-002
0.50 2.20 4.40 0.47150376696125801 1.6758223572248692E-002
0.50 2.20 4.80 0.46728165653132636 1.6895085230591467E-002
0.50 2.20 5.20 0.46373890132421486 1.6848782796103745E-002
0.50 2.20 5.60 0.46071735840495132 1.6872387362963592E-002
0.50 2.20 6.00 0.45406915295162154 1.6903227938561853E-002
0.50 2.20 6.40 Binary file (standard input) matches
0.50 2.20 6.80 0.44708262728231374 1.7113074609091394E-002
0.50 2.20 7.20 0.44804485680388434 1.7134229680763672E-002
0.50 2.20 7.60 0.44430109815117663 1.7164934425570929E-002
0.50 2.20 8.00 0.44052922748795592 1.7134936462525185E-002
0.50 2.20 8.40 0.44008328495302551 1.7176359512072546E-002
0.50 2.20 8.80 0.43364464462622498 1.7124931373487622E-002
0.50 2.20 9.20 0.43724168534012875 1.7270624670236462E-002
0.50 2.20 9.60 0.42956032129289562 1.7270509239165757E-002
0.50 2.20 10.00 0.43356785608600451 1.7261213657352791E-002
0.50 2.20 10.40 0.42995809451277323 1.7312730864230231E-002
0.50 2.20 10.80 0.43122339756746120 1.7278004685847264E-002
0.50 2.20 11.20 Binary file (standard input) matches
0.50 2.20 11.60 0.42495063674473038 1.7275424947405221E-002
0.50 2.20 12.00 0.42703649516973563 1.7284693126581520E-002

0.50 2.40 0.00 0.36210981234273210 1.7746827769838772E-002
0.50 2.40 0.40 0.50170487914558637 1.6461901499645850E-002
0.50 2.40 0.80 0.49548477661365053 1.6531165943680377E-002
0.50 2.40 1.20 0.48707742993490732 1.6566934099748881E-002
0.50 2.40 1.60 0.49017094400264682 1.6536238587213280E-002
0.50 2.40 2.00 0.48565767677051702 1.6635408387993069E-002
0.50 2.40 2.40 0.47974792630787499 1.6703724395135559E-002
0.50 2.40 2.80 0.48217827846379924 1.6683008398581348E-002
0.50 2.40 3.20 0.48025608274076453 1.6702897835953686E-002
0.50 2.40 3.60 Binary file (standard input) matches
0.50 2.40 4.00 0.47156992633936179 1.6779268615821730E-002
0.50 2.40 4.40 0.46492913753528731 1.6855132941903165E-002
0.50 2.40 4.80 0.46866150327456318 1.6798146370654615E-002
0.50 2.40 5.20 0.46085935878394946 1.6927377074665351E-002
0.50 2.40 5.60 0.45899000766560694 1.6954614673918442E-002
0.50 2.40 6.00 0.45673346994052189 1.7035513116628681E-002
0.50 2.40 6.40 0.44963317970364464 1.7011342269339581E-002
0.50 2.40 6.80 0.44799694363388110 1.7147929312955088E-002
0.50 2.40 7.20 0.44480490323623895 1.7143232129426429E-002
0.50 2.40 7.60 0.44218539565194959 1.7171491440860404E-002
0.50 2.40 8.00 0.44081303364632507 1.7206889805514148E-002
0.50 2.40 8.40 Binary file (standard input) matches
0.50 2.40 8.80 0.43806599932593954 1.7161112183514210E-002
0.50 2.40 9.20 0.43318029396626095 1.7308624921528439E-002
0.50 2.40 9.60 0.43471902959718928 1.7224810513008584E-002
0.50 2.40 10.00 0.43079386169913231 1.7236989636638493E-002
0.50 2.40 10.40 0.43243289750039571 1.7258677488481044E-002
0.50 2.40 10.80 0.42795856376892960 1.7356868593068914E-002
0.50 2.40 11.20 0.42779134045150136 1.7287232314608266E-002
0.50 2.40 11.60 0.42837063902358147 1.7342618604815938E-002
0.50 2.40 12.00 0.42542195118981463 1.7347288749294237E-002

0.50 2.60 0.00 0.33056576820693973 1.6303983665195226E-002
0.50 2.60 0.40 0.48642178551388787 1.6622077087146671E-002
0.50 2.60 0.80 Binary file (standard input) matches
0.50 2.60 1.20 0.48633343789964750 1.6657841901098262E-002
0.50 2.60 1.60 0.48164228016499022 1.6653890367680217E-002
0.50 2.60 2.00 0.48034244372008639 1.6642785453334068E-002
0.50 2.60 2.40 0.47820708965000402 1.6735281126306473E-002
0.50 2.60 2.80 0.47312485123774028 1.6822241965870295E-002
0.50 2.60 3.20 0.47366149752065018 1.6736430418484268E-002
0.50 2.60 3.60 0.46876263226373194 1.6849964967561425E-002
0.50 2.60 4.00 0.46785568640571407 1.6845852944167298E-002
0.50 2.60 4.40 0.46663000323499138 1.6875510939549258E-002
0.50 2.60 4.80 0.45918833898960043 1.6953717907425038E-002
0.50 2.60 5.20 0.45977603713543458 1.6994207001625565E-002
0.50 2.60 5.60 Binary file (standard input) matches
0.50 2.60 6.00 0.45328661393959579 1.6989209722482676E-002
0.50 2.60 6.40 0.44912827769208208 1.7026432930972436E-002
0.50 2.60 6.80 0.44807725332117226 1.7073275414507989E-002
0.50 2.60 7.20 0.44225742887499325 1.7082519926233625E-002
0.50 2.60 7.60 0.44180609713064173 1.7126200169285531E-002
0.50 2.60 8.00 0.43988257305383971 1.7170238720438966E-002
0.50 2.60 8.40 0.43865468666612878 1.7235128396383092E-002
0.50 2.60 8.80 0.43739409738504575 1.7202167075848974E-002
0.50 2.60 9.20 0.43568876805637580 1.7229914085836413E-002
0.50 2.60 9.60 0.43194336234833236 1.7228459873019835E-002
0.50 2.60 10.00 0.43206097780979380 1.7221733497534353E-002
0.50 2.60 10.40 Binary file (standard input) matches
0.50 2.60 10.80 0.42540956384491235 1.7316604279696404E-002
0.50 2.60 11.20 0.42056246708155615 1.7352702167288278E-002
0.50 2.60 11.60 0.42627748304575591 1.7416023026423824E-002
0.50 2.60 12.00 0.42372170646406859 1.7321143451578806E-002

0.50 2.80 0.00 0.30275649571539098 1.7959403056467656E-002
0.50 2.80 0.40 0.47831566574621887 1.6767851324122011E-002
0.50 2.80 0.80 0.48048126645927891 1.6744029187817967E-002
0.50 2.80 1.20 0.47913973547986277 1.6696922570163954E-002
0.50 2.80 1.60 0.48131162128370358 1.6748819886134889E-002
0.50 2.80 2.00 0.47749175182101344 1.6873427712136152E-002
0.50 2.80 2.40 0.46985493621781976 1.6809308566900036E-002
0.50 2.80 2.80 Binary file (standard input) matches
0.50 2.80 3.20 0.46550607314107123 1.6904082043286604E-002
0.50 2.80 3.60 0.46446131592217921 1.6927506020190827E-002
0.50 2.80 4.00 0.45938452435499766 1.6935559018980532E-002
0.50 2.80 4.40 0.45831802077452810 1.6902044405504385E-002
0.50 2.80 4.80 0.45817063334710495 1.6966709883397348E-002
0.50 2.80 5.20 0.45291730990992729 1.6993377352879174E-002
0.50 2.80 5.60 0.44823551166402031 1.7055914473480063E-002
0.50 2.80 6.00 0.44770251454025889 1.7102519385610773E-002
0.50 2.80 6.40 0.44270528449937085 1.7142566665468095E-002
0.50 2.80 6.80 0.44655570956943069 1.7096561429427847E-002
0.50 2.80 7.20 0.44179560106327304 1.7131877266385116E-002
0.50 2.80 7.60 Binary file (standard input) matches
0.50 2.80 8.00 0.44084648958660122 1.7168296379423735E-002
0.50 2.80 8.40 0.43131075297766247 1.7142482876939983E-002
0.50 2.80 8.80 0.43190223865642918 1.7268245594352746E-002
0.50 2.80 9.20 0.43040580054844435 1.7232755584182857E-002
0.50 2.80 9.60 0.43138891647226529 1.7309886690502749E-002
0.50 2.80 10.00 0.42533010850620323 1.7359696410804766E-002
0.50 2.80 10.40 0.42765166258145254 1.7344488672990648E-002
0.50 2.80 10.80 0.42682582074839548 1.7334643795693938E-002
0.50 2.80 11.20 0.42366829926496913 1.7385331149504784E-002
0.50 2.80 11.60 0.42273873792558059 1.7370362050019277E-002
0.50 2.80 12.00 0.42051484219631130 1.7361981133456144E-002

0.50 3.00 0.00 Binary file (standard input) matches
0.50 3.00 0.40 0.47155418007771777 1.6829833245910492E-002
0.50 3.00 0.80 0.47600265367676525 1.6793667931552431E-002
0.50 3.00 1.20 0.47847029600702518 1.6756641567734785E-002
0.50 3.00 1.60 0.47199301205324351 1.6838447447298538E-002
0.50 3.00 2.00 0.46541139207705379 1.6947775895529232E-002
0.50 3.00 2.40 0.46490315343217947 1.6852264223028157E-002
0.50 3.00 2.80 0.45971976485652732 1.6875501328447375E-002
0.50 3.00 3.20 0.45978238305151348 1.6967191867473103E-002
0.50 3.00 3.60 0.45817158753386050 1.7034562558913047E-002
0.50 3.00 4.00 0.45646123625250185 1.7031940785906544E-002
0.50 3.00 4.40 0.45379014226430181 1.6947166513098206E-002
0.50 3.00 4.80 0.45471202294823854 1.7002944279301650E-002
0.50 3.00 5.20 Binary file (standard input) matches
0.50 3.00 5.60 0.44686587660574595 1.7107425561026988E-002
0.50 3.00 6.00 0.44441908305732553 1.7186190935938303E-002
0.50 3.00 6.40 0.44374666767830762 1.7192127641514749E-002
0.50 3.00 6.80 0.43547257410145351 1.7245849754603079E-002
0.50 3.00 7.20 0.43669451802856701 1.7218018625655810E-002
0.50 3.00 7.60 0.43617071922293754 1.7201273053629756E-002
0.50 3.00 8.00 0.43294175315793471 1.7234658825281871E-002
0.50 3.00 8.40 0.43101337033196785 1.7300369332845834E-002
0.50 3.00 8.80 0.43078480765964711 1.7289595078608295E-002
0.50 3.00 9.20 0.42837798415557621 1.7293554432912785E-002
0.50 3.00 9.60 Binary file (standard input) matches
0.50 3.00 10.00 0.42402935928563268 1.7369605651623099E-002
0.50 3.00 10.40 0.42158223390390787 1.7304233228541539E-002
0.50 3.00 10.80 0.42124637718549529 1.7385699153092907E-002
0.50 3.00 11.20 0.42128229156910219 1.7412058620390868E-002
0.50 3.00 11.60 0.41880941664937843 1.7359240903541125E-002
0.50 3.00 12.00 0.41799253547996607 1.7404875685796108E-002

0.50 3.20 0.00 0.25783346461265905 1.6035780935841373E-002
0.50 3.20 0.40 0.46705704385727753 1.6875274084284710E-002
0.50 3.20 0.80 0.47439833150735289 1.6920934145158346E-002
0.50 3.20 1.20 0.47341817912735512 1.6701555724327802E-002
0.50 3.20 1.60 0.46889301589025817 1.6905867647885764E-002
0.50 3.20 2.00 0.46489239752007866 1.6874365554870908E-002
0.50 3.20 2.40 0.46221596625072292 1.6981908783805309E-002
0.50 3.20 2.80 Binary file (standard input) matches
0.50 3.20 3.20 0.45831161815307297 1.6977187203655889E-002
0.50 3.20 3.60 0.45647800738695399 1.6994260321568394E-002
0.50 3.20 4.00 0.45293948622297542 1.7034569258811583E-002
0.50 3.20 4.40 0.45069984769711163 1.6993422114563211E-002
0.50 3.20 4.80 0.44712240989235275 1.7031268537510403E-002
0.50 3.20 5.20 0.44825269272144153 1.7083912382048656E-002
0.50 3.20 5.60 0.44624408284922878 1.7088471622531225E-002
0.50 3.20 6.00 0.44322331856056846 1.7105553056930796E-002
0.50 3.20 6.40 0.44161602231329838 1.7211871354282152E-002
0.50 3.20 6.80 0.43639155048741074 1.7209286601826509E-002
0.50 3.20 7.20 0.43794174243829864 1.7238277432361455E-002
0.50 3.20 7.60 Binary file (standard input) matches
0.50 3.20 8.00 0.43158288054497584 1.7273275269013975E-002
0.50 3.20 8.40 0.42685737160625015 1.7355133448188891E-002
0.50 3.20 8.80 0.42931151362326492 1.7254751801463984E-002
0.50 3.20 9.20 0.42748923393806271 1.7299316131308171E-002
0.50 3.20 9.60 0.42469293872677960 1.7320610719969275E-002
0.50 3.20 10.00 0.42467123685726949 1.7317959909589772E-002
0.50 3.20 10.40 0.42328524207304286 1.7374936664373716E-002
0.50 3.20 10.80 0.41892500873709737 1.7323683520041686E-002
0.50 3.20 11.20 0.41929769102658776 1.7355228632190134E-002
0.50 3.20 11.60 0.41960132716231041 1.7390691448612616E-002
0.50 3.20 12.00 0.41726001157464621 1.7438617970191951E-002

0.50 3.40 0.00 Binary file (standard input) matches
0.50 3.40 0.40 0.47227284378362705 1.6786834441123874E-002
0.50 3.40 0.80 0.47584790635368035 1.6859719003790130E-002
0.50 3.40 1.20 0.47165877603177897 1.6804297178187554E-002
0.50 3.40 1.60 0.46640131440350929 1.6893060887753806E-002
0.50 3.40 2.00 0.46392173781437024 1.6962182342244399E-002
0.50 3.40 2.40 0.45934987871471950 1.6981787579657733E-002
0.50 3.40 2.80 0.45721836211858247 1.6944189574244293E-002
0.50 3.40 3.20 0.45627485391192335 1.7033227391314808E-002
0.50 3.40 3.60 0.45477540534132321 1.6968828722831973E-002
0.50 3.40 4.00 0.45294406780856250 1.7002173081392073E-002
0.50 3.40 4.40 0.44963277848084021 1.7057346431697106E-002
0.50 3.40 4.80 Binary file (standard input) matches
0.50 3.40 5.20 0.44614637955323772 1.7138949847556626E-002
0.50 3.40 5.60 0.44409657435080796 1.7085784424181485E-002
0.50 3.40 6.00 0.44336192860715784 1.7190322658155427E-002
0.50 3.40 6.40 0.44134647719837067 1.7119586237233902E-002
0.50 3.40 6.80 0.44210463973018060 1.7144976980637733E-002
0.50 3.40 7.20 0.43643781584900365 1.7204106359575821E-002
0.50 3.40 7.60 0.43401872159511201 1.7218066604748290E-002
0.50 3.40 8.00 0.43406421135823542 1.7223947284510627E-002
0.50 3.40 8.40 0.42819696283224051 1.7163208878381936E-002
0.50 3.40 8.80 0.42873420221447206 1.7240468667142041E-002
0.50 3.40 9.20 0.43201053113968779 1.7286297939519472E-002
0.50 3.40 9.60 0.42487628790096899 1.7295540858159656E-002
0.50 3.40 10.00 Binary file (standard input) matches
0.50 3.40 10.40 0.42202465601454292 1.7398625162825358E-002
0.50 3.40 10.80 0.42294026077671110 1.7385125402118316E-002
0.50 3.40 11.20 0.42125961673417728 1.7271865509323320E-002
0.50 3.40 11.60 0.42317420348731344 1.7471407104466992E-002
0.50 3.40 12.00 0.42034929526219844 1.7442674260771528E-002

0.50 3.60 0.00 0.24370530383334019 1.6686613983921586E-002
0.50 3.60 0.40 0.47852338508689918 1.6784078107930565E-002
0.50 3.60 0.80 0.47184891594010858 1.6875498137734955E-002
0.50 3.60 1.20 0.46793459041179342 1.6853840629577087E-002
0.50 3.60 1.60 0.46450279538969752 1.6897294713528622E-002
0.50 3.60 2.00 0.46248488734707338 1.6979080004239935E-002
0.50 3.60 2.40 Binary file (standard input) matches
0.50 3.60 2.80 0.45777063305876853 1.6996312599061536E-002
0.50 3.60 3.20 0.45405543744641175 1.7028998584460192E-002
0.50 3.60 3.60 0.45559358768156538 1.6985383584383226E-002
0.50 3.60 4.00 0.44919365053898874 1.7072540717674878E-002
0.50 3.60 4.40 0.45228633847404992 1.7016276040107269E-002
0.50 3.60 4.80 0.44777787655879131 1.7019645504429141E-002
0.50 3.60 5.20 0.44497195176841337 1.7071381011522661E-002
0.50 3.60 5.60 0.44366356179825506 1.7089884969101861E-002
0.50 3.60 6.00 0.44388915173281429 1.7123724424247606E-002
0.50 3.60 6.40 0.43882343864850648 1.7069424845568542E-002
0.50 3.60 6.80 0.43975129867683682 1.7133535269541256E-002
0.50 3.60 7.20 Binary file (standard input) matches
0.50 3.60 7.60 0.43534185840668782 1.7213855093195122E-002
0.50 3.60 8.00 0.43266096858264558 1.7269094948202127E-002
0.50 3.60 8.40 0.43902800196215813 1.7344909399178841E-002
0.50 3.60 8.80 0.43243484930279408 1.7226282473987612E-002
0.50 3.60 9.20 0.43064244620319803 1.7347781494660416E-002
0.50 3.60 9.60 0.42626958507935375 1.7312875932362339E-002
0.50 3.60 10.00 0.43139786165350846 1.7272746216609847E-002
0.50 3.60 10.40 0.42712416560048289 1.7212981758894835E-002
0.50 3.60 10.80 0.42142580512495798 1.7334149292507831E-002
0.50 3.60 11.20 0.42648456479073210 1.7377377931863083E-002
0.50 3.60 11.60 0.42124438952416304 1.7382241736418599E-002
0.50 3.60 12.00 Binary file (standard input) matches

0.50 3.80 0.00 0.25234495618893499 1.7046303072131862E-002
0.50 3.80 0.40 0.47270103538040242 1.6880943132593505E-002
0.50 3.80 0.80 0.46672623560107790 1.6893135526148781E-002
0.50 3.80 1.20 0.46442096010600509 1.6904997824693378E-002
0.50 3.80 1.60 0.46081689533596482 1.7003858114350772E-002
0.50 3.80 2.00 0.45857214893043485 1.6964581424470961E-002
0.50 3.80 2.40 0.45925795232799765 1.6988475505815528E-002
0.50 3.80 2.80 0.45894086037049481 1.7001351008927152E-002
0.50 3.80 3.20 0.45244897030972481 1.7002593145678466E-002
0.50 3.80 3.60 0.45145046619528212 1.7067200307124143E-002
0.50 3.80 4.00 0.44879636950538171 1.7055071339834960E-002
0.50 3.80 4.40 Binary file (standard input) matches
0.50 3.80 4.80 0.44973430538697501 1.7071114027085395E-002
0.50 3.80 5.20 0.44666329389165804 1.7089067891824013E-002
0.50 3.80 5.60 0.44393803401326731 1.7108176224685471E-002
0.50 3.80 6.00 0.44585510239560772 1.7155935971019335E-002
0.50 3.80 6.40 0.44194194441299189 1.7151473921543769E-002
0.50 3.80 6.80 0.43883673760979997 1.7159133311709429E-002
0.50 3.80 7.20 0.43822642713854132 1.7148526547822972E-002
0.50 3.80 7.60 0.43512580029548109 1.7123033088808425E-002
0.50 3.80 8.00 0.43388492437263332 1.7246175598941746E-002
0.50 3.80 8.40 0.43474224456135169 1.7171373397481909E-002
0.50 3.80 8.80 Binary file (standard input) matches
0.50 3.80 9.20 0.43071249410320567 1.7304587887345711E-002
0.50 3.80 9.60 0.42769987043390600 1.7268747996173811E-002
0.50 3.80 10.00 0.42554027772746650 1.7311031796617044E-002
0.50 3.80 10.40 0.42778716444708109 1.7315513952389422E-002
0.50 3.80 10.80 0.42377841492564039 1.7303850008938460E-002
0.50 3.80 11.20 0.42255128189985847 1.7335487524506879E-002
0.50 3.80 11.60 0.42656365783824074 1.7450027580191509E-002
0.50 3.80 12.00 0.42211303433116176 1.7358720456921096E-002

0.50 4.00 0.00 0.23680349716946353 1.7167008988265189E-002
0.50 4.00 0.40 0.46435838914336625 1.6849307026151686E-002
0.50 4.00 0.80 0.46704642330027968 1.6966580758364724E-002
0.50 4.00 1.20 Binary file (standard input) matches
0.50 4.00 1.60 0.45749288765651908 1.7071512472497375E-002
0.50 4.00 2.00 0.45942394099215933 1.7015255390065497E-002
0.50 4.00 2.40 0.45442147356562951 1.7005080510496304E-002
0.50 4.00 2.80 0.45303558071532812 1.7073475703447437E-002
0.50 4.00 3.20 0.44641444115621276 1.7028083800123574E-002
0.50 4.00 3.60 0.44815299030867373 1.7045209436799300E-002
0.50 4.00 4.00 0.44472871520242468 1.7063250233444238E-002
0.50 4.00 4.40 0.44669575017624946 1.7124840447700379E-002
0.50 4.00 4.80 0.44314564898157921 1.7228798427772335E-002
0.50 4.00 5.20 0.44297068680551110 1.7146805965288194E-002
0.50 4.00 5.60 0.44091221525481733 1.7214008723712065E-002
0.50 4.00 6.00 Binary file (standard input) matches
0.50 4.00 6.40 0.43695268596823145 1.7172193069575938E-002
0.50 4.00 6.80 0.43804514291066299 1.7181219629676048E-002
0.50 4.00 7.20 0.43774657504781433 1.7211969835026326E-002
0.50 4.00 7.60 0.43584761551700757 1.7273065719152436E-002
0.50 4.00 8.00 0.43523529765599295 1.7314236949492176E-002
0.50 4.00 8.40 0.43228153827058513 1.7241584069166455E-002
0.50 4.00 8.80 0.42756990859666122 1.7217809679233184E-002
0.50 4.00 9.20 0.43067658830597422 1.7239158261440582E-002
0.50 4.00 9.60 0.42731252941693043 1.7279400080182424E-002
0.50 4.00 10.00 0.42702934018578337 1.7296922126557077E-002
0.50 4.00 10.40 0.42595675751917339 1.7360800154713762E-002
0.50 4.00 10.80 Binary file (standard input) matches
0.50 4.00 11.20 0.42660655999437064 1.7385702525062444E-002
0.50 4.00 11.60 0.42282829683965550 1.7278507903869325E-002
0.50 4.00 12.00 0.42306766425520009 1.7488165431139485E-002

0.50 4.20 0.00 0.20875374000367683 1.5993740059130110E-002
0.50 4.20 0.40 0.46245023397849144 1.6993209685333511E-002
0.50 4.20 0.80 0.46098875639513670 1.6984392508246644E-002
0.50 4.20 1.20 0.45994666455172623 1.6945660393043887E-002
0.50 4.20 1.60 0.45546807810295159 1.6979730138843688E-002
0.50 4.20 2.00 0.45382140378624819 1.6975746424494637E-002
0.50 4.20 2.40 0.45171205005047482 1.7083453097116730E-002
0.50 4.20 2.80 0.44859290241510391 1.7068900924296519E-002
0.50 4.20 3.20 Binary file (standard input) matches
0.50 4.20 3.60 0.44608464070734072 1.7181223218123071E-002
0.50 4.20 4.00 0.44374200102667105 1.7157887301369794E-002
0.50 4.20 4.40 0.44395383048738396 1.7236304004972648E-002
0.50 4.20 4.80 0.44073265563721131 1.7220744986640925E-002
0.50 4.20 5.20 0.43902798983583091 1.7245253033631790E-002
0.50 4.20 5.60 0.43889955725894170 1.7199906035202911E-002
0.50 4.20 6.00 0.43638452218023971 1.7237543518377797E-002
0.50 4.20 6.40 0.43590598518535345 1.7209826802942564E-002
0.50 4.20 6.80 0.43728576890751836 1.7207197836579400E-002
0.50 4.20 7.20 0.43445544296319882 1.7234803714046797E-002
0.50 4.20 7.60 0.43398167369863072 1.7329789029975524E-002
0.50 4.20 8.00 Binary file (standard input) matches
0.50 4.20 8.40 0.43164247843123071 1.7325306611002931E-002
0.50 4.20 8.80 0.43036515179257717 1.7300961120068067E-002
0.50 4.20 9.20 0.42741704835832028 1.7284859824187242E-002
0.50 4.20 9.60 0.42472294715955633 1.7333936343107061E-002
0.50 4.20 10.00 0.42811464441676933 1.7347472695421123E-002
0.50 4.20 10.40 0.42092205852231313 1.7423920967600516E-002
0.50 4.20 10.80 0.42330203809009648 1.7320431320298289E-002
0.50 4.20 11.20 0.42560407690680180 1.7332394612717399E-002
0.50 4.20 11.60 0.42377262868930388 1.7404795532629275E-002
0.50 4.20 12.00 0.41842977671721082 1.7394370318770846E-002

0.50 4.40 0.00 0.23958263888293402 1.7648455319047518E-002
0.50 4.40 0.40 0.45941744686664859 1.7020256485355958E-002
0.50 4.40 0.80 0.46012578177460622 1.7019949663753021E-002
0.50 4.40 1.20 0.45659277119965536 1.7016433036035984E-002
0.50 4.40 1.60 0.45474724996718985 1.7055793257388836E-002
0.50 4.40 2.00 0.45093984085664174 1.7043375580028219E-002
0.50 4.40 2.40 0.44628614318120619 1.7139820024660017E-002
0.50 4.40 2.80 0.44425496198736419 1.7131340352779762E-002
0.50 4.40 3.20 0.44234470396626202 1.7139355316479130E-002
0.50 4.40 3.60 0.43840304939434038 1.7185517476853932E-002
0.50 4.40 4.00 0.43875021051435298 1.7175014742823173E-002
0.50 4.40 4.40 0.43491008342213150 1.7173079558223042E-002
0.50 4.40 4.80 0.43414829375070718 1.7184142727470261E-002
0.50 4.40 5.20 0.43803323770251401 1.7289902681087866E-002
0.50 4.40 5.60 Binary file (standard input) matches
0.50 4.40 6.00 0.42812477327821191 1.7180454629844615E-002
0.50 4.40 6.40 0.43386135330493147 1.7318421418783498E-002
0.50 4.40 6.80 0.42764575824263168 1.7232240504848905E-002
0.50 4.40 7.20 0.42955263736791516 1.7293449675060777E-002
0.50 4.40 7.60 0.43255037070314328 1.7370493281094808E-002
0.50 4.40 8.00 0.43173869626783345 1.7201036229282752E-002
0.50 4.40 8.40 0.42885554825871852 1.7365978788922154E-002
0.50 4.40 8.80 0.42490293596767997 1.7326584076200743E-002
0.50 4.40 9.20 0.42514638856576886 1.7374262150184186E-002
0.50 4.40 9.60 0.42375790731197699 1.7309477700844147E-002
0.50 4.40 10.00 0.42214555055907710 1.7310361472634799E-002
0.50 4.40 10.40 0.42440750825382273 1.7304610286003580E-002
0.50 4.40 10.80 Binary file (standard input) matches
0.50 4.40 11.20 0.41998635659296646 1.7453110031266313E-002
0.50 4.40 11.60 0.42047460366594036 1.7399014948228091E-002
0.50 4.40 12.00 0.41826981623507420 1.7402603472128294E-002

0.50 4.60 0.00 0.22670833794248740 1.7753258818706853E-002
0.50 4.60 0.40 0.45380043656564978 1.7021462176433654E-002
0.50 4.60 0.80 0.45567037135798838 1.6985732784927706E-002
0.50 4.60 1.20 0.45532752086991379 1.6997193867004354E-002
0.50 4.60 1.60 0.45401438956941487 1.7005534230483208E-002
0.50 4.60 2.00 0.44696808470118887 1.7151511271376270E-002
0.50 4.60 2.40 0.44963762416498126 1.7194879936819618E-002
0.50 4.60 2.80 0.44549089040632356 1.7204931798940708E-002
0.50 4.60 3.20 Binary file (standard input) matches
0.50 4.60 3.60 0.43576728777597545 1.7169589488099397E-002
0.50 4.60 4.00 0.43613719829886222 1.7271200730810506E-002
0.50 4.60 4.40 0.43463873416596410 1.7202692381906672E-002
0.50 4.60 4.80 0.43258689582610482 1.7158301932861043E-002
0.50 4.60 5.20 0.43234265053812954 1.7230565106215744E-002
0.50 4.60 5.60 0.42948951806762964 1.7262078494743781E-002
0.50 4.60 6.00 0.43211681204407881 1.7206105734805913E-002
0.50 4.60 6.40 0.43100244175690888 1.7295851382589406E-002
0.50 4.60 6.80 0.43230277335653761 1.7292838768013762E-002
0.50 4.60 7.20 0.43263454313100186 1.7408459289491109E-002
0.50 4.60 7.60 0.42604449088243668 1.7360782414360201E-002
0.50 4.60 8.00 Binary file (standard input) matches
0.50 4.60 8.40 0.42686879255458915 1.7373017174940102E-002
0.50 4.60 8.80 0.42578940092891771 1.7324326754244904E-002
0.50 4.60 9.20 0.42415152459727767 1.7327449484131039E-002
0.50 4.60 9.60 0.42204960948798409 1.7374026928294588E-002
0.50 4.60 10.00 0.42065365955968775 1.7321862517379188E-002
0.50 4.60 10.40 0.42261076111659807 1.7349304119426603E-002
0.50 4.60 10.80 0.42146504686474451 1.7323701022021475E-002
0.50 4.60 11.20 0.41938426851557420 1.7347739744595140E-002
0.50 4.60 11.60 0.41817577605162598 1.7450199450614566E-002
0.50 4.60 12.00 0.41641226305300744 1.7348308181805237E-002

0.50 4.80 0.00 0.21020511107229364 1.6675671979800313E-002
0.50 4.80 0.40 Binary file (standard input) matches
0.50 4.80 0.80 0.45844263150330988 1.7027169625793412E-002
0.50 4.80 1.20 0.45675480555247033 1.7056436130820779E-002
0.50 4.80 1.60 0.45349919294154351 1.7090567204953413E-002
0.50 4.80 2.00 0.44636416902599940 1.7151935604653133E-002
0.50 4.80 2.40 0.44675646208259712 1.7084272869664192E-002
0.50 4.80 2.80 0.44251563366064117 1.7218105835267231E-002
0.50 4.80 3.20 0.43825568858905511 1.7286990764881612E-002
0.50 4.80 3.60 0.43742509752636066 1.7242208298277117E-002
0.50 4.80 4.00 0.43431622701970574 1.7214050537770791E-002
0.50 4.80 4.40 0.43439058114631035 1.7215953658277116E-002
0.50 4.80 4.80 0.43739645910147418 1.7304786752723535E-002
0.50 4.80 5.20 Binary file (standard input) matches
0.50 4.80 5.60 0.43226785357659930 1.7252515897795577E-002
0.50 4.80 6.00 0.43199021122172487 1.7229506618736165E-002
0.50 4.80 6.40 0.42998776495056434 1.7202799618712000E-002
0.50 4.80 6.80 0.42823647353157018 1.7373901119893100E-002
0.50 4.80 7.20 0.42466828785682792 1.7319034565447002E-002
0.50 4.80 7.60 0.42741529898076608 1.7319852870361623E-002
0.50 4.80 8.00 0.42694281640911269 1.7293265626642445E-002
0.50 4.80 8.40 0.42308960274703661 1.7342652098130143E-002
0.50 4.80 8.80 0.42319581598958578 1.7316591974812771E-002
0.50 4.80 9.20 0.42376025412627366 1.7325306086174719E-002
0.50 4.80 9.60 0.42017071704511028 1.7344033529989606E-002
0.50 4.80 10.00 Binary file (standard input) matches
0.50 4.80 10.40 0.42395442979736353 1.7324534249016935E-002
0.50 4.80 10.80 0.41858222340123047 1.7408973634453963E-002
0.50 4.80 11.20 0.41638258917698562 1.7486448234966725E-002
0.50 4.80 11.60 0.41867760079360761 1.7469502929691360E-002
0.50 4.80 12.00 0.41535586679655961 1.7393406043388644E-002

0.50 5.00 0.00 0.20520465100190685 1.5596718288705416E-002
0.50 5.00 0.40 0.45388443193470318 1.7022746741168014E-002
0.50 5.00 0.80 0.45695804322770572 1.6942045272915297E-002
0.50 5.00 1.20 0.45409282460045886 1.7031532537977713E-002
0.50 5.00 1.60 0.45086206827674336 1.7120267055732920E-002
0.50 5.00 2.00 0.44626042891051332 1.7043404281235512E-002
0.50 5.00 2.40 Binary file (standard input) matches
0.50 5.00 2.80 0.44238947097651565 1.7287463231391163E-002
0.50 5.00 3.20 0.43755523609486796 1.7311053715129449E-002
0.50 5.00 3.60 0.43808797325398957 1.7165758950186225E-002
0.50 5.00 4.00 0.43732395639015104 1.7250157157423764E-002
0.50 5.00 4.40 0.43046539173559523 1.7238199786170211E-002
0.50 5.00 4.80 0.43166954459567697 1.7246988588604781E-002
0.50 5.00 5.20 0.42878855329956522 1.7282687844346136E-002
0.50 5.00 5.60 0.43201991825006364 1.7275207067485750E-002
0.50 5.00 6.00 0.42947556201457815 1.7366889449126423E-002
0.50 5.00 6.40 0.42998967320580228 1.7310511250260251E-002
0.50 5.00 6.80 0.42742696810086445 1.7337460915730043E-002
0.50 5.00 7.20 Binary file (standard input) matches
0.50 5.00 7.60 0.42541772525174143 1.7312241864824190E-002
0.50 5.00 8.00 0.42611545800444117 1.7307731059991158E-002
0.50 5.00 8.40 0.42500622824448409 1.7297402147628045E-002
0.50 5.00 8.80 0.42210599770026624 1.7388944196866821E-002
0.50 5.00 9.20 0.42210608467498228 1.7347038288842671E-002
0.50 5.00 9.60 0.42239754090388903 1.7335984463300678E-002
0.50 5.00 10.00 0.42236775618813321 1.7335859332799509E-002
0.50 5.00 10.40 0.42029432533310773 1.7390806087799544E-002
0.50 5.00 10.80 0.42038186338287009 1.7356698469460051E-002
0.50 5.00 11.20 0.41863064866612276 1.7288596103893834E-002
0.50 5.00 11.60 0.41966696542685228 1.7385099865762938E-002
0.50 5.00 12.00 Binary file (standard input) matches

0.50 5.20 0.00 0.16326714588127070 1.3762988682216626E-002
0.50 5.20 0.40 0.45400943684725259 1.7059005267296784E-002
0.50 5.20 0.80 0.45382903466718966 1.7068262178596801E-002
0.50 5.20 1.20 0.45224665413649462 1.7149213194047160E-002
0.50 5.20 1.60 0.44982533968923705 1.7120640599733158E-002
0.50 5.20 2.00 0.45077635628332224 1.7200040153932783E-002
0.50 5.20 2.40 0.44404356763309483 1.7198152974485313E-002
0.50 5.20 2.80 0.44284174406215399 1.7162683140716783E-002
0.50 5.20 3.20 0.43924079137173450 1.7136143094827628E-002
0.50 5.20 3.60 0.43755132996638724 1.7299482231448619E-002
0.50 5.20 4.00 0.43536493546842470 1.7271668341580726E-002
0.50 5.20 4.40 0.43501826643342500 1.7241277543784041E-002
0.50 5.20 4.80 0.42993182435840216 1.7143507512913582E-002
0.50 5.20 5.20 0.42886515601990494 1.7346510107721713E-002
0.50 5.20 5.60 0.43006342265650976 1.7273058125799896E-002
0.50 5.20 6.00 0.42800727406501993 1.7231609928609195E-002
0.50 5.20 6.40 0.42912747533924983 1.7246501185682928E-002
0.50 5.20 6.80 0.42902747998727053 1.7348151006891459E-002
0.50 5.20 7.20 0.42817037489742898 1.7366111240956605E-002
0.50 5.20 7.60 0.43171846425036975 1.7244443546073580E-002
0.50 5.20 8.00 0.42779745729661478 1.7290290415833170E-002
0.50 5.20 8.40 0.42568988181443290 1.7369900469003080E-002
0.50 5.20 8.80 0.42389117615999777 1.7313475750772637E-002
0.50 5.20 9.20 0.42283294351900080 1.7380633399315469E-002
0.50 5.20 9.60 Binary file (standard input) matches
0.50 5.20 10.00 0.42294759481177957 1.7298861000460193E-002
0.50 5.20 10.40 0.42199523624470991 1.7455246258744103E-002
0.50 5.20 10.80 0.41953330156467672 1.7378586190881260E-002
0.50 5.20 11.20 0.41885845979421871 1.7342128888049715E-002
0.50 5.20 11.60 0.42278396900066939 1.7489886769382724E-002
0.50 5.20 12.00 0.41823336561580560 1.7437177928979489E-002

0.50 5.40 0.00 0.16877831083909536 1.5097776844829051E-002
0.50 5.40 0.40 0.44949252267532119 1.7167802317702055E-002
0.50 5.40 0.80 0.45437400388058491 1.7028814573525990E-002
0.50 5.40 1.20 0.44999037652881818 1.7098259768841311E-002
0.50 5.40 1.60 0.45069708792017460 1.7048881180428431E-002
0.50 5.40 2.00 Binary file (standard input) matches
0.50 5.40 2.40 0.44296882210563443 1.7216837654121249E-002
0.50 5.40 2.80 0.44334664737116647 1.7176330269921162E-002
0.50 5.40 3.20 0.43794462340616624 1.7222348379167928E-002
0.50 5.40 3.60 0.43428552388968572 1.7157881250925922E-002
0.50 5.40 4.00 0.43281286482671161 1.7248548370220482E-002
0.50 5.40 4.40 0.43455428889508030 1.7257066066961872E-002
0.50 5.40 4.80 0.43221745730274719 1.7211650800176247E-002
0.50 5.40 5.20 0.42919538894664805 1.7304432383490689E-002
0.50 5.40 5.60 0.42874686318448035 1.7328568857341003E-002
0.50 5.40 6.00 0.42991656595471739 1.7365243175667625E-002
0.50 5.40 6.40 0.42908078073574885 1.7341728629772558E-002
0.50 5.40 6.80 Binary file (standard input) matches
0.50 5.40 7.20 0.42817736117438637 1.7385233605815776E-002
0.50 5.40 7.60 0.42800110697054528 1.7236066646634837E-002
0.50 5.40 8.00 0.42708119692673802 1.7449421462532796E-002
0.50 5.40 8.40 0.42908635421119856 1.7300331558633218E-002
0.50 5.40 8.80 0.42625421595930213 1.7358806707877136E-002
0.50 5.40 9.20 0.42609290696351937 1.7382490450315483E-002
0.50 5.40 9.60 0.42164362772696196 1.7312221486937059E-002
0.50 5.40 10.00 0.42328402806583465 1.7375457205340311E-002
0.50 5.40 10.40 0.41917484038001163 1.7368842627109953E-002
0.50 5.40 10.80 0.42134642310661324 1.7358292594046060E-002
0.50 5.40 11.20 0.42124128880061501 1.7366941687775798E-002
0.50 5.40 11.60 Binary file (standard input) matches
0.50 5.40 12.00 0.41903508765955910 1.7374499266567818E-002

0.50 5.60 0.00 0.23773872810671531 1.6551428756594062E-002
0.50 5.60 0.40 0.45598638415620496 1.7017455396230684E-002
0.50 5.60 0.80 0.45208503738567718 1.7111691994377565E-002
0.50 5.60 1.20 0.44966793139614569 1.7077256870912261E-002
0.50 5.60 1.60 0.44719002055580537 1.7097124634195861E-002
0.50 5.60 2.00 0.44403351725877521 1.7153906929185211E-002
0.50 5.60 2.40 0.44082453132062832 1.7169406778394489E-002
0.50 5.60 2.80 0.43988023839772661 1.7200254032395626E-002
0.50 5.60 3.20 0.43808175572299052 1.7187287425500453E-002
0.50 5.60 3.60 0.43566413004711996 1.7244031748824697E-002
0.50 5.60 4.00 0.43151865635338077 1.7323695577317444E-002
0.50 5.60 4.40 Binary file (standard input) matches
0.50 5.60 4.80 0.42969139460569855 1.7291012382256409E-002
0.50 5.60 5.20 0.43041443889711706 1.7161325537903786E-002
0.50 5.60 5.60 0.43032444474357201 1.7246307818868295E-002
0.50 5.60 6.00 0.42750083561497992 1.7330405211426602E-002
0.50 5.60 6.40 0.42640562931781201 1.7324142100579816E-002
0.50 5.60 6.80 0.42604033096002175 1.7313099060958317E-002
0.50 5.60 7.20 0.42779629508352990 1.7344190651526602E-002
0.50 5.60 7.60 0.42417303736220136 1.7306663272296630E-002
0.50 5.60 8.00 0.42500933620120851 1.7359102420151467E-002
0.50 5.60 8.40 0.42098325800076075 1.7361736036030660E-002
0.50 5.60 8.80 0.42167101327530593 1.7440589906211213E-002
0.50 5.60 9.20 Binary file (standard input) matches
0.50 5.60 9.60 0.42232620872808041 1.7228094346232750E-002
0.50 5.60 10.00 0.42215967953780120 1.7414318829166206E-002
0.50 5.60 10.40 0.42250002010213883 1.7335584587800237E-002
0.50 5.60 10.80 0.41872960907499834 1.7301062967346070E-002
0.50 5.60 11.20 0.42122359249474678 1.7340424107911801E-002
0.50 5.60 11.60 0.41873829975893528 1.7342059955709140E-002
0.50 5.60 12.00 0.41659775146695416 1.7315739254857979E-002

0.50 5.80 0.00 0.21362112866916302 1.6904232841687905E-002
0.50 5.80 0.40 0.45291052917672198 1.7032110283118015E-002
0.50 5.80 0.80 0.45088372066825383 1.7116911759298383E-002
0.50 5.80 1.20 0.44742159076807536 1.7071594987930667E-002
0.50 5.80 1.60 Binary file (standard input) matches
0.50 5.80 2.00 0.44255574634036210 1.7281013437633490E-002
0.50 5.80 2.40 0.44191355706239427 1.7207649153983023E-002
0.50 5.80 2.80 0.43909610007115008 1.7251054398045754E-002
0.50 5.80 3.20 0.43215860353001467 1.7218947759654726E-002
0.50 5.80 3.60 0.43351788648420986 1.7309496650609060E-002
0.50 5.80 4.00 0.43165605456743961 1.7281167391355694E-002
0.50 5.80 4.40 0.42976989333190196 1.7289110874993106E-002
0.50 5.80 4.80 0.42564679289883689 1.7254107635680301E-002
0.50 5.80 5.20 0.42886052865802826 1.7381341237297697E-002
0.50 5.80 5.60 0.42576217330012434 1.7309870621361176E-002
0.50 5.80 6.00 Binary file (standard input) matches
0.50 5.80 6.40 0.42310204963764148 1.7289713255642700E-002
0.50 5.80 6.80 0.42393495963681016 1.7419874694723704E-002
0.50 5.80 7.20 0.42677033608028736 1.7319716891191963E-002
0.50 5.80 7.60 0.42504414401757773 1.7359149125885074E-002
0.50 5.80 8.00 0.42413779142723662 1.7434238570187718E-002
0.50 5.80 8.40 0.42399569665682035 1.7397155815058810E-002
0.50 5.80 8.80 0.42674079791351688 1.7480092710608092E-002
0.50 5.80 9.20 0.42055429280949141 1.7416403548221507E-002
0.50 5.80 9.60 0.42020038337207860 1.7352478213507782E-002
0.50 5.80 10.00 0.41972797180837684 1.7366517566777040E-002
0.50 5.80 10.40 0.41676777019337929 1.7369114905173465E-002
0.50 5.80 10.80 Binary file (standard input) matches
0.50 5.80 11.20 0.41600113647673009 1.7391241515514737E-002
0.50 5.80 11.60 0.41890112511934474 1.7447655147055895E-002
0.50 5.80 12.00 0.41721094052922120 1.7347231718954595E-002

0.50 6.00 0.00 0.17438837208009067 1.5293570263236181E-002
0.50 6.00 0.40 0.44525467848302319 1.7187513741409820E-002
0.50 6.00 0.80 0.44328021271861540 1.7091610959073061E-002
0.50 6.00 1.20 0.44678189099945326 1.7217054826381303E-002
0.50 6.00 1.60 0.44370470705181864 1.7224007009683271E-002
0.50 6.00 2.00 0.44103519998854823 1.7257943296102338E-002
0.50 6.00 2.40 0.43685028327102782 1.7223203298681308E-002
0.50 6.00 2.80 0.43464845127801227 1.7258527729384160E-002
0.50 6.00 3.20 Binary file (standard input) matches
0.50 6.00 3.60 0.43396089096742907 1.7358265386681115E-002
0.50 6.00 4.00 0.43092931953709845 1.7232719412151799E-002
0.50 6.00 4.40 0.42505554393596501 1.7317649187028925E-002
0.50 6.00 4.80 0.42557161567658508 1.7271654619227146E-002
0.50 6.00 5.20 0.42167062466714567 1.7261360289997061E-002
0.50 6.00 5.60 0.42591283912316102 1.7367077426984581E-002
0.50 6.00 6.00 0.42187574485945956 1.7409251355150139E-002
0.50 6.00 6.40 0.42154500221388275 1.7325174967341140E-002
0.50 6.00 6.80 0.42299874761261924 1.7365381081766794E-002
0.50 6.00 7.20 0.42118513769043264 1.7355706367802082E-002
0.50 6.00 7.60 0.42311038621226060 1.7376518532619106E-002
0.50 6.00 8.00 0.42119918979275395 1.7365921975721413E-002
0.50 6.00 8.40 0.41988915651533754 1.7363207983255653E-002
0.50 6.00 8.80 0.41819489598659276 1.7392256748175794E-002
0.50 6.00 9.20 0.42346686043443560 1.7434800484885229E-002
0.50 6.00 9.60 0.41732590907914507 1.7404319693179727E-002
0.50 6.00 10.00 0.41860114994040609 1.7450473281881290E-002
0.50 6.00 10.40 0.41564339318451110 1.7407518786928710E-002
0.50 6.00 10.80 0.41746340054659503 1.7415334932355017E-002
0.50 6.00 11.20 0.41786703308432560 1.7429773594371815E-002
0.50 6.00 11.60 0.41822036277557351 1.7447805736283472E-002
0.50 6.00 12.00 0.41499522489023866 1.7362814251308690E-002

