0.50 0.25 0.50 -6.6042969375693136E-002 7.1945609493560617E-003 0.50723904680207288 6.1898159552917650E-002
0.50 0.25 1.00 -0.16288138331134236 7.1997005083098281E-003 0.48763834448499915 6.1598581081957329E-002
0.50 0.25 1.50 -0.25443873767641106 8.1509675453742148E-003 0.46441762031248940 6.2152184058867931E-002
0.50 0.25 2.00 -0.33823954575394344 8.7590394667363698E-003 0.44383689800454895 6.3098605117165224E-002
0.50 0.25 2.50 -0.40668506784803332 9.2924926480591179E-003 0.43590900529633542 6.3440717121650655E-002
0.50 0.25 3.00 -0.46911003757194336 9.6156603153768998E-003 0.43044372515276796 6.4044001665308520E-002
0.50 0.25 3.50 -0.52212420493319822 9.7031885476379989E-003 0.41981821579916373 6.3761744813150514E-002
0.50 0.25 4.00 -0.57759762111877722 9.4314080242822451E-003 0.41756393908748585 6.4275540968175837E-002
0.50 0.25 4.50 -0.58182468008302113 9.5481640809452484E-003 0.41286096871311617 6.4128937698977720E-002
0.50 0.25 5.00 -0.62462466096726710 9.6068537072107538E-003 0.40903618812400844 6.4495992328741508E-002
0.50 0.25 5.50 -0.63933942194537940 9.6915699942658386E-003 0.41061993111775147 6.3941143089594019E-002
0.50 0.25 6.00 -0.66224816295377831 9.1896744944390488E-003 0.40612126891354050 6.3603214923992193E-002
