2 0.00 0.25 6.00 0.00 1.00 -1.0000000000000000 0.0000000000000000 1000000.0000000000 0.0000000000000000 0 5120 1000000

2 0.04 0.25 6.00 0.00 1.00 3.2683786911698047E-005 9.8808773056760207E-003 163.71542968750001 11.427861019284576 5120 5120 1000000

2 0.00 0.25 6.00 0.00 1.00 -1.0000000000000000 0.0000000000000000 1000000.0000000000 0.0000000000000000 0 5120 1000000

2 0.04 0.25 6.00 0.00 1.00 2.1844678568832617E-005 9.8809706638460816E-003 268.30839843749999 47.683554829100025 5120 5120 1000000

2 0.08 0.25 6.00 0.00 1.00 4.6519510542105159E-006 9.8810020363769204E-003 135.87753906250001 31.719477777389617 5120 5120 1000000

2 0.12 0.25 6.00 0.00 1.00 1.2209483315317975E-005 9.8810589478115687E-003 96.032421874999997 16.562835011234913 5120 5120 1000000

2 0.16 0.25 6.00 0.00 1.00 8.5709939031046774E-006 9.8810822945520418E-003 52.818554687499997 6.8101313245809934 5120 5120 1000000

4 0.00 0.25 6.00 0.00 1.00 -1.0000000000000000 0.0000000000000000 1000000.0000000000 0.0000000000000000 0 2560 1000000

4 0.04 0.25 6.00 0.00 1.00 -8.4368804426510470E-004 1.3421215547102202E-002 3701.4703125000001 603.17406257442315 2558 2560 1000000

4 0.08 0.25 6.00 0.00 1.00 -1.8262936882698462E-004 1.2627899656907447E-002 1333.5617187500000 418.09835983065028 2559 2560 1000000

4 0.12 0.25 6.00 0.00 1.00 1.8307276698334608E-004 1.1808601807118280E-002 607.60625000000005 201.03428426407697 2560 2560 1000000

4 0.16 0.25 6.00 0.00 1.00 1.1937689328529354E-005 1.1158244180706612E-002 316.13906250000002 73.509786452546393 2560 2560 1000000

6 0.00 0.25 6.00 0.00 1.00 -1.0000000000000000 0.0000000000000000 1000000.0000000000 0.0000000000000000 0 1280 1000000

6 0.04 0.25 6.00 0.00 1.00 -1.0700280815301357E-002 1.8491318750897795E-002 33567.910937499997 3446.8259479062499 1266 1280 1000000

6 0.08 0.25 6.00 0.00 1.00 -1.3185939165837682E-003 1.6577490634044959E-002 6825.5039062500000 1387.9481704480486 1279 1280 1000000

6 0.12 0.25 6.00 0.00 1.00 7.0410325632233538E-005 1.5067277684835241E-002 1324.0734375000000 136.56457585016079 1280 1280 1000000

6 0.16 0.25 6.00 0.00 1.00 -1.7743083381684341E-004 1.3592659790378735E-002 1141.6195312499999 243.51707338320432 1280 1280 1000000

8 0.00 0.25 6.00 0.00 1.00 -1.0000000000000000 0.0000000000000000 1000000.0000000000 0.0000000000000000 0 640 1000000

8 0.04 0.25 6.00 0.00 1.00 -6.5227247253155499E-002 2.5696549431974493E-002 153725.48593749999 11040.476083978359 602 640 1000000

8 0.08 0.25 6.00 0.00 1.00 -1.3033623094294592E-002 2.2271217491479169E-002 29255.512500000001 5262.0358785213029 632 640 1000000

8 0.12 0.25 6.00 0.00 1.00 -1.1069432731319170E-003 1.9080921671850708E-002 6566.7703124999998 1824.7242504134597 639 640 1000000

8 0.16 0.25 6.00 0.00 1.00 -8.6469192672791040E-005 1.6551363774057207E-002 1798.5218749999999 310.85510970188011 640 640 1000000

10 0.00 0.25 6.00 0.00 1.00 -1.0000000000000000 0.0000000000000000 1000000.0000000000 0.0000000000000000 0 320 1000000

10 0.04 0.25 6.00 0.00 1.00 320 1000000

10 0.08 0.25 6.00 0.00 1.00 320 1000000

10 0.12 0.25 6.00 0.00 1.00 320 1000000

10 0.16 0.25 6.00 0.00 1.00 320 1000000

12 0.00 0.25 6.00 0.00 1.00 160 1000000

12 0.04 0.25 6.00 0.00 1.00 160 1000000

12 0.08 0.25 6.00 0.00 1.00 160 1000000

12 0.12 0.25 6.00 0.00 1.00 160 1000000

12 0.16 0.25 6.00 0.00 1.00 160 1000000

2 0.20 0.25 6.00 0.00 1.00 8.6819631628624431E-006 9.8811158684807155E-003 41.293945312500000 4.5278508289061730 5120 5120 1000000

2 0.24 0.25 6.00 0.00 1.00 1.2048644987297399E-005 9.8811103040797651E-003 44.582617187499999 9.7912254503501774 5120 5120 1000000

4 0.20 0.25 6.00 0.00 1.00 1.1145936255531930E-005 1.0654791044482345E-002 129.14453125000000 13.504896666268461 2560 2560 1000000

4 0.24 0.25 6.00 0.00 1.00 2.6352272593689830E-005 1.0154864807525669E-002 118.56171875000000 20.751261184230483 2560 2560 1000000

6 0.20 0.25 6.00 0.00 1.00 -8.4157037465256250E-006 1.2298275481888270E-002 389.04531250000002 66.512170156396934 1280 1280 1000000

6 0.24 0.25 6.00 0.00 1.00 4.2808462127919605E-005 1.0950868970857324E-002 171.57812500000000 26.532232550769503 1280 1280 1000000

8 0.20 0.25 6.00 0.00 1.00 7.5226524296361508E-005 1.4306449237499574E-002 952.50937499999998 231.20900840207096 640 640 1000000

8 0.24 0.25 6.00 0.00 1.00 1.7857519737887005E-004 1.2630399718126744E-002 703.30312500000002 237.00815684099234 640 640 1000000

