0.50 0.25 0.50 -4.1658187571174649E-002 5.4029573605999951E-003 0.51800012436991494 1.6287495865826701E-002
0.50 0.25 1.00 -8.9042135513223444E-002 6.5130353860488755E-003 0.48820701104057634 1.6625189860235198E-002
0.50 0.25 1.50 -0.18603684582924127 9.5830522861906978E-003 0.45117386381441421 1.7081323495882199E-002
0.50 0.25 2.00 -0.27871510110914222 1.1506942344597705E-002 0.42776911149012020 1.7348091320723780E-002
0.50 0.25 2.50 -0.36548308873383767 1.2058584350284687E-002 0.40980774177390739 1.7572102814371080E-002
0.50 0.25 3.00 -0.42785587065967629 1.2749223736438645E-002 0.40404407407596410 1.7610051634255736E-002
0.50 0.25 3.50 -0.47165354710205015 1.3541165459449419E-002 0.40501966398485145 1.7610964930915095E-002
0.50 0.25 4.00 -0.49188499394761948 1.4053955108251704E-002 0.39923948044442031 1.7700889558791844E-002
0.50 0.25 4.50 -0.54970389480905335 1.4109009397158064E-002 0.39867607938807331 1.7664470686458909E-002
0.50 0.25 5.00 -0.59009056227320944 1.4550198890612192E-002 0.39649310163217294 1.7685049458768434E-002
0.50 0.25 5.50 -0.63713590203264558 1.3613711345730412E-002 0.39698493606368485 1.7706978671291829E-002
0.50 0.25 6.00 -0.65512678648100775 1.4527914473117064E-002 0.39721992825628133 1.7716008160902349E-002
