200 -2.2891812950930263E-004 NaN 0.50 1.00 0.00
200 -0.14952338501013879 4.0755534199090740E-002 0.50 1.00 0.40
200 -0.24842522469160727 5.0392113337285611E-002 0.50 1.00 0.80
200 -0.28772502585336962 4.9041867603860735E-002 0.50 1.00 1.20
200 -0.29040995117960139 4.7272379294590022E-002 0.50 1.00 1.60
200 -0.29071639709399566 4.3863496742982948E-002 0.50 1.00 2.00
200 -0.38923703505651575 3.9862406025292368E-002 0.50 1.00 2.40
200 -0.47798394448775955 4.6269166205647590E-002 0.50 1.00 2.80
200 -0.42807162575956115 4.3253920241222620E-002 0.50 1.00 3.20
200 -0.41285744863910950 4.1214607501511312E-002 0.50 1.00 3.60
200 -0.53305373348663332 4.0969137592046762E-002 0.50 1.00 4.00
200 -0.58020646180129753 4.2927952181625720E-002 0.50 1.00 4.40
200 -0.55331121933272553 4.6516930492525164E-002 0.50 1.00 4.80
200 -0.58927775867093057 4.4663957186732231E-002 0.50 1.00 5.20
200 -0.62640907777695665 4.0217645019211490E-002 0.50 1.00 5.60
200 -0.65339167747825500 3.6920904221235035E-002 0.50 1.00 6.00
