0.50 0.00 0.00 0.34553473805929974 3.2643397651509809E-002
0.50 0.00 0.40 0.37142898864720697 3.3971656193563654E-002
0.50 0.00 0.80 0.39277236955763706 3.3684334155784784E-002
0.50 0.00 1.20 0.40348203608009942 3.3782516678941436E-002
0.50 0.00 1.60 0.40026206765462202 3.3486237043968262E-002
0.50 0.00 2.00 0.39762113645727137 3.3157179843252428E-002
0.50 0.00 2.40 0.39959311078383786 3.3430429790664844E-002
0.50 0.00 2.80 0.39795775126959598 3.3380568595413045E-002
0.50 0.00 3.20 0.39649282943264019 3.3389827432863388E-002
0.50 0.00 3.60 0.39283217430896095 3.3344702083787661E-002
0.50 0.00 4.00 0.39162954785657367 3.3419729379818311E-002
0.50 0.00 4.40 0.39804764967603978 3.3633417105437428E-002
0.50 0.00 4.80 0.39256348586898981 3.3511796093103480E-002
0.50 0.00 5.20 0.40486370240837743 3.3568891145970454E-002
0.50 0.00 5.60 0.40208324702678616 3.3388925985627885E-002
0.50 0.00 6.00 0.40218034744741304 3.3491032528785235E-002
0.50 0.00 6.40 0.39979072068548405 3.3363975818096248E-002
0.50 0.00 6.80 0.40308186435808729 3.3463480708255576E-002
0.50 0.00 7.20 0.40578397474875760 3.3469026912594339E-002
0.50 0.00 7.60 0.40123254604928593 3.3471014618494346E-002
0.50 0.00 8.00 0.40082830655353091 3.3481210214563087E-002
0.50 0.00 8.40 0.40051151352253339 3.3362855893275353E-002
0.50 0.00 8.80 0.39719488474499237 3.3469136984028196E-002
0.50 0.00 9.20 0.40168669304364163 3.3428654031270044E-002
0.50 0.00 9.60 0.39955221906387017 3.3717174884361580E-002
0.50 0.00 10.00 0.39561486871576834 3.3317292586881972E-002
0.50 0.00 10.40 0.39087359165733632 3.3538073760310649E-002
0.50 0.00 10.80 0.39622988991988412 3.3295778772882256E-002
0.50 0.00 11.20 0.40012384551773666 3.3511139897275243E-002
0.50 0.00 11.60 0.40032629070371828 3.3694470937791370E-002
0.50 0.00 12.00 0.39825436525198976 3.3597414569680448E-002

0.50 0.20 0.00 0.45183494872081315 3.5672221106759029E-002
0.50 0.20 0.40 0.48757214889129069 3.4323862367686885E-002
0.50 0.20 0.80 0.48090079932544960 3.4325053585156994E-002
0.50 0.20 1.20 0.45883600848968065 3.3817222134198091E-002
0.50 0.20 1.60 0.44659713507257121 3.3537170930395550E-002
0.50 0.20 2.00 0.43477720291137611 3.3437634483859918E-002
0.50 0.20 2.40 0.43296839933078807 3.3587510757323309E-002
0.50 0.20 2.80 0.41969721371359514 3.3285477428157066E-002
0.50 0.20 3.20 0.42039037366851922 3.3629754880626438E-002
0.50 0.20 3.60 0.41070983884860252 3.3407174350227553E-002
0.50 0.20 4.00 0.41467594412755371 3.3512982678913200E-002
0.50 0.20 4.40 0.41300334531585248 3.3657539393190786E-002
0.50 0.20 4.80 0.41058684279097762 3.3522110039839813E-002
0.50 0.20 5.20 0.40497010678532197 3.3527090590121954E-002
0.50 0.20 5.60 0.40823774258331885 3.3382850947030286E-002
0.50 0.20 6.00 0.40600738447197549 3.3312593817048763E-002
0.50 0.20 6.40 0.41596083690384233 3.3626447467361119E-002
0.50 0.20 6.80 0.40786087339288823 3.3492817009064153E-002
0.50 0.20 7.20 0.40533580919874135 3.3523917593256493E-002
0.50 0.20 7.60 0.40845230027907070 3.3472413862786425E-002
0.50 0.20 8.00 0.40381105873875639 3.3590936125959994E-002
0.50 0.20 8.40 0.40291908574255764 3.3326995655499715E-002
0.50 0.20 8.80 0.40788788359076583 3.3529547719489190E-002
0.50 0.20 9.20 0.40341556025297898 3.3541001854708319E-002
0.50 0.20 9.60 0.40002042853117042 3.3489082590742729E-002
0.50 0.20 10.00 0.40019267677122300 3.3458349124039048E-002
0.50 0.20 10.40 0.39948234723993326 3.3544057930268885E-002
0.50 0.20 10.80 0.40473054894493321 3.3416360083308019E-002
0.50 0.20 11.20 0.40286249575538235 3.3461704338793710E-002
0.50 0.20 11.60 0.39987277266417981 3.3752515772765383E-002
0.50 0.20 12.00 0.40184117752455412 3.3682084410663317E-002

0.50 0.40 0.00 0.40600358606016929 3.5529128386228653E-002
0.50 0.40 0.40 0.49295537967165909 3.4684259840239748E-002
0.50 0.40 0.80 0.48312485905663466 3.3920811278959989E-002
0.50 0.40 1.20 0.46774866193954956 3.3682690712065450E-002
0.50 0.40 1.60 0.45055348908327691 3.3626581902257598E-002
0.50 0.40 2.00 0.44681504543612138 3.3459586877372008E-002
0.50 0.40 2.40 0.43984026907154100 3.3198046360293540E-002
0.50 0.40 2.80 0.43124775541473054 3.3299386781974985E-002
0.50 0.40 3.20 0.42433094912830188 3.3366185564315587E-002
0.50 0.40 3.60 0.42696397085875210 3.3495656233066835E-002
0.50 0.40 4.00 0.41550307510568041 3.3469196599720162E-002
0.50 0.40 4.40 0.41416262069626530 3.3588686818104098E-002
0.50 0.40 4.80 0.41277117360189830 3.3211201059211673E-002
0.50 0.40 5.20 0.41258249709914196 3.3569930795206850E-002
0.50 0.40 5.60 0.41723289270631375 3.3509197164889010E-002
0.50 0.40 6.00 0.41313526498664760 3.3530047300752840E-002
0.50 0.40 6.40 0.41437366817806326 3.3516228828228314E-002
0.50 0.40 6.80 0.41715729198674689 3.3370071365335520E-002
0.50 0.40 7.20 0.41265607087847911 3.3677955342604801E-002
0.50 0.40 7.60 0.40792517880140489 3.3372025081067853E-002
0.50 0.40 8.00 0.40512161364219584 3.3437919679852240E-002
0.50 0.40 8.40 0.40560506874117597 3.3553373160559695E-002
0.50 0.40 8.80 0.41178409601677596 3.3668919064925217E-002
0.50 0.40 9.20 0.40879916280975570 3.3661567942295981E-002
0.50 0.40 9.60 0.40787343168164564 3.3503556517018675E-002
0.50 0.40 10.00 0.40295778539215316 3.3586730899469869E-002
0.50 0.40 10.40 0.40498575949132071 3.3672516525483850E-002
0.50 0.40 10.80 0.40197833514588466 3.3603621725973511E-002
0.50 0.40 11.20 0.40036459033165850 3.3492298223163797E-002
0.50 0.40 11.60 0.40471701835882012 3.3662700116127424E-002
0.50 0.40 12.00 0.40279913238251347 3.3341262402570897E-002

0.50 0.60 0.00 0.46180257833293503 3.6694411472586445E-002
0.50 0.60 0.40 0.50495953009655836 3.4465530506524789E-002
0.50 0.60 0.80 0.48303902292263129 3.3694216554222708E-002
0.50 0.60 1.20 0.46689309795015610 3.3640489937152372E-002
0.50 0.60 1.60 0.46153485577820375 3.3684532277761345E-002
0.50 0.60 2.00 0.45574651769270480 3.3556052037249741E-002
0.50 0.60 2.40 0.44371143509593158 3.3496671816725124E-002
0.50 0.60 2.80 0.44494945368373073 3.3357390511366242E-002
0.50 0.60 3.20 0.43737287421521448 3.3764018325718133E-002
0.50 0.60 3.60 0.43098288167725352 3.3609764668106897E-002
0.50 0.60 4.00 0.42247196265611658 3.3462648731406600E-002
0.50 0.60 4.40 0.42672825296388045 3.3521639708457729E-002
0.50 0.60 4.80 0.42429578258388245 3.3567921653388288E-002
0.50 0.60 5.20 0.41843174665686761 3.3372863815456157E-002
0.50 0.60 5.60 0.41880099260910952 3.3634445793547275E-002
0.50 0.60 6.00 0.41761216058850315 3.3477026280191585E-002
0.50 0.60 6.40 0.41636694253775219 3.3640494620203090E-002
0.50 0.60 6.80 0.41399356117160274 3.3618650802912098E-002
0.50 0.60 7.20 0.41271338802020124 3.3596018283902775E-002
0.50 0.60 7.60 0.40936702494672456 3.3570264845930259E-002
0.50 0.60 8.00 0.41346073834254682 3.3508216854191003E-002
0.50 0.60 8.40 0.40876958129459862 3.3421484553599209E-002
0.50 0.60 8.80 0.40922746648343311 3.3534925804550787E-002
0.50 0.60 9.20 0.40831311367541945 3.3688469964585459E-002
0.50 0.60 9.60 0.40511828820980256 3.3493708975782917E-002
0.50 0.60 10.00 0.40672134842274421 3.3622673262512164E-002
0.50 0.60 10.40 0.40170681768312128 3.3624327661384353E-002
0.50 0.60 10.80 0.40851754827921544 3.3748999257447773E-002
0.50 0.60 11.20 0.40302321355578563 3.3633305464359900E-002
0.50 0.60 11.60 0.40414651536296214 3.3820170748192588E-002
0.50 0.60 12.00 0.40562794127199975 3.3720808796688442E-002

0.50 0.80 0.00 0.35617176009347423 3.5502618915847516E-002
0.50 0.80 0.40 0.47962658712318540 3.4059489113930475E-002
0.50 0.80 0.80 0.48177322258284283 3.3606825882602866E-002
0.50 0.80 1.20 0.46944706458707025 3.3721394743662023E-002
0.50 0.80 1.60 0.46224792301382378 3.3469696611736550E-002
0.50 0.80 2.00 0.45419171565722094 3.3420135207362610E-002
0.50 0.80 2.40 0.44838377121471551 3.3675980353408588E-002
0.50 0.80 2.80 0.44807358214994214 3.3505138929533794E-002
0.50 0.80 3.20 0.43776754845596033 3.3476843630174329E-002
0.50 0.80 3.60 0.43567798518024015 3.3406097234032872E-002
0.50 0.80 4.00 0.43275274294779997 3.3404317895980709E-002
0.50 0.80 4.40 0.42695336896116859 3.3330927418581194E-002
0.50 0.80 4.80 0.42641534675711873 3.3340882275976494E-002
0.50 0.80 5.20 0.42359980561138266 3.3365253429020067E-002
0.50 0.80 5.60 0.41793843851145940 3.3416230912293177E-002
0.50 0.80 6.00 0.41893922292929792 3.3453176738424864E-002
0.50 0.80 6.40 0.41805747379740749 3.3503379486614866E-002
0.50 0.80 6.80 0.41204706164756832 3.3391922946766933E-002
0.50 0.80 7.20 0.41314211364110387 3.3347950042723076E-002
0.50 0.80 7.60 0.41471018456232278 3.3734271921943559E-002
0.50 0.80 8.00 0.40431711236389456 3.3354880830189101E-002
0.50 0.80 8.40 0.40388698403723866 3.3554647773357822E-002
0.50 0.80 8.80 0.41343318751537367 3.3891483931774234E-002
0.50 0.80 9.20 0.40772629923218018 3.3660699223712849E-002
0.50 0.80 9.60 0.40522225709164356 3.3471566250294349E-002
0.50 0.80 10.00 0.40696537352809059 3.3521119222925631E-002
0.50 0.80 10.40 0.40448419322651319 3.3625522225662806E-002
0.50 0.80 10.80 0.40688443976026978 3.3619898274167850E-002
0.50 0.80 11.20 0.40508426574978734 3.3598477873576373E-002
0.50 0.80 11.60 0.40489495342293030 3.3544629120708658E-002
0.50 0.80 12.00 0.40410892877392968 3.3765040433136495E-002

0.50 1.00 0.00 0.32627266377000275 3.4062536429058432E-002
0.50 1.00 0.40 0.45650503882373422 3.4441637341267303E-002
0.50 1.00 0.80 0.46283948764413463 3.3711838417259353E-002
0.50 1.00 1.20 0.46454191459836192 3.3896588839292557E-002
0.50 1.00 1.60 0.45977333238180113 3.3485470392730303E-002
0.50 1.00 2.00 0.45490737826947980 3.3704033559402678E-002
0.50 1.00 2.40 0.44868804605372958 3.3492766019724014E-002
0.50 1.00 2.80 0.44536688027646620 3.3601484761613766E-002
0.50 1.00 3.20 0.44068003255428428 3.3378936724942077E-002
0.50 1.00 3.60 0.43572235501559414 3.3503131704202584E-002
0.50 1.00 4.00 0.43187236551420904 3.3408881764571380E-002
0.50 1.00 4.40 0.42970393546068830 3.3208411231498376E-002
0.50 1.00 4.80 0.42827434061101649 3.3292706125403380E-002
0.50 1.00 5.20 0.42439140691637806 3.3360848825001330E-002
0.50 1.00 5.60 0.41867796031566568 3.3339609080616429E-002
0.50 1.00 6.00 0.42032761554111364 3.3453682210686328E-002
0.50 1.00 6.40 0.42028205447958439 3.3464567730923780E-002
0.50 1.00 6.80 0.41716152104530985 3.3468230790463072E-002
0.50 1.00 7.20 0.41677174475945078 3.3372025598832351E-002
0.50 1.00 7.60 0.41771686412452391 3.3557176591506546E-002
0.50 1.00 8.00 0.41132738945711383 3.3436325581625827E-002
0.50 1.00 8.40 0.40970875944276142 3.3740292953760138E-002
0.50 1.00 8.80 0.40909280080274690 3.3594588261937681E-002
0.50 1.00 9.20 0.40832561468617373 3.3389924060608707E-002
0.50 1.00 9.60 0.41087497566184561 3.3648585707997967E-002
0.50 1.00 10.00 0.40818792012065241 3.3534277185685801E-002
0.50 1.00 10.40 0.40958148015787604 3.3822468138468807E-002
0.50 1.00 10.80 0.41021350700158565 3.3543644474469773E-002
0.50 1.00 11.20 0.40860265751359037 3.3649124550733697E-002
0.50 1.00 11.60 0.40750522600023265 3.3528674405913540E-002
0.50 1.00 12.00 0.40370117320391008 3.3445776054869654E-002

0.50 1.20 0.00 0.27308926206929529 3.3613224019992907E-002
0.50 1.20 0.40 0.44482394787099244 3.4343640051695767E-002
0.50 1.20 0.80 0.45434606473170769 3.3732237033471883E-002
0.50 1.20 1.20 0.45877830791718566 3.3686557142407571E-002
0.50 1.20 1.60 0.45591357724961312 3.3515290720050425E-002
0.50 1.20 2.00 0.45501016061241450 3.3527491695778754E-002
0.50 1.20 2.40 0.45260618809641595 3.3334931180198209E-002
0.50 1.20 2.80 0.44502221986422902 3.3315959722662922E-002
0.50 1.20 3.20 0.44219109461654271 3.3235906220360580E-002
0.50 1.20 3.60 0.44045040342630903 3.3292626757277163E-002
0.50 1.20 4.00 0.43171525189617344 3.3531787498944407E-002
0.50 1.20 4.40 0.43271343427652659 3.3216024580904807E-002
0.50 1.20 4.80 0.42529998812967384 3.3380802225374706E-002
0.50 1.20 5.20 0.42681056141086204 3.3199281131468812E-002
0.50 1.20 5.60 0.42453481706532487 3.3530582993419905E-002
0.50 1.20 6.00 0.42101471132262064 3.3250978552344782E-002
0.50 1.20 6.40 0.41741495453192423 3.3423070530598446E-002
0.50 1.20 6.80 0.41420782597997319 3.3289920061900999E-002
0.50 1.20 7.20 0.41080335066046186 3.3312593455797040E-002
0.50 1.20 7.60 0.41473731113312312 3.3460275012609147E-002
0.50 1.20 8.00 0.40679142940904517 3.3559847747842542E-002
0.50 1.20 8.40 0.41652955651882306 3.3548877366221537E-002
0.50 1.20 8.80 0.40754435912005338 3.3268667668901825E-002
0.50 1.20 9.20 0.40835837749527687 3.3531095336711975E-002
0.50 1.20 9.60 0.40983165568021274 3.3817410325669768E-002
0.50 1.20 10.00 0.40621073554378062 3.3458131108433979E-002
0.50 1.20 10.40 0.40958409125014955 3.3482950401036070E-002
0.50 1.20 10.80 0.40422743867384431 3.3281534037058004E-002
0.50 1.20 11.20 0.40086392296461570 3.3352416505581683E-002
0.50 1.20 11.60 0.40750396349579565 3.3650871589670214E-002
0.50 1.20 12.00 0.40682326531266516 3.3467016552755288E-002

0.50 1.40 0.00 0.24819590103218978 3.5985658884428159E-002
0.50 1.40 0.40 0.42550572860733488 3.4013136590848564E-002
0.50 1.40 0.80 0.44184962851530257 3.3740284167496512E-002
0.50 1.40 1.20 0.44976438894886861 3.3578770800210968E-002
0.50 1.40 1.60 0.45192348634903645 3.3537101423894371E-002
0.50 1.40 2.00 0.45104892414218972 3.3267136804562635E-002
0.50 1.40 2.40 0.45018487031121623 3.3514206936399164E-002
0.50 1.40 2.80 0.44846495801173925 3.3108212229243560E-002
0.50 1.40 3.20 0.44305002133327537 3.3561722783470846E-002
0.50 1.40 3.60 0.43754602034590218 3.3166967344934316E-002
0.50 1.40 4.00 0.43601006123821950 3.3168647234611590E-002
0.50 1.40 4.40 0.43098674484557142 3.3330482346113480E-002
0.50 1.40 4.80 0.43296949589904310 3.3559787078510116E-002
0.50 1.40 5.20 0.42714393763066633 3.3392523998311940E-002
0.50 1.40 5.60 0.42812227884776644 3.3331824207061558E-002
0.50 1.40 6.00 0.42133361174761835 3.3497091713380063E-002
0.50 1.40 6.40 0.42083255034242428 3.3226447088686904E-002
0.50 1.40 6.80 0.42153450959397104 3.3367877871149448E-002
0.50 1.40 7.20 0.41456426990924572 3.3448528950402762E-002
0.50 1.40 7.60 0.41378809406302902 3.3276365293975610E-002
0.50 1.40 8.00 0.40976051321536755 3.3499530063841251E-002
0.50 1.40 8.40 0.41360944262735605 3.3614435392011796E-002
0.50 1.40 8.80 0.40938960638939631 3.3314504395145640E-002
0.50 1.40 9.20 0.41020059125460218 3.3704708159191597E-002
0.50 1.40 9.60 0.41051420130208249 3.3489106025858251E-002
0.50 1.40 10.00 0.40694922504073389 3.3486788214247637E-002
0.50 1.40 10.40 0.40905188897136646 3.3735229477239802E-002
0.50 1.40 10.80 0.40599611096887844 3.3734851722524765E-002
0.50 1.40 11.20 0.40447535131698203 3.3346630480749359E-002
0.50 1.40 11.60 0.40764947948659047 3.3600795847523762E-002
0.50 1.40 12.00 0.40408699407811105 3.3706960558707935E-002

0.50 1.60 0.00 0.25223488467753014 3.4529057434599775E-002
0.50 1.60 0.40 0.41899738954936394 3.3656249902606447E-002
0.50 1.60 0.80 0.42807437448672570 3.3138486508476749E-002
0.50 1.60 1.20 0.44314590593317738 3.3049940115749098E-002
0.50 1.60 1.60 0.44864676509018719 3.2982188476547027E-002
0.50 1.60 2.00 0.45257977509426606 3.3253893580290204E-002
0.50 1.60 2.40 0.44832567987049243 3.3181594553226862E-002
0.50 1.60 2.80 0.44395209849899969 3.3286746837953872E-002
0.50 1.60 3.20 0.44316534473741243 3.3191419091180646E-002
0.50 1.60 3.60 0.43939315446683314 3.3305559906518636E-002
0.50 1.60 4.00 0.43327494269848438 3.3130826107769032E-002
0.50 1.60 4.40 0.42985133737437076 3.3305742168980808E-002
0.50 1.60 4.80 0.43138964261547796 3.3397877625476344E-002
0.50 1.60 5.20 0.42408096151159691 3.3385115228061181E-002
0.50 1.60 5.60 0.42512888223435780 3.3487598861815474E-002
0.50 1.60 6.00 0.42338551748422831 3.3438689628886631E-002
0.50 1.60 6.40 0.41905701701029957 3.3514749127673708E-002
0.50 1.60 6.80 0.41434117855031244 3.3626664703048273E-002
0.50 1.60 7.20 0.41620381789646554 3.3645784791931595E-002
0.50 1.60 7.60 0.41572256732025259 3.3529402036111100E-002
0.50 1.60 8.00 0.41436256841953290 3.3651497875063545E-002
0.50 1.60 8.40 0.41437500214606882 3.3664359435921394E-002
0.50 1.60 8.80 0.41304555939017795 3.3601448382321056E-002
0.50 1.60 9.20 0.41129625607307807 3.3702843185205396E-002
0.50 1.60 9.60 0.41029843951422695 3.3472500015527581E-002
0.50 1.60 10.00 0.41210523593568882 3.3550474131233278E-002
0.50 1.60 10.40 0.40322437788348209 3.3494389044282681E-002
0.50 1.60 10.80 0.40641324874278811 3.3626779746376428E-002
0.50 1.60 11.20 0.40876767788369284 3.3745092766687045E-002
0.50 1.60 11.60 0.40481128765515562 3.3520716650577348E-002
0.50 1.60 12.00 0.40494347655212259 3.3499153848067516E-002

0.50 1.80 0.00 0.24423636477897620 3.4057188914518879E-002
0.50 1.80 0.40 0.41668939985941078 3.3188551525171306E-002
0.50 1.80 0.80 0.43554467310867562 3.2950883942369648E-002
0.50 1.80 1.20 0.44641931272701801 3.2635051110783866E-002
0.50 1.80 1.60 0.45018745030705365 3.2727099201975814E-002
0.50 1.80 2.00 0.45144983458516574 3.2816705302294039E-002
0.50 1.80 2.40 0.45232755497143629 3.2902448025978526E-002
0.50 1.80 2.80 0.44928818083991773 3.3086869444483649E-002
0.50 1.80 3.20 0.44176662205158779 3.3114484410327015E-002
0.50 1.80 3.60 0.43967991223332514 3.3458377379775923E-002
0.50 1.80 4.00 0.43368019450703521 3.3131414837335671E-002
0.50 1.80 4.40 0.43204903679766976 3.3428236680229671E-002
0.50 1.80 4.80 0.42883038240867516 3.3312345663422102E-002
0.50 1.80 5.20 0.42890177543290936 3.3440379990224249E-002
0.50 1.80 5.60 0.42061073908863217 3.3324782173137800E-002
0.50 1.80 6.00 0.42353213680216167 3.3253986701788169E-002
0.50 1.80 6.40 0.41960583553578196 3.3231457340676958E-002
0.50 1.80 6.80 0.42142292017367772 3.3448966745609710E-002
0.50 1.80 7.20 0.41088808743580352 3.3280788188475088E-002
0.50 1.80 7.60 0.41813855029441349 3.3512384962299593E-002
0.50 1.80 8.00 0.41675184513295027 3.3360394521841918E-002
0.50 1.80 8.40 0.41083183597456496 3.3620557595925374E-002
0.50 1.80 8.80 Binary file (standard input) matches
0.50 1.80 9.20 0.41344109920555389 3.3445220626527813E-002
0.50 1.80 9.60 0.40898524286958110 3.3605737183495181E-002
0.50 1.80 10.00 0.40858486464578786 3.3428896045431311E-002
0.50 1.80 10.40 0.40463102777340171 3.3263131850715701E-002
0.50 1.80 10.80 0.40835573886506449 3.3482715469423580E-002
0.50 1.80 11.20 0.40722873872061777 3.3458212796845417E-002
0.50 1.80 11.60 0.41122782524626578 3.3445696440349872E-002
0.50 1.80 12.00 0.40573526995305037 3.3404055491108642E-002

0.50 2.00 0.00 0.25541717923733132 3.5833370940831132E-002
0.50 2.00 0.40 0.43814834511860939 3.3270282136415884E-002
0.50 2.00 0.80 0.44226189745025557 3.3187224645593351E-002
0.50 2.00 1.20 0.45219105739206195 3.3117858361859327E-002
0.50 2.00 1.60 0.45631199347436385 3.2854216647859730E-002
0.50 2.00 2.00 0.45268270662824917 3.2886912000503546E-002
0.50 2.00 2.40 0.44944771807022477 3.3092248514766553E-002
0.50 2.00 2.80 0.45064935454616728 3.3014937169206719E-002
0.50 2.00 3.20 0.44242633045913066 3.3139610717658204E-002
0.50 2.00 3.60 0.43651317451924176 3.3112717111705388E-002
0.50 2.00 4.00 0.43420958383546771 3.3248464035503092E-002
0.50 2.00 4.40 0.43000291126734747 3.3276827854369674E-002
0.50 2.00 4.80 0.42819525052439350 3.3204126734013344E-002
0.50 2.00 5.20 0.42450757894454538 3.3602051383240267E-002
0.50 2.00 5.60 0.42042556530536457 3.3613670365322153E-002
0.50 2.00 6.00 0.41748879214395818 3.3382189221474103E-002
0.50 2.00 6.40 0.41819612341817020 3.3375488944915051E-002
0.50 2.00 6.80 0.41542721848488123 3.3648031092165416E-002
0.50 2.00 7.20 0.41400772842944294 3.3255831386722362E-002
0.50 2.00 7.60 0.41360859743449196 3.3327907866048015E-002
0.50 2.00 8.00 0.41623464852830666 3.3568732752084329E-002
0.50 2.00 8.40 0.41200492358065671 3.3340544930446296E-002
0.50 2.00 8.80 0.41247816912112745 3.3513357074819006E-002
0.50 2.00 9.20 0.41280030606895712 3.3588065430947764E-002
0.50 2.00 9.60 0.40251387881177686 3.3290789506038414E-002
0.50 2.00 10.00 0.40773141984309058 3.3558883380072409E-002
0.50 2.00 10.40 0.40875655354614987 3.3574670176578419E-002
0.50 2.00 10.80 0.40859617514934765 3.3566951402577649E-002
0.50 2.00 11.20 0.40958068640545947 3.3605824662772600E-002
0.50 2.00 11.60 0.40608425560855038 3.3629248299397847E-002
0.50 2.00 12.00 0.41095926477600947 3.3419377752802071E-002

0.50 2.20 0.00 0.23452515280582170 3.6707749665442678E-002
0.50 2.20 0.40 0.44945995927823745 3.4586650766019744E-002
0.50 2.20 0.80 0.45573642854192042 3.4403093588558781E-002
0.50 2.20 1.20 0.46062069966468283 3.4125657081438089E-002
0.50 2.20 1.60 0.45717621751606530 3.3509588683968757E-002
0.50 2.20 2.00 0.45494113757220489 3.3193601226778044E-002
0.50 2.20 2.40 0.44916512327123481 3.3271215101477923E-002
0.50 2.20 2.80 0.44277020197139760 3.2945463649310558E-002
0.50 2.20 3.20 0.44229557275899012 3.3023316444858140E-002
0.50 2.20 3.60 0.43881246598635248 3.2843192371449670E-002
0.50 2.20 4.00 0.43135551810015305 3.3060911602197429E-002
0.50 2.20 4.40 0.42695322864982799 3.3173255631142887E-002
0.50 2.20 4.80 0.42483168668780086 3.3353779638274662E-002
0.50 2.20 5.20 0.42340737976223919 3.3225883757809806E-002
0.50 2.20 5.60 0.41933576956735230 3.3119129356311124E-002
0.50 2.20 6.00 0.41799119523046124 3.3369069503986715E-002
0.50 2.20 6.40 0.41481015358800022 3.3281225759855371E-002
0.50 2.20 6.80 0.41855191952160409 3.3333032269410368E-002
0.50 2.20 7.20 0.41330029424784903 3.3198308740321300E-002
0.50 2.20 7.60 0.41327997382090975 3.3391931556989135E-002
0.50 2.20 8.00 0.41106216987804939 3.3227414078477735E-002
0.50 2.20 8.40 0.40876103166547723 3.3517472698255578E-002
0.50 2.20 8.80 0.40928431736012338 3.3706244164396340E-002
0.50 2.20 9.20 0.41376536090757521 3.3498511469790507E-002
0.50 2.20 9.60 0.41186928766506237 3.3390388932391303E-002
0.50 2.20 10.00 0.40729682093044833 3.3393277617757747E-002
0.50 2.20 10.40 0.40793869192004822 3.3469695670668806E-002
0.50 2.20 10.80 0.40457202589651187 3.3365073804064733E-002
0.50 2.20 11.20 0.40336639681169240 3.3373318882520604E-002
0.50 2.20 11.60 0.40785581298147378 3.3448138788531388E-002
0.50 2.20 12.00 0.40595993381160067 3.3342206768903107E-002

0.50 2.40 0.00 0.24352432556909226 3.8912289599305927E-002
0.50 2.40 0.40 0.43469086701986265 3.4329237975032414E-002
0.50 2.40 0.80 0.44688313973533456 3.3624721868415960E-002
0.50 2.40 1.20 0.44560901979816964 3.3767606001980380E-002
0.50 2.40 1.60 0.44883924161341299 3.3544186188997252E-002
0.50 2.40 2.00 0.45188211848636800 3.3147522843584326E-002
0.50 2.40 2.40 0.44296862891278632 3.3332518673496271E-002
0.50 2.40 2.80 0.44408490966042757 3.3044283553275267E-002
0.50 2.40 3.20 0.43953817360323277 3.3152995050888173E-002
0.50 2.40 3.60 0.43113591530196593 3.3121043545696990E-002
0.50 2.40 4.00 0.43160941855610535 3.3247224786351448E-002
0.50 2.40 4.40 0.42703471192836073 3.3036127559965774E-002
0.50 2.40 4.80 0.42416707365178785 3.3409236052535651E-002
0.50 2.40 5.20 0.42234366122756273 3.3252593082681206E-002
0.50 2.40 5.60 0.41964454278979096 3.3357399491467619E-002
0.50 2.40 6.00 0.41749971145088727 3.3252767273272886E-002
0.50 2.40 6.40 0.41496394901399236 3.3301487327708428E-002
0.50 2.40 6.80 0.41368040625358982 3.3399522527358026E-002
0.50 2.40 7.20 0.41823078354776183 3.3379214304560777E-002
0.50 2.40 7.60 0.41536681789983743 3.3296258519116946E-002
0.50 2.40 8.00 0.40961185764002528 3.3191288024160638E-002
0.50 2.40 8.40 0.41166290738935529 3.3330556181400114E-002
0.50 2.40 8.80 0.40894924729393994 3.3423550818836620E-002
0.50 2.40 9.20 0.41166236910586135 3.3442573721254094E-002
0.50 2.40 9.60 0.40919048752008003 3.3383015378984825E-002
0.50 2.40 10.00 0.40584160824942267 3.3461772801589351E-002
0.50 2.40 10.40 0.41176980427363824 3.3710325267630896E-002
0.50 2.40 10.80 0.40974761768096002 3.3612726607997606E-002
0.50 2.40 11.20 0.40745288370917943 3.3458574437199885E-002
0.50 2.40 11.60 0.40988381040731492 3.3724454385668207E-002
0.50 2.40 12.00 0.40608283187722494 3.3467297410650146E-002

0.50 2.60 0.00 0.22412287797362129 3.7133455597592048E-002
0.50 2.60 0.40 0.42566713127485711 3.3406194009055208E-002
0.50 2.60 0.80 0.43290646446104397 3.3736311762374592E-002
0.50 2.60 1.20 0.43685242869011215 3.3628725147174694E-002
0.50 2.60 1.60 0.43408410884417492 3.3438543342128417E-002
0.50 2.60 2.00 0.43861283167833792 3.3213453186009247E-002
0.50 2.60 2.40 0.44048251927797183 3.3304085063570153E-002
0.50 2.60 2.80 0.43504851073999412 3.3318542193454322E-002
0.50 2.60 3.20 0.43550541128566189 3.3175908716247621E-002
0.50 2.60 3.60 0.43098694437124879 3.3178052748280867E-002
0.50 2.60 4.00 0.43091355440853613 3.3293700369634666E-002
0.50 2.60 4.40 0.42870004256942285 3.3451599210455506E-002
0.50 2.60 4.80 0.42902602159363140 3.3436666670575425E-002
0.50 2.60 5.20 0.42084672054043420 3.3137995379337204E-002
0.50 2.60 5.60 0.41635177954010533 3.3264258458707646E-002
0.50 2.60 6.00 0.41878395940745800 3.3535490035990684E-002
0.50 2.60 6.40 0.41971290647429277 3.3331709072350689E-002
0.50 2.60 6.80 0.41771369907686751 3.3471660011761536E-002
0.50 2.60 7.20 0.41678207107313803 3.3535593557236155E-002
0.50 2.60 7.60 0.41405484062298414 3.3463424734178730E-002
0.50 2.60 8.00 0.41385378155318309 3.3508147088442887E-002
0.50 2.60 8.40 0.41283371063074997 3.3607303164264059E-002
0.50 2.60 8.80 0.41126540277920015 3.3434168032999298E-002
0.50 2.60 9.20 0.40939754075187801 3.3367118320408069E-002
0.50 2.60 9.60 0.40603704138764024 3.3498546598078209E-002
0.50 2.60 10.00 0.41169573654212782 3.3601052943192752E-002
0.50 2.60 10.40 0.40881693748929948 3.3587354910042062E-002
0.50 2.60 10.80 0.40832281676218746 3.3569332880378687E-002
0.50 2.60 11.20 0.40728870378036686 3.3561285551875097E-002
0.50 2.60 11.60 0.40599636663896882 3.3571264153090870E-002
0.50 2.60 12.00 0.40580871440945809 3.3456186344032975E-002

0.50 2.80 0.00 0.20524831684089243 3.7181664123749347E-002
0.50 2.80 0.40 0.42699359724017477 3.4780870429800187E-002
0.50 2.80 0.80 0.43272589732360489 3.4721214073281916E-002
0.50 2.80 1.20 0.42946868083593409 3.4541268771346112E-002
0.50 2.80 1.60 0.43020818186392146 3.4149016076388955E-002
0.50 2.80 2.00 0.42875488289541314 3.3783109810429056E-002
0.50 2.80 2.40 0.43423615648212976 3.3382842918361195E-002
0.50 2.80 2.80 0.43121317524017339 3.3496336732368195E-002
0.50 2.80 3.20 0.43216826960182253 3.3628880769188824E-002
0.50 2.80 3.60 0.42677817067114782 3.3223286051826152E-002
0.50 2.80 4.00 0.42818270901308536 3.3273579045388940E-002
0.50 2.80 4.40 0.42416277548471965 3.3216144089158579E-002
0.50 2.80 4.80 0.42239366281410318 3.3324702719582128E-002
0.50 2.80 5.20 0.42165100130193289 3.3449336987635130E-002
0.50 2.80 5.60 0.41917280782116284 3.3256259845085984E-002
0.50 2.80 6.00 0.41773602773487151 3.3338824047981185E-002
0.50 2.80 6.40 0.41518534843791943 3.3385048605940229E-002
0.50 2.80 6.80 0.41593574723153981 3.3450078840478868E-002
0.50 2.80 7.20 0.40963836647078278 3.3418776685805195E-002
0.50 2.80 7.60 0.40691497255178549 3.3414118967977857E-002
0.50 2.80 8.00 0.41015979516165457 3.3380271060321591E-002
0.50 2.80 8.40 0.41008373778352247 3.3455389004852565E-002
0.50 2.80 8.80 0.41079931051191265 3.3762411995541315E-002
0.50 2.80 9.20 0.41127960560229671 3.3397540137317216E-002
0.50 2.80 9.60 0.40754057791549608 3.3465556154085876E-002
0.50 2.80 10.00 0.40592139689769552 3.3314838258530335E-002
0.50 2.80 10.40 0.40776362921912224 3.3393131528905641E-002
0.50 2.80 10.80 0.40520509171795610 3.3693660705989135E-002
0.50 2.80 11.20 0.40833534418959533 3.3456654625556033E-002
0.50 2.80 11.60 0.40973041618579414 3.3652937223709760E-002
0.50 2.80 12.00 0.41366293764130413 3.3628658954372122E-002

0.50 3.00 0.00 0.16757000921146617 3.1434262475722945E-002
0.50 3.00 0.40 0.39000044512794096 3.3142169719433859E-002
0.50 3.00 0.80 0.41949030344536664 3.4093525851083668E-002
0.50 3.00 1.20 0.41440051293884511 3.3818297386332331E-002
0.50 3.00 1.60 0.42245944111168099 3.3804754214865888E-002
0.50 3.00 2.00 0.42836425902300795 3.3720578659805864E-002
0.50 3.00 2.40 0.42599452451530107 3.3792608094597817E-002
0.50 3.00 2.80 0.43345671165443322 3.3839188636939549E-002
0.50 3.00 3.20 0.42908448470014149 3.3699518581815753E-002
0.50 3.00 3.60 0.42701635541786065 3.3478812912406904E-002
0.50 3.00 4.00 0.42403012982387339 3.3362803452854417E-002
0.50 3.00 4.40 0.42158538830116343 3.3270373900676185E-002
0.50 3.00 4.80 0.42371338853745621 3.3550238529967628E-002
0.50 3.00 5.20 0.41901021617670153 3.3333532333032607E-002
0.50 3.00 5.60 0.41954422339449876 3.3476580644273370E-002
0.50 3.00 6.00 0.41196120113839091 3.3446726144536157E-002
0.50 3.00 6.40 0.41540120352703552 3.3366166342466724E-002
0.50 3.00 6.80 0.41715732236985026 3.3406575128244215E-002
0.50 3.00 7.20 0.41204684525775831 3.3420648388457277E-002
0.50 3.00 7.60 0.41564760482681457 3.3308669687153701E-002
0.50 3.00 8.00 0.41282446529927697 3.3519945955089496E-002
0.50 3.00 8.40 0.41113882970998611 3.3373059686124307E-002
0.50 3.00 8.80 0.40964586000265524 3.3525611582428380E-002
0.50 3.00 9.20 0.41234009390115905 3.3360909925421726E-002
0.50 3.00 9.60 0.41273071606284323 3.3481300664064323E-002
0.50 3.00 10.00 0.41079210632740332 3.3679738754719427E-002
0.50 3.00 10.40 0.40764619231356614 3.3467813714963171E-002
0.50 3.00 10.80 0.40767604829401066 3.3210362839618361E-002
0.50 3.00 11.20 0.41389976982890342 3.3522567811750510E-002
0.50 3.00 11.60 0.40685176969997194 3.3351622920774121E-002
0.50 3.00 12.00 0.40727328516643163 3.3536680718912124E-002

0.50 3.20 0.00 0.15539185585531301 2.8503983100175934E-002
0.50 3.20 0.40 0.38595062615426406 3.2593407559166093E-002
0.50 3.20 0.80 0.40274021774234214 3.3014845949391448E-002
0.50 3.20 1.20 0.40118027054223926 3.3039231077334572E-002
0.50 3.20 1.60 0.41201603776350976 3.3300475378893232E-002
0.50 3.20 2.00 0.41480006886725701 3.3588720092356486E-002
0.50 3.20 2.40 0.41802182815654032 3.3406219270228132E-002
0.50 3.20 2.80 0.42350347553703405 3.3697553495798171E-002
0.50 3.20 3.20 0.42787720693526871 3.3541250297106646E-002
0.50 3.20 3.60 0.42382392170042776 3.3190330019126739E-002
0.50 3.20 4.00 0.42463837849917913 3.3524030554132916E-002
0.50 3.20 4.40 0.42249101793519694 3.3447854408601610E-002
0.50 3.20 4.80 0.41975107440911524 3.3487900923217503E-002
0.50 3.20 5.20 0.42005354877475243 3.3358513937753700E-002
0.50 3.20 5.60 0.41537146999973196 3.3286171414336520E-002
0.50 3.20 6.00 0.41948749426164555 3.3553367920927731E-002
0.50 3.20 6.40 0.41508384101856211 3.3415764542981861E-002
0.50 3.20 6.80 0.41545291414685631 3.3420169025198135E-002
0.50 3.20 7.20 0.41238233876334796 3.3438058875327949E-002
0.50 3.20 7.60 0.41258998295536709 3.3478580955246980E-002
0.50 3.20 8.00 0.41324332366183408 3.3368399820455308E-002
0.50 3.20 8.40 0.41214344016534055 3.3354214724950274E-002
0.50 3.20 8.80 0.40776330371487218 3.3135735896006241E-002
0.50 3.20 9.20 0.40895753904744714 3.3405789640631456E-002
0.50 3.20 9.60 0.41044777908656715 3.3447980124965762E-002
0.50 3.20 10.00 0.40803032381215526 3.3393695820242875E-002
0.50 3.20 10.40 0.40764630158099441 3.3427503220985012E-002
0.50 3.20 10.80 0.41064186094930033 3.3549183773637220E-002
0.50 3.20 11.20 0.41075114631908899 3.3544799835741865E-002
0.50 3.20 11.60 0.41349124387481745 3.3633020968662893E-002
0.50 3.20 12.00 0.41049086561434994 3.3408414674088859E-002

0.50 3.40 0.00 0.13924339760721033 2.9203752455832722E-002
0.50 3.40 0.40 0.37053810172441903 3.2181014082883888E-002
0.50 3.40 0.80 0.39491985908490912 3.2666522398954935E-002
0.50 3.40 1.20 0.40386118307411206 3.3172129455556400E-002
0.50 3.40 1.60 0.41068774657420731 3.3440196743141790E-002
0.50 3.40 2.00 0.41948399098704697 3.3510729484816246E-002
0.50 3.40 2.40 0.42050616125157142 3.3367486635616388E-002
0.50 3.40 2.80 0.41979771968633467 3.3461086313955342E-002
0.50 3.40 3.20 0.42120559712816402 3.3450128640079395E-002
0.50 3.40 3.60 0.42498259456747434 3.3513026990823293E-002
0.50 3.40 4.00 0.41836727482037073 3.3329975993039281E-002
0.50 3.40 4.40 0.42527622177220925 3.3610906189389986E-002
0.50 3.40 4.80 0.41722054497535332 3.3414632668893780E-002
0.50 3.40 5.20 0.41733903342043349 3.3385243110407137E-002
0.50 3.40 5.60 0.41649984115009320 3.3208239343262870E-002
0.50 3.40 6.00 0.41811708853166046 3.3588990787723268E-002
0.50 3.40 6.40 0.41750387097019032 3.3694733506254487E-002
0.50 3.40 6.80 0.41318466692283795 3.3513548486953253E-002
0.50 3.40 7.20 0.41218900373583328 3.3483115878935224E-002
0.50 3.40 7.60 0.41090863814670325 3.3288521274514989E-002
0.50 3.40 8.00 0.41239924059483890 3.3357182778974794E-002
0.50 3.40 8.40 0.40731449746300008 3.3574182705996242E-002
0.50 3.40 8.80 0.41073180428042189 3.3575537681956057E-002
0.50 3.40 9.20 0.40922638345953166 3.3462855531482739E-002
0.50 3.40 9.60 0.41149569694255028 3.3339849543303858E-002
0.50 3.40 10.00 0.41174948269044859 3.3355545158822900E-002
0.50 3.40 10.40 0.41371683583803598 3.3524412113324666E-002
0.50 3.40 10.80 0.41100865057962810 3.3626666581479316E-002
0.50 3.40 11.20 0.40972989405470817 3.3368791688366616E-002
0.50 3.40 11.60 0.40509729929803900 3.3371021487111845E-002
0.50 3.40 12.00 0.40929589062158894 3.3526070739869893E-002

0.50 3.60 0.00 0.14131782323791245 3.0750606307026803E-002
0.50 3.60 0.40 0.37647113851514769 3.3720567532005828E-002
0.50 3.60 0.80 0.40407674676566341 3.3622595613798552E-002
0.50 3.60 1.20 0.40646545366643433 3.3236393523516587E-002
0.50 3.60 1.60 0.40608699610052701 3.2975056089705378E-002
0.50 3.60 2.00 0.41364521195174592 3.3396817810344093E-002
0.50 3.60 2.40 0.41310178903500416 3.3306920128369867E-002
0.50 3.60 2.80 0.41555269162579861 3.3235050610040305E-002
0.50 3.60 3.20 0.41896074784495035 3.3346247156423821E-002
0.50 3.60 3.60 0.41662125559510549 3.3394101009050520E-002
0.50 3.60 4.00 0.42105772589999074 3.3656729767015794E-002
0.50 3.60 4.40 0.41614046283967304 3.3590539544082768E-002
0.50 3.60 4.80 0.41870957337639902 3.3512510848653539E-002
0.50 3.60 5.20 0.41797805509531738 3.3532632524984264E-002
0.50 3.60 5.60 0.41747772693466317 3.3450043609303912E-002
0.50 3.60 6.00 0.41557929488509160 3.3412637480160053E-002
0.50 3.60 6.40 0.41302430459140860 3.3551213643996373E-002
0.50 3.60 6.80 0.41122599007868688 3.3307477791916687E-002
0.50 3.60 7.20 0.41096065893720563 3.3451967749267383E-002
0.50 3.60 7.60 0.41008627673104592 3.3410822523292819E-002
0.50 3.60 8.00 0.41652701643447720 3.3700829413449450E-002
0.50 3.60 8.40 0.41462343911725330 3.3420714511830318E-002
0.50 3.60 8.80 0.41157466122367004 3.3602547405131196E-002
0.50 3.60 9.20 0.40897853822234503 3.3217052523139078E-002
0.50 3.60 9.60 0.40916702194665122 3.3321765377309312E-002
0.50 3.60 10.00 0.41047394300052875 3.3383655507522828E-002
0.50 3.60 10.40 0.40831672932129148 3.3478101478993993E-002
0.50 3.60 10.80 0.40798522045432462 3.3475459031788966E-002
0.50 3.60 11.20 0.41188013165735454 3.3791329464751649E-002
0.50 3.60 11.60 0.41222452271942422 3.3489239097654742E-002
0.50 3.60 12.00 0.40789712102704473 3.3293677554439891E-002

0.50 3.80 0.00 0.15154696057007488 3.1425936660286646E-002
0.50 3.80 0.40 0.39682558096559006 3.3103379123117269E-002
0.50 3.80 0.80 0.39857467730537965 3.2912446094040530E-002
0.50 3.80 1.20 0.40425783156922213 3.3043821305860498E-002
0.50 3.80 1.60 0.40487895844734079 3.2995350413242024E-002
0.50 3.80 2.00 0.40553699925116715 3.3082401872293471E-002
0.50 3.80 2.40 0.41013301696706456 3.3155821441575993E-002
0.50 3.80 2.80 0.41268727301574770 3.3432713593564901E-002
0.50 3.80 3.20 0.41007953295968358 3.3420980524596390E-002
0.50 3.80 3.60 0.41631843839483862 3.3444638447311999E-002
0.50 3.80 4.00 0.41494220235413160 3.3455067415515856E-002
0.50 3.80 4.40 0.42091644537477418 3.3605506029501506E-002
0.50 3.80 4.80 0.41229423187222985 3.3560092184139606E-002
0.50 3.80 5.20 0.41276232677435287 3.3124291943906953E-002
0.50 3.80 5.60 0.41513854270654793 3.3465853952789212E-002
0.50 3.80 6.00 0.41011292129855292 3.3259923724809320E-002
0.50 3.80 6.40 0.41119482005077090 3.3382490235774616E-002
0.50 3.80 6.80 0.40982651130063480 3.3397406515875042E-002
0.50 3.80 7.20 0.41310849332867550 3.3467894393191699E-002
0.50 3.80 7.60 0.41224235534458897 3.3355423300114297E-002
0.50 3.80 8.00 0.41037198687783977 3.3464927757603638E-002
0.50 3.80 8.40 0.40974949371796859 3.3331358014089478E-002
0.50 3.80 8.80 0.40912747071032401 3.3407478675897509E-002
0.50 3.80 9.20 0.41304585668716109 3.3555472665719170E-002
0.50 3.80 9.60 0.41367546356808677 3.3484146222811192E-002
0.50 3.80 10.00 0.41048253042119276 3.3544000924622883E-002
0.50 3.80 10.40 0.41090893398260786 3.3522566097100019E-002
0.50 3.80 10.80 0.41389688944602038 3.3476130775005788E-002
0.50 3.80 11.20 0.40999727334688540 3.3521311616659208E-002
0.50 3.80 11.60 0.41250685644851204 3.3502792504420273E-002
0.50 3.80 12.00 0.40888300154174989 3.3671701290226057E-002

0.50 4.00 0.00 0.12689212442092024 2.8026520118843282E-002
0.50 4.00 0.40 0.37675630036284724 3.3285512209369504E-002
0.50 4.00 0.80 0.41551847374855344 3.3513582098574142E-002
0.50 4.00 1.20 0.42315373847101495 3.3574940561316546E-002
0.50 4.00 1.60 0.42183446835925731 3.3632228180577921E-002
0.50 4.00 2.00 0.41783567669679639 3.3747891041121088E-002
0.50 4.00 2.40 0.41871132218781265 3.3728598334580008E-002
0.50 4.00 2.80 0.41431480726230269 3.3484615969450002E-002
0.50 4.00 3.20 0.41388749968224581 3.3676020866527975E-002
0.50 4.00 3.60 0.41524159139533179 3.3452668431660587E-002
0.50 4.00 4.00 0.41167662845364006 3.3490577055693478E-002
0.50 4.00 4.40 0.41760714594812010 3.3499549566050925E-002
0.50 4.00 4.80 0.41323967458977179 3.3414827586226457E-002
0.50 4.00 5.20 0.41372872358505858 3.3499483776613992E-002
0.50 4.00 5.60 0.41179455609079635 3.3577045192339471E-002
0.50 4.00 6.00 0.41212255628123612 3.3331812558490506E-002
0.50 4.00 6.40 0.40975104329183631 3.3340089573908806E-002
0.50 4.00 6.80 0.41179509832487576 3.3493369078048112E-002
0.50 4.00 7.20 0.41181001695646852 3.3541825528490513E-002
0.50 4.00 7.60 0.40734724338508138 3.3383008680454761E-002
0.50 4.00 8.00 0.41567049667416256 3.3499829937811136E-002
0.50 4.00 8.40 0.41243568522442792 3.3455137940047681E-002
0.50 4.00 8.80 0.40724737760057322 3.3422499514905217E-002
0.50 4.00 9.20 0.40905389305947049 3.3472307617483626E-002
0.50 4.00 9.60 0.40774130621631433 3.3393186324164319E-002
0.50 4.00 10.00 0.40938485172116079 3.3618812357356018E-002
0.50 4.00 10.40 0.41069340823520151 3.3442540826589956E-002
0.50 4.00 10.80 0.41143792540912771 3.3453643790066025E-002
0.50 4.00 11.20 0.40887326151254222 3.3424589621479400E-002
0.50 4.00 11.60 0.40617190647641638 3.3522815475964828E-002
0.50 4.00 12.00 0.40782488277061263 3.3563626020259321E-002

0.50 4.20 0.00 0.15123151854216799 3.0998245837849620E-002
0.50 4.20 0.40 0.40013415467635943 3.3892008305942925E-002
0.50 4.20 0.80 0.41247500526047176 3.3426385347107818E-002
0.50 4.20 1.20 0.41622098508783240 3.3310436520231225E-002
0.50 4.20 1.60 0.41171811585638302 3.3474461687817127E-002
0.50 4.20 2.00 0.40734658578939681 3.3462561001882662E-002
0.50 4.20 2.40 0.41138374747672363 3.3516888963070320E-002
0.50 4.20 2.80 0.41098932167404534 3.3352399720744198E-002
0.50 4.20 3.20 0.41162376721314120 3.3416869048447158E-002
0.50 4.20 3.60 0.41594038848748716 3.3549543240751489E-002
0.50 4.20 4.00 0.41277528968110888 3.3731109990072179E-002
0.50 4.20 4.40 0.41571323637286239 3.3694216142729654E-002
0.50 4.20 4.80 0.41085771621076822 3.3419059152217302E-002
0.50 4.20 5.20 Binary file (standard input) matches
0.50 4.20 5.60 0.41046139863220238 3.3555632270279301E-002
0.50 4.20 6.00 0.41213561052996112 3.3570152047743322E-002
0.50 4.20 6.40 0.40969952866036952 3.3370964152544841E-002
0.50 4.20 6.80 0.41436187539740182 3.3507683466150136E-002
0.50 4.20 7.20 0.41298322202834187 3.3317905033748672E-002
0.50 4.20 7.60 0.41383565876527528 3.3473954245834735E-002
0.50 4.20 8.00 0.41128894433555407 3.3337229240058573E-002
0.50 4.20 8.40 0.40941976330120722 3.3401882509646284E-002
0.50 4.20 8.80 0.40933208825290235 3.3400203097927135E-002
0.50 4.20 9.20 0.40388903974743523 3.3337274012214771E-002
0.50 4.20 9.60 0.40856095026483691 3.3454158120619963E-002
0.50 4.20 10.00 0.41264095708816562 3.3616037596327253E-002
0.50 4.20 10.40 0.40873820523971621 3.3448623005067041E-002
0.50 4.20 10.80 0.40924840413089292 3.3607964178138182E-002
0.50 4.20 11.20 0.40855456518367222 3.3351979998089969E-002
0.50 4.20 11.60 0.41091854549146045 3.3622490718276256E-002
0.50 4.20 12.00 0.41279176591857042 3.3690008690818188E-002

0.50 4.40 0.00 0.14365044074869357 2.9486960939888434E-002
0.50 4.40 0.40 0.38571641001072943 3.3609702111673578E-002
0.50 4.40 0.80 0.41403807216681326 3.4142062586853851E-002
0.50 4.40 1.20 0.42390387857997813 3.3746233652587880E-002
0.50 4.40 1.60 0.42100824113981633 3.3938312280048254E-002
0.50 4.40 2.00 0.41494825362322529 3.3394468336490381E-002
0.50 4.40 2.40 0.40957110995552543 3.3486210491116740E-002
0.50 4.40 2.80 0.41574285526882093 3.3376895659593037E-002
0.50 4.40 3.20 0.41213255722116271 3.3832602963982800E-002
0.50 4.40 3.60 0.41365385715052599 3.3624886794938441E-002
0.50 4.40 4.00 0.41074902614980202 3.3283253952507516E-002
0.50 4.40 4.40 0.41148475067325041 3.3419318138260178E-002
0.50 4.40 4.80 0.41013159323935244 3.3494064174854211E-002
0.50 4.40 5.20 0.40881929883405083 3.3519120598829617E-002
0.50 4.40 5.60 0.41127597883020039 3.3424925234943184E-002
0.50 4.40 6.00 0.40935450910046567 3.3368293974986855E-002
0.50 4.40 6.40 0.41083417810721079 3.3528240665686840E-002
0.50 4.40 6.80 0.41200875832672690 3.3393106718791345E-002
0.50 4.40 7.20 0.41232756330930104 3.3402779403630900E-002
0.50 4.40 7.60 0.40995952822894094 3.3608067438113176E-002
0.50 4.40 8.00 0.40953876033336123 3.3283751804463892E-002
0.50 4.40 8.40 0.41207097844802221 3.3499523571981722E-002
0.50 4.40 8.80 0.40700222921851281 3.3510484397558826E-002
0.50 4.40 9.20 0.40797776472139902 3.3479052664603499E-002
0.50 4.40 9.60 0.40709571125577099 3.3434694026221776E-002
0.50 4.40 10.00 0.41450342226975467 3.3575313258089282E-002
0.50 4.40 10.40 0.41125167725263001 3.3553266396977172E-002
0.50 4.40 10.80 0.41066373997168670 3.3639255592894400E-002
0.50 4.40 11.20 0.40810477895695002 3.3341492489651792E-002
0.50 4.40 11.60 0.40687691858575803 3.3464056132598750E-002
0.50 4.40 12.00 0.40988852641012280 3.3409309510673203E-002

0.50 4.60 0.00 0.14496357970748849 3.0512294346239928E-002
0.50 4.60 0.40 0.38319475462328428 3.4417603537725397E-002
0.50 4.60 0.80 0.40705662059752046 3.3705559778287597E-002
0.50 4.60 1.20 0.41591387197280955 3.3913839962756681E-002
0.50 4.60 1.60 0.41722676580336371 3.3692633848141230E-002
0.50 4.60 2.00 0.41704751928139372 3.3651706681775834E-002
0.50 4.60 2.40 0.41097950558786805 3.3512841441366986E-002
0.50 4.60 2.80 0.40940622359720563 3.3534805916175373E-002
0.50 4.60 3.20 0.41158348519115817 3.3457803020515507E-002
0.50 4.60 3.60 0.41210170937041113 3.3597035517062675E-002
0.50 4.60 4.00 0.41080369535953976 3.3279672132297544E-002
0.50 4.60 4.40 0.40914203039207048 3.3547191066281089E-002
0.50 4.60 4.80 0.40931293544943487 3.3461977506063605E-002
0.50 4.60 5.20 0.41561310765904114 3.3681418262757716E-002
0.50 4.60 5.60 0.41351591045991826 3.3456202309810175E-002
0.50 4.60 6.00 0.41216994259916023 3.3604801434752279E-002
0.50 4.60 6.40 0.40974370585459485 3.3333952987282513E-002
0.50 4.60 6.80 0.40781085982725107 3.3565248775078819E-002
0.50 4.60 7.20 0.40978127838817568 3.3213602732462932E-002
0.50 4.60 7.60 0.41128311360557052 3.3454815869281652E-002
0.50 4.60 8.00 0.41080554201637376 3.3559372332453229E-002
0.50 4.60 8.40 0.41375274852970045 3.3566608236877064E-002
0.50 4.60 8.80 0.40970078230240309 3.3519166538331389E-002
0.50 4.60 9.20 0.41016227697170093 3.3352698795089272E-002
0.50 4.60 9.60 0.40213209144299256 3.3003280979641489E-002
0.50 4.60 10.00 0.40821801277198222 3.3120581869462186E-002
0.50 4.60 10.40 0.41201584655874302 3.3341403060558307E-002
0.50 4.60 10.80 0.40749153217909295 3.3422120266347354E-002
0.50 4.60 11.20 0.40859722195764664 3.3459132647027157E-002
0.50 4.60 11.60 0.40829799119730142 3.3279421289193103E-002
0.50 4.60 12.00 0.40955254103016359 3.3641355361256051E-002

0.50 4.80 0.00 0.13877985310952373 2.9251708234638470E-002
0.50 4.80 0.40 0.37083343793008788 3.3252680618742259E-002
0.50 4.80 0.80 0.39715787870146230 3.3056424629709653E-002
0.50 4.80 1.20 0.40448347491567704 3.3090880879838469E-002
0.50 4.80 1.60 0.40828988179031472 3.3333741215593453E-002
0.50 4.80 2.00 0.41297840286882392 3.3489586546132849E-002
0.50 4.80 2.40 0.40802850386427147 3.3504085169166316E-002
0.50 4.80 2.80 0.40836435885382788 3.3235703274814912E-002
0.50 4.80 3.20 0.40514726504183873 3.3382518538752015E-002
0.50 4.80 3.60 0.40696271983125876 3.3546102700817600E-002
0.50 4.80 4.00 0.40691697130877735 3.3524985754162538E-002
0.50 4.80 4.40 0.41345583256554691 3.3388917078965769E-002
0.50 4.80 4.80 0.40922600654307545 3.3300092696771783E-002
0.50 4.80 5.20 0.40889822320155461 3.3546503588462118E-002
0.50 4.80 5.60 0.40899802697371801 3.3560444265583148E-002
0.50 4.80 6.00 0.40879923738546536 3.3466624751234797E-002
0.50 4.80 6.40 0.40879728562669626 3.3561649638927535E-002
0.50 4.80 6.80 0.40944490583953969 3.3520070829359226E-002
0.50 4.80 7.20 0.40550563174373633 3.3458900195817813E-002
0.50 4.80 7.60 0.40947171695263113 3.3465227274905002E-002
0.50 4.80 8.00 0.40836627179394958 3.3674998115140721E-002
0.50 4.80 8.40 0.41092333796898528 3.3470847769115422E-002
0.50 4.80 8.80 0.40950146517400732 3.3255583671789581E-002
0.50 4.80 9.20 0.40846879839533540 3.3610686291157287E-002
0.50 4.80 9.60 0.40985841803452222 3.3591575421103761E-002
0.50 4.80 10.00 0.41092997548742699 3.3608454622396609E-002
0.50 4.80 10.40 0.41320947266226887 3.3518008895632979E-002
0.50 4.80 10.80 0.40737000921271405 3.3400277305588283E-002
0.50 4.80 11.20 0.41280467500679363 3.3416401215268926E-002
0.50 4.80 11.60 0.41098223690687252 3.3609138539534372E-002
0.50 4.80 12.00 0.41003970650375343 3.3442431272047442E-002

0.50 5.00 0.00 0.12115428743439058 2.4507106892135838E-002
0.50 5.00 0.40 0.36601368276820928 3.2635101202427685E-002
0.50 5.00 0.80 0.40822574375724852 3.3450764776549020E-002
0.50 5.00 1.20 0.41946500603072873 3.3591105100502484E-002
0.50 5.00 1.60 0.41041337525381538 3.3479391141889164E-002
0.50 5.00 2.00 0.41391307030726771 3.3430671148434982E-002
0.50 5.00 2.40 0.41211451880342709 3.3477435037469257E-002
0.50 5.00 2.80 0.41098100102385760 3.3647477105660566E-002
0.50 5.00 3.20 0.41106629641219350 3.3561743778380240E-002
0.50 5.00 3.60 0.40792990849631500 3.3514696347012519E-002
0.50 5.00 4.00 0.40864730724236464 3.3700102820070549E-002
0.50 5.00 4.40 0.41166810887090205 3.3511519073929637E-002
0.50 5.00 4.80 0.41051075318862373 3.3403027183629030E-002
0.50 5.00 5.20 0.40674329665571757 3.3517439300279381E-002
0.50 5.00 5.60 0.40715871143921312 3.3223172533475682E-002
0.50 5.00 6.00 0.41094930921044631 3.3482426727430868E-002
0.50 5.00 6.40 0.40966134302134832 3.3482081539635916E-002
0.50 5.00 6.80 0.40801032687370248 3.3308280995138058E-002
0.50 5.00 7.20 0.40897399090401698 3.3506337618120149E-002
0.50 5.00 7.60 0.41068426451841489 3.3501704227925040E-002
0.50 5.00 8.00 0.40813746244830729 3.3513306014127435E-002
0.50 5.00 8.40 0.41247673701312637 3.3477343841866312E-002
0.50 5.00 8.80 0.40771823554926340 3.3471605227358189E-002
0.50 5.00 9.20 0.40958162353620675 3.3611802391612246E-002
0.50 5.00 9.60 0.40786867276961247 3.3465204719533993E-002
0.50 5.00 10.00 0.40806807105510989 3.3363536142836415E-002
0.50 5.00 10.40 0.40996633007458688 3.3298674016776796E-002
0.50 5.00 10.80 0.41265548565499943 3.3557350091919472E-002
0.50 5.00 11.20 0.40866907934569524 3.3499182203396455E-002
0.50 5.00 11.60 0.40734100879442642 3.3490162471414751E-002
0.50 5.00 12.00 0.40765202486271263 3.3436154005223186E-002

0.50 5.20 0.00 0.16024640100484075 2.8859923696300110E-002
0.50 5.20 0.40 0.39234998210748218 3.4208143262017258E-002
0.50 5.20 0.80 0.41589183288836784 3.3608011708088879E-002
0.50 5.20 1.20 0.41771139443238303 3.3718586321987327E-002
0.50 5.20 1.60 0.41211880645748555 3.3539786820714936E-002
0.50 5.20 2.00 0.40765775148059485 3.3557345566347221E-002
0.50 5.20 2.40 0.41181097110884357 3.3499785785896852E-002
0.50 5.20 2.80 0.40559562020321061 3.3457506303144195E-002
0.50 5.20 3.20 0.40748451506214034 3.3453529564589780E-002
0.50 5.20 3.60 0.40501810752740253 3.3252366614737197E-002
0.50 5.20 4.00 0.40965290015922295 3.3540050357290810E-002
0.50 5.20 4.40 0.40606718765925154 3.3505405714133275E-002
0.50 5.20 4.80 0.40873573321066498 3.3293175773040140E-002
0.50 5.20 5.20 0.41017286799225572 3.3445601400740627E-002
0.50 5.20 5.60 0.40656451077883216 3.3616411166822457E-002
0.50 5.20 6.00 0.40730495521572274 3.3234781127116746E-002
0.50 5.20 6.40 0.40972131761944891 3.3611996995016637E-002
0.50 5.20 6.80 0.40898710085035850 3.3711208623679649E-002
0.50 5.20 7.20 0.40517126119062385 3.3437445748193427E-002
0.50 5.20 7.60 0.40966522401792921 3.3385099558202742E-002
0.50 5.20 8.00 0.40372214163813369 3.3488196840519201E-002
0.50 5.20 8.40 0.40691698732038850 3.3470786137232728E-002
0.50 5.20 8.80 0.40792928465650913 3.3403619894302204E-002
0.50 5.20 9.20 0.41059041083297487 3.3508904811727136E-002
0.50 5.20 9.60 0.40611445176981514 3.3628769762606599E-002
0.50 5.20 10.00 0.41014117031967973 3.3681648030691895E-002
0.50 5.20 10.40 0.40353021778109832 3.3439703493726512E-002
0.50 5.20 10.80 0.40875965191871355 3.3366192481502618E-002
0.50 5.20 11.20 0.40882642246628781 3.3514366616354402E-002
0.50 5.20 11.60 0.41069712014603016 3.3446259755098018E-002
0.50 5.20 12.00 0.40843716313363621 3.3523467635331955E-002

0.50 5.40 0.00 0.17130579574264015 3.2007752608059853E-002
0.50 5.40 0.40 0.39652527535800480 3.2868561077260265E-002
0.50 5.40 0.80 0.40436916339331691 3.3112534601417443E-002
0.50 5.40 1.20 0.40310997172504637 3.3358129152728143E-002
0.50 5.40 1.60 0.40875526441984189 3.3526295112463925E-002
0.50 5.40 2.00 0.40335998752657903 3.3463303324284516E-002
0.50 5.40 2.40 0.40415019769993854 3.3302345436003328E-002
0.50 5.40 2.80 0.40545328040584366 3.3413149768340158E-002
0.50 5.40 3.20 0.40562617532347406 3.3539304986159604E-002
0.50 5.40 3.60 0.40822626471871687 3.3440937070835092E-002
0.50 5.40 4.00 0.40896979587576993 3.3455100403735741E-002
0.50 5.40 4.40 0.40484729402507541 3.3408374023257942E-002
0.50 5.40 4.80 0.40671356364484357 3.3370474365820649E-002
0.50 5.40 5.20 0.40863765611813108 3.3559006402735909E-002
0.50 5.40 5.60 0.40800771073532111 3.3714372636005401E-002
0.50 5.40 6.00 0.40971084723934215 3.3656088974473586E-002
0.50 5.40 6.40 0.40637422749396246 3.3399738219206249E-002
0.50 5.40 6.80 0.41103706924377353 3.3377671360784074E-002
0.50 5.40 7.20 0.40937007209692738 3.3605998662662104E-002
0.50 5.40 7.60 0.40514395799403780 3.3343385935962200E-002
0.50 5.40 8.00 0.40808507667096611 3.3362257105291136E-002
0.50 5.40 8.40 0.41085349869080340 3.3528030339992666E-002
0.50 5.40 8.80 0.41198757957378201 3.3530262955756431E-002
0.50 5.40 9.20 0.41266724569617041 3.3527381565242993E-002
0.50 5.40 9.60 0.40818992715361857 3.3460004781606260E-002
0.50 5.40 10.00 0.40560582589702215 3.3198203293940007E-002
0.50 5.40 10.40 0.40806140856431083 3.3237109141333390E-002
0.50 5.40 10.80 0.41075641061528889 3.3603133529605436E-002
0.50 5.40 11.20 0.40953784114584668 3.3378802234381784E-002
0.50 5.40 11.60 0.40924774344259152 3.3597039075593124E-002
0.50 5.40 12.00 0.40846789535373446 3.3282136769669540E-002

0.50 5.60 0.00 0.12420347387163773 2.4909155749533403E-002
0.50 5.60 0.40 0.34279030478670730 3.3001224619661311E-002
0.50 5.60 0.80 0.38463598630563361 3.3212371045831163E-002
0.50 5.60 1.20 0.40186473300321579 3.3560892857727474E-002
0.50 5.60 1.60 0.40847427630113875 3.3631729061043891E-002
0.50 5.60 2.00 0.40874346382539323 3.3381438494947194E-002
0.50 5.60 2.40 0.40658146105856890 3.3517325246425714E-002
0.50 5.60 2.80 0.40943729513559762 3.3374436938842580E-002
0.50 5.60 3.20 0.40572611985160351 3.3433917575627331E-002
0.50 5.60 3.60 0.40879597086357922 3.3455537228063582E-002
0.50 5.60 4.00 0.40581479509017593 3.3430658596389162E-002
0.50 5.60 4.40 0.40578833578108436 3.3510626130150836E-002
0.50 5.60 4.80 0.40593945967530731 3.3356244441444485E-002
0.50 5.60 5.20 0.41028406230783521 3.3712837423861837E-002
0.50 5.60 5.60 0.41020344071406267 3.3612326924580112E-002
0.50 5.60 6.00 0.40696594822498444 3.3505921269303206E-002
0.50 5.60 6.40 0.40775003712309921 3.3441818564127708E-002
0.50 5.60 6.80 0.40661948917580359 3.3633518955975314E-002
0.50 5.60 7.20 0.40928815821548625 3.3307155873315182E-002
0.50 5.60 7.60 0.40885137403245031 3.3395128004943507E-002
0.50 5.60 8.00 0.40983286546000797 3.3439399755664297E-002
0.50 5.60 8.40 0.41080007928616108 3.3566970884638579E-002
0.50 5.60 8.80 0.40517785255820221 3.3360853617848699E-002
0.50 5.60 9.20 0.40776064166908760 3.3526908030512267E-002
0.50 5.60 9.60 0.40830519930909392 3.3566653595272548E-002
0.50 5.60 10.00 0.40758759157640484 3.3458680068839015E-002
0.50 5.60 10.40 0.40914452334435863 3.3376795962228277E-002
0.50 5.60 10.80 0.40808742684122767 3.3403026263415445E-002
0.50 5.60 11.20 0.40386719600869608 3.3520330553608237E-002
0.50 5.60 11.60 0.40885902976755262 3.3442212225762116E-002
0.50 5.60 12.00 0.40788349015830638 3.3396186690761283E-002

0.50 5.80 0.00 0.10176861923287887 2.4268083031020807E-002
0.50 5.80 0.40 0.35260063943960057 3.4415401830813916E-002
0.50 5.80 0.80 0.38278677338243539 3.3283660217798931E-002
0.50 5.80 1.20 0.40499043960682463 3.3619203303067023E-002
0.50 5.80 1.60 0.40718126033570823 3.3267301124348239E-002
0.50 5.80 2.00 0.40861589535448378 3.3541570120832274E-002
0.50 5.80 2.40 0.40890625717064977 3.3565299214098149E-002
0.50 5.80 2.80 0.40674224670350323 3.3459015213173772E-002
0.50 5.80 3.20 0.40965365081452243 3.3599518233741132E-002
0.50 5.80 3.60 0.40850547075763133 3.3351100348306260E-002
0.50 5.80 4.00 0.40578987869913374 3.3287003239191183E-002
0.50 5.80 4.40 0.40826288374201025 3.3595523937236089E-002
0.50 5.80 4.80 0.40665325617426146 3.3423865613307187E-002
0.50 5.80 5.20 0.40611089700999958 3.3465474640464378E-002
0.50 5.80 5.60 0.40747307258269638 3.3515289459415704E-002
0.50 5.80 6.00 0.41000695344299559 3.3501719226736858E-002
0.50 5.80 6.40 0.40777741700985348 3.3383246985968361E-002
0.50 5.80 6.80 0.40233729165852622 3.3474410422242772E-002
0.50 5.80 7.20 0.40742356437953242 3.3538338675265789E-002
0.50 5.80 7.60 0.40560312365701423 3.3413214807495956E-002
0.50 5.80 8.00 0.40659228699357691 3.3427510036860869E-002
0.50 5.80 8.40 0.40826449074880067 3.3418747794973412E-002
0.50 5.80 8.80 0.41202942907283868 3.3799957945566929E-002
0.50 5.80 9.20 0.40630572431344758 3.3458975687066704E-002
0.50 5.80 9.60 0.40956341342319469 3.3398052270560842E-002
0.50 5.80 10.00 0.40680219726957983 3.3375229267296649E-002
0.50 5.80 10.40 0.40505742827512670 3.3502405704619771E-002
0.50 5.80 10.80 0.40958152802066045 3.3417827868726380E-002
0.50 5.80 11.20 0.40702251655219923 3.3576197475672219E-002
0.50 5.80 11.60 0.40787505829742055 3.3441228864444297E-002
0.50 5.80 12.00 0.41277042834664801 3.3339744195925856E-002

0.50 6.00 0.00 0.11634286035752679 2.5014413889123621E-002
0.50 6.00 0.40 0.35277215191437788 3.2946550694843507E-002
0.50 6.00 0.80 0.38233568869128437 3.3251917887695027E-002
0.50 6.00 1.20 0.39958404582995566 3.3392937579063912E-002
0.50 6.00 1.60 0.40243823550300750 3.3606504074894232E-002
0.50 6.00 2.00 0.40606407865135302 3.3493549186834642E-002
0.50 6.00 2.40 0.40350923631931168 3.3322272813639260E-002
0.50 6.00 2.80 0.40224942805798258 3.3383680128949191E-002
0.50 6.00 3.20 0.40380573163207928 3.3599583039408021E-002
0.50 6.00 3.60 0.40683714166617013 3.3584154140757237E-002
0.50 6.00 4.00 0.40853258932811426 3.3506152618591800E-002
0.50 6.00 4.40 0.40705923135736349 3.3609413800164592E-002
0.50 6.00 4.80 0.40708127012539208 3.3505133903079944E-002
0.50 6.00 5.20 0.40207961278612947 3.3276046958709227E-002
0.50 6.00 5.60 0.40348326284022240 3.3352614165644355E-002
0.50 6.00 6.00 0.40469425883337162 3.3653527032664020E-002
0.50 6.00 6.40 0.40941377474399471 3.3590266611850106E-002
0.50 6.00 6.80 0.40983804704164184 3.3458180101903955E-002
0.50 6.00 7.20 0.40668512775963706 3.3388792311176183E-002
0.50 6.00 7.60 0.41202995464253445 3.3597111638751689E-002
0.50 6.00 8.00 0.40837873649168921 3.3421096724569374E-002
0.50 6.00 8.40 0.40773574966192927 3.3241894224807576E-002
0.50 6.00 8.80 0.40723534465943806 3.3226191920239567E-002
0.50 6.00 9.20 0.40712322957707936 3.3312751904323312E-002
0.50 6.00 9.60 0.40732612536707835 3.3493814436768854E-002
0.50 6.00 10.00 0.40951379834756263 3.3460034276150810E-002
0.50 6.00 10.40 0.40890175639321030 3.3433613110701560E-002
0.50 6.00 10.80 0.40648301240022960 3.3489495715733487E-002
0.50 6.00 11.20 0.40559617850152918 3.3486849742739758E-002
0.50 6.00 11.60 0.41042969439172128 3.3490394308554661E-002
0.50 6.00 12.00 0.41054266190807243 3.3219928894806280E-002

