0.50 0.00 0.00 0.24510290255620665 5.4994871933104768E-002
0.50 0.00 0.40 0.32303203798137770 6.4506864429571570E-002
0.50 0.00 0.80 0.34966037469185285 6.6993574056526090E-002
0.50 0.00 1.20 0.35743413371076654 6.7689730635019763E-002
0.50 0.00 1.60 0.35255488689611736 6.5992996040286772E-002
0.50 0.00 2.00 0.35571435268305823 6.5082788994481819E-002
0.50 0.00 2.40 0.36715358349453331 6.4648626505311488E-002
0.50 0.00 2.80 0.36895370713390524 6.4236899593854674E-002
0.50 0.00 3.20 0.36711387587274502 6.3405389755982186E-002
0.50 0.00 3.60 0.37831149158093458 6.3509031086025694E-002
0.50 0.00 4.00 0.39110708768770241 6.3779814966540685E-002
0.50 0.00 4.40 0.39553105477043521 6.3853274175799848E-002
0.50 0.00 4.80 0.39282012499318569 6.2530947093849820E-002
0.50 0.00 5.20 0.39932445068279970 6.3853218666593797E-002
0.50 0.00 5.60 0.39732107980871090 6.3076887924343406E-002
0.50 0.00 6.00 0.39677751084172208 6.2599255743706700E-002
0.50 0.00 6.40 0.40430059628186654 6.3391782054171911E-002
0.50 0.00 6.80 0.39977960977644089 6.3229433177346778E-002
0.50 0.00 7.20 0.40422635205714308 6.3847140545448947E-002
0.50 0.00 7.60 0.40553817479204907 6.2502842208338530E-002
0.50 0.00 8.00 0.40452811772352515 6.3545978576152184E-002
0.50 0.00 8.40 0.40655102261392723 6.2757422937006549E-002
0.50 0.00 8.80 0.40224773031905120 6.3924925415450431E-002
0.50 0.00 9.20 0.40276142228293210 6.3459801714351477E-002
0.50 0.00 9.60 Binary file (standard input) matches
0.50 0.00 10.00 0.40284425131079155 6.4612742661866035E-002
0.50 0.00 10.40 0.40068322870348483 6.3908724037262263E-002
0.50 0.00 10.80 0.40141483818254409 6.4128162890442375E-002
0.50 0.00 11.20 0.40034923392516231 6.4065086389259909E-002
0.50 0.00 11.60 0.39975171836583162 6.3921212718106732E-002
0.50 0.00 12.00 0.40384717939154358 6.3716827294558964E-002

0.50 0.20 0.00 0.41601270893661713 8.1406597478958689E-002
0.50 0.20 0.40 0.40595383504860749 7.4419512175949096E-002
0.50 0.20 0.80 0.40609078639734431 7.5211498161979654E-002
0.50 0.20 1.20 0.40163971978765600 7.2828842480951270E-002
0.50 0.20 1.60 0.39748396229284466 7.0818963685213551E-002
0.50 0.20 2.00 0.39387340513434843 6.8920421307737151E-002
0.50 0.20 2.40 0.39653042537322863 6.6713727359907660E-002
0.50 0.20 2.80 0.39516282845249234 6.5150245361269399E-002
0.50 0.20 3.20 0.39549301322049446 6.4811591246897712E-002
0.50 0.20 3.60 0.40129270252431715 6.4159358875714834E-002
0.50 0.20 4.00 0.40007532873837820 6.2712430018683721E-002
0.50 0.20 4.40 0.40178315405214543 6.2860828506161093E-002
0.50 0.20 4.80 0.40401485089661504 6.3121285572610708E-002
0.50 0.20 5.20 0.40485270691220360 6.2624471181190466E-002
0.50 0.20 5.60 0.41083315091439987 6.2776740534248116E-002
0.50 0.20 6.00 0.40846129492087274 6.3817407633829940E-002
0.50 0.20 6.40 0.41250358402159604 6.3685624715899530E-002
0.50 0.20 6.80 0.40172093208393783 6.2841081035161409E-002
0.50 0.20 7.20 0.40804238352655436 6.3416043680193768E-002
0.50 0.20 7.60 0.40967523738241762 6.2723205104722624E-002
0.50 0.20 8.00 0.40687304190155932 6.3985822474972739E-002
0.50 0.20 8.40 0.40638119659277827 6.3593389107918258E-002
0.50 0.20 8.80 0.40883148821916854 6.3493374639642275E-002
0.50 0.20 9.20 0.40840842088905055 6.3741753839183166E-002
0.50 0.20 9.60 0.40601512997179812 6.3340822870808722E-002
0.50 0.20 10.00 0.40175656710498686 6.3434201789041925E-002
0.50 0.20 10.40 0.40207762488989812 6.3617987209662358E-002
0.50 0.20 10.80 0.40581273283639135 6.3575310758010373E-002
0.50 0.20 11.20 0.40471229336943565 6.4259635025381914E-002
0.50 0.20 11.60 0.40644203487871045 6.3977649554476726E-002
0.50 0.20 12.00 0.39900661104248852 6.3861241888693882E-002

0.50 0.40 0.00 0.36058529461131850 7.2837102292192979E-002
0.50 0.40 0.40 0.39782171272393879 7.4359845654705645E-002
0.50 0.40 0.80 0.41270987052429248 7.3796851848631606E-002
0.50 0.40 1.20 0.41999613449346695 7.3099075160193316E-002
0.50 0.40 1.60 0.42049111412228229 7.1202692964532147E-002
0.50 0.40 2.00 0.41912965367549304 6.9082336733985353E-002
0.50 0.40 2.40 0.41122802031956229 6.6585946494149104E-002
0.50 0.40 2.80 0.41432852023743516 6.5048405013896887E-002
0.50 0.40 3.20 0.40821704298485378 6.3903867902888864E-002
0.50 0.40 3.60 0.41092460435025774 6.3997423509492446E-002
0.50 0.40 4.00 0.40587172610702565 6.2663542349427184E-002
0.50 0.40 4.40 0.41426322288211370 6.3411221042764726E-002
0.50 0.40 4.80 0.41295257620108272 6.2816164872162475E-002
0.50 0.40 5.20 0.41571921186367966 6.2582795503345681E-002
0.50 0.40 5.60 0.41839321322344381 6.3311836821912992E-002
0.50 0.40 6.00 0.41773933377248917 6.3048569499418769E-002
0.50 0.40 6.40 0.41864867619818691 6.3240744910316185E-002
0.50 0.40 6.80 0.41573355878786000 6.2852687080057562E-002
0.50 0.40 7.20 0.41380127900922742 6.2795288874210958E-002
0.50 0.40 7.60 0.41201987961175818 6.3262086818169888E-002
0.50 0.40 8.00 0.40742623543075551 6.2704869665310303E-002
0.50 0.40 8.40 0.41126076744689516 6.3952216757765828E-002
0.50 0.40 8.80 0.40805312943150424 6.3957443977622541E-002
0.50 0.40 9.20 0.40695218396825972 6.4094951899201724E-002
0.50 0.40 9.60 0.40771495961646281 6.3628387042130544E-002
0.50 0.40 10.00 0.40516392101787407 6.3731283910634789E-002
0.50 0.40 10.40 0.41074404914679857 6.3345502334143877E-002
0.50 0.40 10.80 0.40475303720036432 6.3846607027750218E-002
0.50 0.40 11.20 0.40509068842722362 6.3955336395604676E-002
0.50 0.40 11.60 0.40797486502164870 6.4306277862206065E-002
0.50 0.40 12.00 0.40240715916031344 6.3383890818548574E-002

0.50 0.60 0.00 0.32542893456440791 8.1351925778252052E-002
0.50 0.60 0.40 0.42168758385478045 7.8286815165597295E-002
0.50 0.60 0.80 0.40650779804445414 7.5272134491650600E-002
0.50 0.60 1.20 0.41892455107880650 7.4296469904346185E-002
0.50 0.60 1.60 0.42891847167923813 7.2421597009296193E-002
0.50 0.60 2.00 0.42901071426611032 7.0733464213059011E-002
0.50 0.60 2.40 0.43209728279855736 6.8838775171169639E-002
0.50 0.60 2.80 0.43763520209185147 6.6843361845816351E-002
0.50 0.60 3.20 0.42623507723740184 6.5992471569543215E-002
0.50 0.60 3.60 0.42298888039769034 6.4370827089252472E-002
0.50 0.60 4.00 0.42137202566096732 6.3787795719522922E-002
0.50 0.60 4.40 0.42366284053254122 6.3596991900410724E-002
0.50 0.60 4.80 0.42786648277041089 6.3308740191636875E-002
0.50 0.60 5.20 0.43080196154051437 6.3688812149940557E-002
0.50 0.60 5.60 0.42052760283399121 6.3152597075416705E-002
0.50 0.60 6.00 0.42035151233240731 6.2834668380138445E-002
0.50 0.60 6.40 0.42793579453974695 6.3175581967022221E-002
0.50 0.60 6.80 0.42024081503129029 6.3159173644094929E-002
0.50 0.60 7.20 0.41752502053572849 6.2829280208911584E-002
0.50 0.60 7.60 0.42354639548951367 6.3613137381231380E-002
0.50 0.60 8.00 0.42516454143505833 6.3619612224569008E-002
0.50 0.60 8.40 0.41366643160636646 6.3609796221042167E-002
0.50 0.60 8.80 0.41128995370812993 6.2980558577298992E-002
0.50 0.60 9.20 0.40835624590376829 6.3544558498112733E-002
0.50 0.60 9.60 0.40664769027831121 6.3562269095873272E-002
0.50 0.60 10.00 0.40957272756003194 6.3344755742670011E-002
0.50 0.60 10.40 0.40839452130471204 6.3588206070032946E-002
0.50 0.60 10.80 0.40769658311766471 6.3717156624109095E-002
0.50 0.60 11.20 0.40799260076179483 6.4300354209428090E-002
0.50 0.60 11.60 0.40717154213660178 6.3575531827844464E-002
0.50 0.60 12.00 0.40542174249666851 6.3391634888506840E-002

0.50 0.80 0.00 0.28638474548126702 6.9436706007088525E-002
0.50 0.80 0.40 0.41027446047975874 7.1632267889786078E-002
0.50 0.80 0.80 0.42326655800183327 7.4069549029021561E-002
0.50 0.80 1.20 0.41585029816680558 7.2927924825839333E-002
0.50 0.80 1.60 0.42057690050084051 7.1129573357883169E-002
0.50 0.80 2.00 0.42730657765791075 6.9288720195383194E-002
0.50 0.80 2.40 0.43117426499685119 6.7927985924761028E-002
0.50 0.80 2.80 0.42689100905230914 6.6658396068340980E-002
0.50 0.80 3.20 0.43296151099645452 6.5470726471448873E-002
0.50 0.80 3.60 0.42856313504496563 6.4962458805034429E-002
0.50 0.80 4.00 0.42640359069418821 6.4095545050643479E-002
0.50 0.80 4.40 0.43497893822930384 6.4274913918337909E-002
0.50 0.80 4.80 0.43298704306718044 6.3503025960717829E-002
0.50 0.80 5.20 0.43653029705462909 6.3753174311862462E-002
0.50 0.80 5.60 0.42620680098677816 6.3683809343690181E-002
0.50 0.80 6.00 0.42860208391723065 6.3095233795418024E-002
0.50 0.80 6.40 0.42973126356812685 6.3435563564492800E-002
0.50 0.80 6.80 0.43161053969016316 6.3892028727493319E-002
0.50 0.80 7.20 0.42584582178406799 6.4410155480406114E-002
0.50 0.80 7.60 0.41859239456137720 6.3511641514115730E-002
0.50 0.80 8.00 0.41782311181496246 6.3730154323762167E-002
0.50 0.80 8.40 0.41271050047340430 6.3990141757069047E-002
0.50 0.80 8.80 0.41239980391611208 6.3461795625704157E-002
0.50 0.80 9.20 0.41623718210642313 6.3593262865471484E-002
0.50 0.80 9.60 0.41382598402849136 6.3798961375745727E-002
0.50 0.80 10.00 0.41386006626139327 6.4086730890670518E-002
0.50 0.80 10.40 0.41546014625744637 6.3773524694307734E-002
0.50 0.80 10.80 0.41131974631433621 6.3806974482720075E-002
0.50 0.80 11.20 0.41623657528865171 6.4431207157946216E-002
0.50 0.80 11.60 0.41203100000979304 6.3233390916953416E-002
0.50 0.80 12.00 0.41341481990326595 6.4079356775819760E-002

0.50 1.00 0.00 0.25246877445252164 6.4198544807008082E-002
0.50 1.00 0.40 0.38260193902253548 6.8055297529248659E-002
0.50 1.00 0.80 0.41146408670855389 7.1594484515858259E-002
0.50 1.00 1.20 0.42603161595263106 7.2791342313506369E-002
0.50 1.00 1.60 0.43111698634376105 7.1614147285845156E-002
0.50 1.00 2.00 0.43168281307617901 6.9244930182046360E-002
0.50 1.00 2.40 0.43156499907135110 6.7313894054339005E-002
0.50 1.00 2.80 0.43137278679525320 6.6192632437619914E-002
0.50 1.00 3.20 0.43482771846024865 6.5739978434103119E-002
0.50 1.00 3.60 0.43726882408293155 6.5014602043704781E-002
0.50 1.00 4.00 0.43806809442163208 6.4317828165806001E-002
0.50 1.00 4.40 0.43131430798466691 6.4199708742213660E-002
0.50 1.00 4.80 0.43742754821434515 6.3705081194278035E-002
0.50 1.00 5.20 0.43661785603399511 6.3786651514747938E-002
0.50 1.00 5.60 0.43471642623642115 6.3663311748946780E-002
0.50 1.00 6.00 0.43822633538225286 6.3903666406480250E-002
0.50 1.00 6.40 0.42847471008778060 6.3620466105400966E-002
0.50 1.00 6.80 0.42391492104220357 6.4164217123446929E-002
0.50 1.00 7.20 0.42374998156766341 6.3669306049367921E-002
0.50 1.00 7.60 0.42229618165298788 6.3413366625153164E-002
0.50 1.00 8.00 0.41677051511731023 6.4324252817394706E-002
0.50 1.00 8.40 0.41488425959045827 6.3981421228228072E-002
0.50 1.00 8.80 0.41793516625340643 6.4218032940674463E-002
0.50 1.00 9.20 0.41293219637491163 6.3669090726832606E-002
0.50 1.00 9.60 0.41279960974417673 6.3444055177476491E-002
0.50 1.00 10.00 0.41196848456805801 6.3275718508574927E-002
0.50 1.00 10.40 0.41376396313994235 6.3612528833629237E-002
0.50 1.00 10.80 0.41331816974486585 6.3458293364156301E-002
0.50 1.00 11.20 0.40788025414683471 6.3899654006339901E-002
0.50 1.00 11.60 0.41137619337742865 6.4062842371578027E-002
0.50 1.00 12.00 0.40996052732626176 6.3826645409559526E-002

0.50 1.20 0.00 0.23810676245217324 6.1609988426874061E-002
0.50 1.20 0.40 0.37387430735444560 6.7575178162205096E-002
0.50 1.20 0.80 0.39395580946443876 6.9566491339631858E-002
0.50 1.20 1.20 0.41654085993213724 7.1372420675456724E-002
0.50 1.20 1.60 0.42644466255133268 7.0572560136747370E-002
0.50 1.20 2.00 0.43108863103521478 6.9465243234598559E-002
0.50 1.20 2.40 0.43513567095045136 6.7924100927857597E-002
0.50 1.20 2.80 0.42921683094968205 6.6507257342040535E-002
0.50 1.20 3.20 0.43307552911731095 6.5382103377211925E-002
0.50 1.20 3.60 0.43447878122433947 6.4635414734587393E-002
0.50 1.20 4.00 0.43627927826507673 6.4226143587251136E-002
0.50 1.20 4.40 0.43475110495119490 6.4621163932151490E-002
0.50 1.20 4.80 0.43579094908321514 6.3937991890696405E-002
0.50 1.20 5.20 0.43283858295070338 6.3827199236768342E-002
0.50 1.20 5.60 0.43264663077521942 6.3559751911355433E-002
0.50 1.20 6.00 0.42795581626214874 6.3492211592408518E-002
0.50 1.20 6.40 0.42529233448688275 6.3706609360127828E-002
0.50 1.20 6.80 0.42213568400166779 6.3694973962179838E-002
0.50 1.20 7.20 0.42130160246471837 6.4085798086865195E-002
0.50 1.20 7.60 0.41777449477407835 6.3865979625114963E-002
0.50 1.20 8.00 0.42154300581837373 6.4153570973068827E-002
0.50 1.20 8.40 0.41510522389549259 6.3980945618639887E-002
0.50 1.20 8.80 0.41497401647363796 6.3395022240451376E-002
0.50 1.20 9.20 0.41411636143040631 6.4524098630317300E-002
0.50 1.20 9.60 0.41595683563772046 6.3721138149099882E-002
0.50 1.20 10.00 0.41747005505354196 6.4336219365826772E-002
0.50 1.20 10.40 0.41454622542397856 6.3845615916448842E-002
0.50 1.20 10.80 0.41414343047045943 6.4792086573029040E-002
0.50 1.20 11.20 0.40796823314599617 6.4378042215576997E-002
0.50 1.20 11.60 0.41375409080477610 6.3683258673604873E-002
0.50 1.20 12.00 0.41265799909423617 6.4362300093429192E-002

0.50 1.40 0.00 0.24489149374021557 6.6003606500096124E-002
0.50 1.40 0.40 0.38643454828439189 6.7824617824505648E-002
0.50 1.40 0.80 0.38526557072497641 6.7230438332267814E-002
0.50 1.40 1.20 0.40645574603764556 6.7697085569676074E-002
0.50 1.40 1.60 0.41746839050010304 6.7756376311072161E-002
0.50 1.40 2.00 0.42315746377467650 6.8064109466035153E-002
0.50 1.40 2.40 0.43698120839623245 6.7565376754401427E-002
0.50 1.40 2.80 0.43291673226318672 6.6110273558007887E-002
0.50 1.40 3.20 0.43611507352919193 6.5534742078575223E-002
0.50 1.40 3.60 0.44159852719284443 6.4713812038206739E-002
0.50 1.40 4.00 0.44062220592711138 6.4200275872593193E-002
0.50 1.40 4.40 0.43725627132946931 6.3905493458065718E-002
0.50 1.40 4.80 0.43838713402882046 6.4266516290729103E-002
0.50 1.40 5.20 0.43865241796715126 6.3906491630140810E-002
0.50 1.40 5.60 0.43166272686766349 6.4179735383447539E-002
0.50 1.40 6.00 0.42739784011781756 6.3491727505396486E-002
0.50 1.40 6.40 0.42665962079727332 6.3682266608082003E-002
0.50 1.40 6.80 0.42341612889648700 6.3478345933031866E-002
0.50 1.40 7.20 0.42110023701639376 6.3570670255020251E-002
0.50 1.40 7.60 0.41899567850250224 6.3580959935633230E-002
0.50 1.40 8.00 0.41898914791519359 6.3902020825876635E-002
0.50 1.40 8.40 0.41794265781284479 6.4592175312564046E-002
0.50 1.40 8.80 0.42120044039597443 6.4309269514946893E-002
0.50 1.40 9.20 0.41264114487823467 6.3871547118212135E-002
0.50 1.40 9.60 0.41908286127189404 6.3847703943861620E-002
0.50 1.40 10.00 0.41736786178605961 6.4098932971062214E-002
0.50 1.40 10.40 0.41821821538077247 6.4032104835919493E-002
0.50 1.40 10.80 0.41789522424382952 6.4321681651393611E-002
0.50 1.40 11.20 0.41523357264571664 6.4018566980590275E-002
0.50 1.40 11.60 0.41541348238366754 6.3935158023792862E-002
0.50 1.40 12.00 0.41432693006929810 6.4388108044889175E-002

0.50 1.60 0.00 0.29718331796703740 8.0767460389335272E-002
0.50 1.60 0.40 0.39651588661385262 7.0716691930104228E-002
0.50 1.60 0.80 0.39808105763011137 6.7325036049311157E-002
0.50 1.60 1.20 0.40384615884093950 6.6424990015631638E-002
0.50 1.60 1.60 0.41430740905730223 6.5912122218884525E-002
0.50 1.60 2.00 0.42300795576094502 6.5657972761935718E-002
0.50 1.60 2.40 0.43223868564232309 6.6214876934566305E-002
0.50 1.60 2.80 0.43565281563865643 6.5853912339418660E-002
0.50 1.60 3.20 0.43586817192215621 6.5693574669164423E-002
0.50 1.60 3.60 0.44094673387271649 6.4970498967617030E-002
0.50 1.60 4.00 0.44067707831467889 6.4585259856903984E-002
0.50 1.60 4.40 0.44296250422769134 6.4118723385197557E-002
0.50 1.60 4.80 0.43800377686500475 6.3562107973291926E-002
0.50 1.60 5.20 0.43381430853341324 6.3855139940947311E-002
0.50 1.60 5.60 0.43429368566374676 6.2945112702146713E-002
0.50 1.60 6.00 0.42342198898428096 6.3082345290362649E-002
0.50 1.60 6.40 0.42722426551224979 6.3793044796955550E-002
0.50 1.60 6.80 0.41878791716818375 6.3627520015993033E-002
0.50 1.60 7.20 0.41708212564500241 6.3729870067195840E-002
0.50 1.60 7.60 0.41296816996508801 6.3793152566043412E-002
0.50 1.60 8.00 0.41727223297118066 6.3848791279446954E-002
0.50 1.60 8.40 0.41384431226525836 6.3611289686023392E-002
0.50 1.60 8.80 0.41641943862994302 6.4468312934654340E-002
0.50 1.60 9.20 0.41683267265625756 6.3908695539251756E-002
0.50 1.60 9.60 0.41388038385696613 6.4251748039238443E-002
0.50 1.60 10.00 0.41608669863586972 6.3528476683024235E-002
0.50 1.60 10.40 0.41613472794121698 6.4246662561531442E-002
0.50 1.60 10.80 0.41270886772262438 6.4222204730887786E-002
0.50 1.60 11.20 0.41567677415252524 6.4271035893021466E-002
0.50 1.60 11.60 0.41541602517118381 6.3801635818904662E-002
0.50 1.60 12.00 0.40928936856939535 6.4201582918059510E-002

0.50 1.80 0.00 0.27849153529015569 7.0864568036268727E-002
0.50 1.80 0.40 0.39992724787594514 6.8414947236312751E-002
0.50 1.80 0.80 0.39659842870227335 6.3453444881689844E-002
0.50 1.80 1.20 0.40232871010232507 6.1214538898590500E-002
0.50 1.80 1.60 0.41442565904076484 6.2014543261565608E-002
0.50 1.80 2.00 0.42271010180469420 6.3239045227549265E-002
0.50 1.80 2.40 0.42940817760919181 6.4762037648103246E-002
0.50 1.80 2.80 0.43642215418068642 6.5273535473751879E-002
0.50 1.80 3.20 0.44050506202499162 6.5106693075168171E-002
0.50 1.80 3.60 0.44318521993956245 6.4633674459014662E-002
0.50 1.80 4.00 0.43778425356543521 6.3849777898121893E-002
0.50 1.80 4.40 0.43673650629304073 6.3650520994481430E-002
0.50 1.80 4.80 0.43101277928676840 6.3099756963371945E-002
0.50 1.80 5.20 0.42948546286362993 6.3507439586419939E-002
0.50 1.80 5.60 0.42372256722341994 6.3112225636913877E-002
0.50 1.80 6.00 0.42090439376929795 6.3034692211389104E-002
0.50 1.80 6.40 0.41990076507715735 6.3942827561458734E-002
0.50 1.80 6.80 0.41611401395028114 6.3597493261124877E-002
0.50 1.80 7.20 0.41812328594705617 6.3934307221053255E-002
0.50 1.80 7.60 0.41781879853252291 6.3911105332602233E-002
0.50 1.80 8.00 0.41579061951529717 6.4195111897403220E-002
0.50 1.80 8.40 Binary file (standard input) matches
0.50 1.80 8.80 0.41976665737411140 6.3450777455097931E-002
0.50 1.80 9.20 0.41839210906951363 6.4296849111900825E-002
0.50 1.80 9.60 0.41482933408361433 6.3725811318263728E-002
0.50 1.80 10.00 0.41722453601389847 6.4175796329004525E-002
0.50 1.80 10.40 0.41018696904942276 6.4380900856206819E-002
0.50 1.80 10.80 0.41407982752970485 6.3814116884387831E-002
0.50 1.80 11.20 0.41334097315574636 6.3963781646589987E-002
0.50 1.80 11.60 0.40882285614597180 6.4148617229914565E-002
0.50 1.80 12.00 0.41332976428701623 6.4168766002695471E-002

0.50 2.00 0.00 0.31272452162138337 7.8051905042724481E-002
0.50 2.00 0.40 0.39531483641494181 6.8696566008294685E-002
0.50 2.00 0.80 0.40968708297398226 6.4549421873476232E-002
0.50 2.00 1.20 0.41915052335985808 6.2423867635966877E-002
0.50 2.00 1.60 0.41933240670668565 6.2218755361730597E-002
0.50 2.00 2.00 0.42440242482837370 6.2690192184480825E-002
0.50 2.00 2.40 0.43791843783128953 6.3975620215512313E-002
0.50 2.00 2.80 0.43331513465922800 6.3622945394251798E-002
0.50 2.00 3.20 0.43591072905372802 6.3190010487815612E-002
0.50 2.00 3.60 0.43113016990962494 6.3267893827337898E-002
0.50 2.00 4.00 0.43507421085140285 6.3875303063932021E-002
0.50 2.00 4.40 0.43374288473936823 6.3277605724461838E-002
0.50 2.00 4.80 0.43731722365713549 6.2949610317649493E-002
0.50 2.00 5.20 0.42394752343485764 6.3237043511879212E-002
0.50 2.00 5.60 0.41988430794509329 6.3011716976593427E-002
0.50 2.00 6.00 0.42523751341050947 6.3273644163386336E-002
0.50 2.00 6.40 0.41626403478544782 6.2894439060799931E-002
0.50 2.00 6.80 0.41721973520282268 6.3775169824363515E-002
0.50 2.00 7.20 0.41868519208250338 6.3124696454785856E-002
0.50 2.00 7.60 0.41274850286215692 6.3597625468067298E-002
0.50 2.00 8.00 0.41110294421237825 6.3648206187819065E-002
0.50 2.00 8.40 0.41540396163064369 6.3853475525144268E-002
0.50 2.00 8.80 0.41652779638842485 6.3940851380279023E-002
0.50 2.00 9.20 0.41966514393645715 6.4445932566965625E-002
0.50 2.00 9.60 0.41342927965897414 6.3787573413320697E-002
0.50 2.00 10.00 0.41357167236156700 6.4144501893450015E-002
0.50 2.00 10.40 0.41879173962706345 6.4017594450043472E-002
0.50 2.00 10.80 0.41840649183148332 6.4408171735577210E-002
0.50 2.00 11.20 0.41896348816530704 6.3886682291295113E-002
0.50 2.00 11.60 0.42257590795146910 6.4140040283465954E-002
0.50 2.00 12.00 0.41254966352169714 6.4150619618636356E-002

0.50 2.20 0.00 0.25675411430137063 7.1190666158081478E-002
0.50 2.20 0.40 0.40570171682043832 6.8968191118111963E-002
0.50 2.20 0.80 0.42239528468158544 6.6176310644371919E-002
0.50 2.20 1.20 0.42962717629253344 6.3697343072976670E-002
0.50 2.20 1.60 0.43539431274961615 6.2270404758278539E-002
0.50 2.20 2.00 0.44235703387359865 6.2773123961914867E-002
0.50 2.20 2.40 0.43956718990933707 6.2847935521478326E-002
0.50 2.20 2.80 0.43488277695107336 6.2755364730791907E-002
0.50 2.20 3.20 0.43325834365934385 6.2382851874523720E-002
0.50 2.20 3.60 0.43558093733618952 6.2853663528324374E-002
0.50 2.20 4.00 0.43177279680719438 6.2549383260743524E-002
0.50 2.20 4.40 0.42877220718796211 6.2339234622727543E-002
0.50 2.20 4.80 0.42759657685173663 6.2848920264147068E-002
0.50 2.20 5.20 0.42141061404590047 6.2984808578433693E-002
0.50 2.20 5.60 0.41862252255072974 6.2920786070598880E-002
0.50 2.20 6.00 0.42118142377324358 6.2108425068830381E-002
0.50 2.20 6.40 0.41291788378900779 6.3713145619044106E-002
0.50 2.20 6.80 0.42180023254095761 6.3630379249854749E-002
0.50 2.20 7.20 0.41531272982775214 6.3462414928943847E-002
0.50 2.20 7.60 0.41867592457234293 6.3346295692484095E-002
0.50 2.20 8.00 0.41762813755172096 6.3702529642769734E-002
0.50 2.20 8.40 0.41513696006641865 6.3836280400119169E-002
0.50 2.20 8.80 0.42237683955227823 6.4397428555924494E-002
0.50 2.20 9.20 0.41439570969099770 6.3884102067973458E-002
0.50 2.20 9.60 0.41850248546336227 6.3912301240311539E-002
0.50 2.20 10.00 0.41755651264234317 6.3577175052678736E-002
0.50 2.20 10.40 0.41835364761993077 6.4152284449184221E-002
0.50 2.20 10.80 0.41744872290223256 6.4630649055089875E-002
0.50 2.20 11.20 0.41016975312430937 6.4190266890624195E-002
0.50 2.20 11.60 0.40911171555055220 6.3574545413761882E-002
0.50 2.20 12.00 0.42153021596749773 6.5031640266428617E-002

0.50 2.40 0.00 0.28256012086335580 7.4195241396007763E-002
0.50 2.40 0.40 0.40409952164457541 7.0876247543916554E-002
0.50 2.40 0.80 0.44123368478834690 6.9601903969404924E-002
0.50 2.40 1.20 0.45022706916987759 6.6206221348087554E-002
0.50 2.40 1.60 0.45556020853627271 6.4015783986317382E-002
0.50 2.40 2.00 0.45584711143776702 6.3558718636853098E-002
0.50 2.40 2.40 0.44609565420201847 6.3332367770774348E-002
0.50 2.40 2.80 0.44259498874323455 6.1968211016148529E-002
0.50 2.40 3.20 0.44043066735934594 6.1904462554328014E-002
0.50 2.40 3.60 0.42670609418581140 6.1220820832428732E-002
0.50 2.40 4.00 0.42932763283025555 6.2035203246620561E-002
0.50 2.40 4.40 0.42448269643124759 6.2253294178872272E-002
0.50 2.40 4.80 0.41987119286314317 6.1927505369609212E-002
0.50 2.40 5.20 0.42283053057358205 6.2707859501429777E-002
0.50 2.40 5.60 0.42000120158222137 6.2182103370822778E-002
0.50 2.40 6.00 0.41673369559769879 6.3107662631691305E-002
0.50 2.40 6.40 0.42086990842717426 6.2677896792159279E-002
0.50 2.40 6.80 0.41232567565662859 6.3425828896634909E-002
0.50 2.40 7.20 0.41314279979431739 6.3426484009177331E-002
0.50 2.40 7.60 0.41968681384049900 6.3498429958050329E-002
0.50 2.40 8.00 0.42249780865224668 6.3710119285833561E-002
0.50 2.40 8.40 0.42623604305244084 6.3980600262049422E-002
0.50 2.40 8.80 0.41552045557755130 6.4194895034448515E-002
0.50 2.40 9.20 0.41998800546106529 6.3766344980840522E-002
0.50 2.40 9.60 0.41919134967582805 6.4236871738178533E-002
0.50 2.40 10.00 0.41524224713200686 6.4162173610206763E-002
0.50 2.40 10.40 0.42242232787271899 6.4304616229077918E-002
0.50 2.40 10.80 0.42331193796959415 6.4339740355164585E-002
0.50 2.40 11.20 0.41499568193202896 6.3928250082536608E-002
0.50 2.40 11.60 0.41210013655922773 6.3375821822969400E-002
0.50 2.40 12.00 0.41592571037386294 6.4403574050682061E-002

0.50 2.60 0.00 0.30351767580322792 8.2835449400373143E-002
0.50 2.60 0.40 0.41318456147945976 7.4988439512871166E-002
0.50 2.60 0.80 0.44531339617007237 7.3284554688466189E-002
0.50 2.60 1.20 0.45837871562914623 7.0198445300580073E-002
0.50 2.60 1.60 0.46435584506763539 6.7458653079000841E-002
0.50 2.60 2.00 0.46599978777387385 6.5131937396559134E-002
0.50 2.60 2.40 0.46077177820515136 6.3432952431900433E-002
0.50 2.60 2.80 0.44468452052401225 6.1803213870897968E-002
0.50 2.60 3.20 0.44114647943171814 6.1320138360687990E-002
0.50 2.60 3.60 0.43293563195602502 6.0836988979657683E-002
0.50 2.60 4.00 0.42179059603938629 6.1114324481074615E-002
0.50 2.60 4.40 0.41907647065999792 6.0852655239948705E-002
0.50 2.60 4.80 0.42307376138735425 6.1712662355266845E-002
0.50 2.60 5.20 0.41982163249607407 6.2227006334047014E-002
0.50 2.60 5.60 0.41359670924643660 6.2921642577709477E-002
0.50 2.60 6.00 0.41004505442873596 6.2295610710171555E-002
0.50 2.60 6.40 0.41783533494461694 6.2973664866176865E-002
0.50 2.60 6.80 0.41877792667993763 6.3580570378781814E-002
0.50 2.60 7.20 0.41930848854016906 6.3429804624913114E-002
0.50 2.60 7.60 0.42118065004626420 6.3543735243233215E-002
0.50 2.60 8.00 0.41398127949363167 6.3559962433677106E-002
0.50 2.60 8.40 0.42375651442095530 6.3823385191681917E-002
0.50 2.60 8.80 0.42603756503523726 6.3991570622590047E-002
0.50 2.60 9.20 0.42037374869197708 6.3539456836179037E-002
0.50 2.60 9.60 0.41545252845536462 6.3919624758047272E-002
0.50 2.60 10.00 0.42352790285408687 6.4429439797222071E-002
0.50 2.60 10.40 0.41804138400053337 6.3741868152370457E-002
0.50 2.60 10.80 0.41589483906899216 6.4372226327338827E-002
0.50 2.60 11.20 0.41252500224270233 6.3928626255695981E-002
0.50 2.60 11.60 0.41593714103903301 6.4046977713561173E-002
0.50 2.60 12.00 0.41275585470963616 6.3822283238702232E-002

0.50 2.80 0.00 0.31521726446650400 8.6103492426152797E-002
0.50 2.80 0.40 0.41361241941293680 7.4168350556423207E-002
0.50 2.80 0.80 0.45739237042908670 7.4059549719026466E-002
0.50 2.80 1.20 0.47156141980513067 7.1351466674224207E-002
0.50 2.80 1.60 0.47559412868071849 6.8477370461285436E-002
0.50 2.80 2.00 0.47390792541011439 6.6266885855962354E-002
0.50 2.80 2.40 0.46014924102734744 6.3912018760292705E-002
0.50 2.80 2.80 0.45225134195207073 6.2307711055423411E-002
0.50 2.80 3.20 0.44192319654645179 6.0803601628846855E-002
0.50 2.80 3.60 0.43031652610878579 6.0865166666923605E-002
0.50 2.80 4.00 0.42566402739901088 6.0336649695207363E-002
0.50 2.80 4.40 0.42245432051014625 6.0553481305039680E-002
0.50 2.80 4.80 0.42129051921097799 6.1921144766599975E-002
0.50 2.80 5.20 0.42168628399867769 6.1529188572654374E-002
0.50 2.80 5.60 0.42387382354065839 6.2270047286878044E-002
0.50 2.80 6.00 0.42038006014658313 6.2397428847735234E-002
0.50 2.80 6.40 0.42495064935004290 6.3220794427982480E-002
0.50 2.80 6.80 0.41737314178105933 6.2958131275956980E-002
0.50 2.80 7.20 0.41995916173383280 6.3765379947313655E-002
0.50 2.80 7.60 0.41937604422117608 6.3454156119861341E-002
0.50 2.80 8.00 0.42112514036245263 6.4069225609513475E-002
0.50 2.80 8.40 0.42558097080130225 6.3973177901076317E-002
0.50 2.80 8.80 0.42169816195998405 6.3743976358819537E-002
0.50 2.80 9.20 0.42006231649085662 6.3744988384613954E-002
0.50 2.80 9.60 0.42072967105707704 6.3850257585304354E-002
0.50 2.80 10.00 0.41637431341346487 6.3964923235361043E-002
0.50 2.80 10.40 0.41731229647657331 6.3959768561979879E-002
0.50 2.80 10.80 0.41788567846063379 6.3471167462059636E-002
0.50 2.80 11.20 0.41936976762247669 6.3704081658866180E-002
0.50 2.80 11.60 0.41762764796747848 6.4455334055715699E-002
0.50 2.80 12.00 0.41937573543585771 6.4714000845281672E-002

0.50 3.00 0.00 0.31780565824393381 8.6674505582209196E-002
0.50 3.00 0.40 0.40945284860056991 7.4866361108598123E-002
0.50 3.00 0.80 0.45631449995681661 7.3503991038915681E-002
0.50 3.00 1.20 0.47267395631409459 7.0731804757807590E-002
0.50 3.00 1.60 0.47862737559992902 6.7985899990729695E-002
0.50 3.00 2.00 0.47268722221915621 6.5795701254701161E-002
0.50 3.00 2.40 0.46884706550998578 6.4042488558698679E-002
0.50 3.00 2.80 0.45800076428139630 6.2155923742077214E-002
0.50 3.00 3.20 0.44020870576069493 6.1287605529293084E-002
0.50 3.00 3.60 0.43716611634910052 6.0972410347131759E-002
0.50 3.00 4.00 0.42465398854416536 6.1034417542520474E-002
0.50 3.00 4.40 0.42233156269604033 6.1053251935977902E-002
0.50 3.00 4.80 0.42431076596466860 6.1312527014242120E-002
0.50 3.00 5.20 0.42114601311838351 6.2268328211453013E-002
0.50 3.00 5.60 0.42604652522816416 6.3243326939644823E-002
0.50 3.00 6.00 0.41673031217195139 6.2639983959621712E-002
0.50 3.00 6.40 0.42730863716357631 6.3672107857725049E-002
0.50 3.00 6.80 0.42419352633475899 6.3739459052170447E-002
0.50 3.00 7.20 0.41940677154978767 6.3517142184381051E-002
0.50 3.00 7.60 0.42499688969365462 6.4072512624420860E-002
0.50 3.00 8.00 0.42603783175601373 6.3687020173599257E-002
0.50 3.00 8.40 0.42522093652623461 6.4256135051831781E-002
0.50 3.00 8.80 0.42158841310360479 6.4001197552037162E-002
0.50 3.00 9.20 0.41945576348649283 6.3699227073196904E-002
0.50 3.00 9.60 0.41970114118901519 6.3728099849640077E-002
0.50 3.00 10.00 0.42299377131391391 6.4233159229903691E-002
0.50 3.00 10.40 0.41753981676621477 6.3656434221075947E-002
0.50 3.00 10.80 0.41645879797012963 6.4102428366078087E-002
0.50 3.00 11.20 0.41215568534727565 6.3986664395212320E-002
0.50 3.00 11.60 0.41919648830101941 6.4711828470072494E-002
0.50 3.00 12.00 0.42344556830239599 6.4107525384955580E-002

0.50 3.20 0.00 0.32150139711782966 8.8630575859864863E-002
0.50 3.20 0.40 0.40969101068893671 7.5431197269665864E-002
0.50 3.20 0.80 0.45273099303251402 7.2505973953480851E-002
0.50 3.20 1.20 0.47319875332572819 7.0471645247752013E-002
0.50 3.20 1.60 0.47677575897004748 6.7517548166063243E-002
0.50 3.20 2.00 0.47407228157060449 6.5726661610352066E-002
0.50 3.20 2.40 0.46555384907666741 6.3509129447539461E-002
0.50 3.20 2.80 0.45886236665520952 6.2217942142766734E-002
0.50 3.20 3.20 0.44250763061398840 6.2111524850555738E-002
0.50 3.20 3.60 0.43524448700709711 6.1626092678460080E-002
0.50 3.20 4.00 0.42735452818948988 6.1706517190596610E-002
0.50 3.20 4.40 0.42928496226546226 6.1830758805945393E-002
0.50 3.20 4.80 0.42449316513977975 6.2436483025009717E-002
0.50 3.20 5.20 0.42170525750796639 6.2558824451413295E-002
0.50 3.20 5.60 0.41591431361850634 6.2512934027496234E-002
0.50 3.20 6.00 0.42595473394757583 6.3039651240380315E-002
0.50 3.20 6.40 0.42909791312611656 6.3496521386894961E-002
0.50 3.20 6.80 0.42958841551170013 6.3615799382694571E-002
0.50 3.20 7.20 0.42629211782957482 6.4261900194340360E-002
0.50 3.20 7.60 0.42369250908712341 6.3541405347365423E-002
0.50 3.20 8.00 0.42891609941078690 6.3899060396277588E-002
0.50 3.20 8.40 0.42448373202677309 6.3719429550712803E-002
0.50 3.20 8.80 0.42490870994307783 6.3967381378627869E-002
0.50 3.20 9.20 0.42123127050722003 6.4321392614251030E-002
0.50 3.20 9.60 0.42117635167563866 6.4619964024786772E-002
0.50 3.20 10.00 0.41838070086119467 6.4344582778508991E-002
0.50 3.20 10.40 0.41740126549482437 6.3711193312967457E-002
0.50 3.20 10.80 0.41991061792230316 6.3794834382389976E-002
0.50 3.20 11.20 0.41707826374673324 6.3885613448596751E-002
0.50 3.20 11.60 0.41827525913285946 6.4265181061075496E-002
0.50 3.20 12.00 0.41940315269841361 6.4195195584821702E-002

0.50 3.40 0.00 0.31367808340791992 8.6314671373580579E-002
0.50 3.40 0.40 0.40211311187372367 7.4447949507674319E-002
0.50 3.40 0.80 0.45305782181060650 7.3143422673559361E-002
0.50 3.40 1.20 0.46667336291219091 7.1699997814675218E-002
0.50 3.40 1.60 0.47375702776523188 6.8539451655096603E-002
0.50 3.40 2.00 0.47062786126163098 6.6827761404466404E-002
0.50 3.40 2.40 0.46040281198894972 6.4946147238026303E-002
0.50 3.40 2.80 0.45382134032898963 6.3796754034103911E-002
0.50 3.40 3.20 0.44201804306854592 6.2833616208028492E-002
0.50 3.40 3.60 0.44188530439141277 6.1752606461514890E-002
0.50 3.40 4.00 0.43675353636364533 6.2179874927580474E-002
0.50 3.40 4.40 0.42850639135454233 6.2784384381405031E-002
0.50 3.40 4.80 0.42423687326864828 6.2543147747934916E-002
0.50 3.40 5.20 0.43219961521016359 6.2649996446984310E-002
0.50 3.40 5.60 0.42923772243904718 6.3155475378573842E-002
0.50 3.40 6.00 0.42319680829935019 6.3516964393220535E-002
0.50 3.40 6.40 0.42776968769712032 6.3446806163221625E-002
0.50 3.40 6.80 0.42815222459763447 6.4575273790598020E-002
0.50 3.40 7.20 0.42868923316355767 6.3703896804441121E-002
0.50 3.40 7.60 0.42580653336306967 6.4180902531735501E-002
0.50 3.40 8.00 0.42582465400111713 6.3859374580517630E-002
0.50 3.40 8.40 0.43254325056544018 6.3608560343263967E-002
0.50 3.40 8.80 0.42126680458001331 6.4314079833378474E-002
0.50 3.40 9.20 0.42673634003742605 6.3846791655667243E-002
0.50 3.40 9.60 0.42347564752259859 6.4499343290139136E-002
0.50 3.40 10.00 0.42038363213907515 6.4173441230354816E-002
0.50 3.40 10.40 0.42160747005573951 6.4363265402944778E-002
0.50 3.40 10.80 0.42209021708105005 6.4173369042994949E-002
0.50 3.40 11.20 0.42118835760853485 6.4243160003765912E-002
0.50 3.40 11.60 0.41800014654742784 6.4379925000119978E-002
0.50 3.40 12.00 0.41670746056445573 6.4244045761326737E-002

0.50 3.60 0.00 0.29731149461905670 8.0899230894222726E-002
0.50 3.60 0.40 0.39005563952110162 6.9078096821438381E-002
0.50 3.60 0.80 0.43672317378748426 6.8419912882360281E-002
0.50 3.60 1.20 0.45367812536232666 6.9257552786745308E-002
0.50 3.60 1.60 0.46208859097763966 6.9282769499314889E-002
0.50 3.60 2.00 0.46414774909003598 6.8201281294571661E-002
0.50 3.60 2.40 0.45609003845374207 6.6972235089147694E-002
0.50 3.60 2.80 0.45058088658982526 6.5596680489551529E-002
0.50 3.60 3.20 0.44486569846036994 6.5411793071327648E-002
0.50 3.60 3.60 0.44007976989986092 6.4528941742774293E-002
0.50 3.60 4.00 0.43735979925018176 6.3485331567619319E-002
0.50 3.60 4.40 0.44167158927640893 6.3739040909756045E-002
0.50 3.60 4.80 0.42833898258512315 6.3356312244748164E-002
0.50 3.60 5.20 0.43565825085518473 6.3317784935176966E-002
0.50 3.60 5.60 0.43762489695047851 6.4323833632326688E-002
0.50 3.60 6.00 0.43313879450035414 6.4081222873056398E-002
0.50 3.60 6.40 0.42869302823803712 6.4475548170213254E-002
0.50 3.60 6.80 0.43962034598072375 6.4575517028590268E-002
0.50 3.60 7.20 0.43277220186588838 6.4573563936049197E-002
0.50 3.60 7.60 0.43283797200441709 6.3779706064366587E-002
0.50 3.60 8.00 0.42424665715278165 6.4237487416020131E-002
0.50 3.60 8.40 0.42744005621106929 6.4684980547676310E-002
0.50 3.60 8.80 0.42044804206908798 6.4080787636590572E-002
0.50 3.60 9.20 0.42269790470549073 6.3712692159909837E-002
0.50 3.60 9.60 0.42929360386767162 6.4423228157410584E-002
0.50 3.60 10.00 0.41778421673069455 6.4344886062715448E-002
0.50 3.60 10.40 0.42451585854274193 6.4848351742303925E-002
0.50 3.60 10.80 0.42610958207451838 6.4421045971286228E-002
0.50 3.60 11.20 0.41637793104099641 6.3653250266523298E-002
0.50 3.60 11.60 0.42065668622799013 6.4597901802296215E-002
0.50 3.60 12.00 Binary file (standard input) matches

0.50 3.80 0.00 0.28301520273328201 7.7226236690189798E-002
0.50 3.80 0.40 0.37277542491391041 6.5443971884648594E-002
0.50 3.80 0.80 0.43011089283387094 6.5457638346618441E-002
0.50 3.80 1.20 0.44370846990129137 6.7608207572165888E-002
0.50 3.80 1.60 0.44695679997565374 6.8418562158759355E-002
0.50 3.80 2.00 0.44906072542847630 6.8540248018301095E-002
0.50 3.80 2.40 0.44536678769170956 6.7890008465169252E-002
0.50 3.80 2.80 0.44399368124942018 6.7088814690932891E-002
0.50 3.80 3.20 0.44627131453359414 6.6464953455066991E-002
0.50 3.80 3.60 0.44518544351036349 6.6168774984018144E-002
0.50 3.80 4.00 0.43455928167450564 6.5656200756898764E-002
0.50 3.80 4.40 0.43845919334668731 6.5525364477650963E-002
0.50 3.80 4.80 0.43752307265031221 6.4768801854252628E-002
0.50 3.80 5.20 0.43838758710015691 6.5045230558553227E-002
0.50 3.80 5.60 0.43956334822217524 6.4375336843390543E-002
0.50 3.80 6.00 0.43560946694885833 6.4841661750936239E-002
0.50 3.80 6.40 0.43482398929783461 6.4475687110012198E-002
0.50 3.80 6.80 0.43657116124976064 6.4920544579930378E-002
0.50 3.80 7.20 0.43153189104450373 6.4798221695006722E-002
0.50 3.80 7.60 0.43002088406665145 6.4728862976333013E-002
0.50 3.80 8.00 0.42827777511471821 6.4221868390634484E-002
0.50 3.80 8.40 0.42739902733950724 6.4735194064284809E-002
0.50 3.80 8.80 0.43631644219455712 6.4591754827609954E-002
0.50 3.80 9.20 0.41780886565081216 6.4518112342149492E-002
0.50 3.80 9.60 0.42569698438698733 6.5033940660320116E-002
0.50 3.80 10.00 0.42126134808287519 6.4136878880805701E-002
0.50 3.80 10.40 0.41857398774639359 6.4379195122670402E-002
0.50 3.80 10.80 0.41930716298862558 6.3806218384806102E-002
0.50 3.80 11.20 0.41926279160537600 6.3995129103939882E-002
0.50 3.80 11.60 0.42283355859149740 6.3843150806049284E-002
0.50 3.80 12.00 0.41804354928099674 6.4011931245675516E-002

0.50 4.00 0.00 0.27022254586358946 7.5204675686496886E-002
0.50 4.00 0.40 0.36581552414521401 6.4461324323386221E-002
0.50 4.00 0.80 0.41009706333800977 6.5079478308621305E-002
0.50 4.00 1.20 0.42544843881401118 6.6364757104301869E-002
0.50 4.00 1.60 0.42673047678078424 6.7968980924816333E-002
0.50 4.00 2.00 0.43392043269045288 6.8196001627566588E-002
0.50 4.00 2.40 0.43100660613362923 6.8639292285118628E-002
0.50 4.00 2.80 0.44179033787488786 6.8308914132316115E-002
0.50 4.00 3.20 0.44073182525910493 6.7413735235901107E-002
0.50 4.00 3.60 0.44319943690656005 6.7004289747375351E-002
0.50 4.00 4.00 0.44534542188930548 6.6166910454508954E-002
0.50 4.00 4.40 0.44507198270619180 6.6120644007151064E-002
0.50 4.00 4.80 0.43650869882841636 6.5744395118243301E-002
0.50 4.00 5.20 0.43994738836513064 6.5090427879693824E-002
0.50 4.00 5.60 0.43541604708461312 6.5056124700365647E-002
0.50 4.00 6.00 0.43829492815203946 6.4895930965350582E-002
0.50 4.00 6.40 0.43936741948976199 6.5242217104071951E-002
0.50 4.00 6.80 0.43785359397715301 6.5252780420236758E-002
0.50 4.00 7.20 0.43449979224073376 6.4877915687072754E-002
0.50 4.00 7.60 0.42676644980922945 6.4737138555837653E-002
0.50 4.00 8.00 0.42847496740723401 6.4371874330499582E-002
0.50 4.00 8.40 0.43104896177471802 6.5076555240860659E-002
0.50 4.00 8.80 0.42261491665427170 6.4237092835169596E-002
0.50 4.00 9.20 0.42544479418281034 6.3976786835393956E-002
0.50 4.00 9.60 0.41980763261221660 6.4286059060838147E-002
0.50 4.00 10.00 0.42551232717418691 6.3840730848551533E-002
0.50 4.00 10.40 0.42326334092994972 6.5305399101946646E-002
0.50 4.00 10.80 0.41503502213238586 6.4369048686539407E-002
0.50 4.00 11.20 0.41954432785445495 6.4446697748307011E-002
0.50 4.00 11.60 0.42317771374260865 6.4230316756814634E-002
0.50 4.00 12.00 0.41891429209210490 6.4730879371112049E-002

0.50 4.20 0.00 0.25854671541128738 7.4790596581176969E-002
0.50 4.20 0.40 0.36233881683371205 6.5883071194112505E-002
0.50 4.20 0.80 0.40122764105802544 6.6483708301552341E-002
0.50 4.20 1.20 0.40816488049480004 6.8878728943964879E-002
0.50 4.20 1.60 0.41152264748277234 6.9849174039020134E-002
0.50 4.20 2.00 0.42302410413633140 7.0504786354371005E-002
0.50 4.20 2.40 0.43457017073457538 6.9986415740686606E-002
0.50 4.20 2.80 0.43871898375867940 6.9170843791997699E-002
0.50 4.20 3.20 0.44054747711872411 6.8425633061786298E-002
0.50 4.20 3.60 0.44375807606462170 6.7821351300037525E-002
0.50 4.20 4.00 0.44461330271678257 6.7358268993887707E-002
0.50 4.20 4.40 0.44313453322062168 6.7061980863640291E-002
0.50 4.20 4.80 0.44425709313365064 6.6371631772440792E-002
0.50 4.20 5.20 0.44174699152677599 6.6471712890636137E-002
0.50 4.20 5.60 0.43473479502626022 6.5537671473751086E-002
0.50 4.20 6.00 0.43150105759610663 6.4731532324937169E-002
0.50 4.20 6.40 0.43692595847631066 6.5464533694131577E-002
0.50 4.20 6.80 0.42997164541970861 6.4934111113235340E-002
0.50 4.20 7.20 0.43449927497782365 6.5507009000167718E-002
0.50 4.20 7.60 0.43024763549521572 6.5216068521129045E-002
0.50 4.20 8.00 0.42721643716140978 6.4795706284229468E-002
0.50 4.20 8.40 0.42712794756175781 6.4415467742197918E-002
0.50 4.20 8.80 0.42887602622221366 6.4706703227650458E-002
0.50 4.20 9.20 0.41996355894427151 6.4317084646296999E-002
0.50 4.20 9.60 0.41704410821030535 6.5012655900158561E-002
0.50 4.20 10.00 0.42194618336799505 6.3771565694444463E-002
0.50 4.20 10.40 0.41993551916712607 6.4010654412995915E-002
0.50 4.20 10.80 0.42405748429786128 6.3984033708302426E-002
0.50 4.20 11.20 0.42062421319127641 6.4150617778167274E-002
0.50 4.20 11.60 0.41892613093773762 6.5025720593309064E-002
0.50 4.20 12.00 0.41924894707039673 6.4834002408429084E-002

0.50 4.40 0.00 0.24772002907813534 7.5959109131579272E-002
0.50 4.40 0.40 0.34939879954750530 6.7781968618947572E-002
0.50 4.40 0.80 0.39172744899779388 7.1717540668278804E-002
0.50 4.40 1.20 0.40909683856707912 7.3581120571692762E-002
0.50 4.40 1.60 0.42236897333375012 7.4355154984157124E-002
0.50 4.40 2.00 0.44200512256304714 7.3604854954520849E-002
0.50 4.40 2.40 0.44684897337154483 7.2799999916175515E-002
0.50 4.40 2.80 0.45199040234909793 7.1644189203536268E-002
0.50 4.40 3.20 0.45471026179320778 7.0071393185867831E-002
0.50 4.40 3.60 0.45460668935247783 6.8916084318036877E-002
0.50 4.40 4.00 0.44787096797695269 6.7853349441252320E-002
0.50 4.40 4.40 0.44128215666863219 6.7235959343741519E-002
0.50 4.40 4.80 0.43619680985943915 6.6485591190998145E-002
0.50 4.40 5.20 0.43960428249347921 6.7328855839929064E-002
0.50 4.40 5.60 0.43355280956876296 6.5454759078328872E-002
0.50 4.40 6.00 0.43166486737148102 6.5870841753746079E-002
0.50 4.40 6.40 0.43151301117551527 6.5468907236188728E-002
0.50 4.40 6.80 0.42908717731160628 6.4754103373634783E-002
0.50 4.40 7.20 0.42903117592987144 6.5159577768841251E-002
0.50 4.40 7.60 0.42550042293067775 6.4823522422801885E-002
0.50 4.40 8.00 0.42221277014290060 6.4688110622994677E-002
0.50 4.40 8.40 0.42500339330777903 6.4715030896817238E-002
0.50 4.40 8.80 0.41701756113357502 6.4602750914218021E-002
0.50 4.40 9.20 0.41995416872422747 6.4555976794912998E-002
0.50 4.40 9.60 0.42312810195541273 6.4257779782930374E-002
0.50 4.40 10.00 0.42411501350168923 6.5135880449027850E-002
0.50 4.40 10.40 0.41820715832467181 6.4730808128270131E-002
0.50 4.40 10.80 0.42294515146824513 6.4546292730101845E-002
0.50 4.40 11.20 0.42267532466649360 6.4325998450424429E-002
0.50 4.40 11.60 0.42111120149715314 6.4566558809350527E-002
0.50 4.40 12.00 0.41997574350820105 6.4270512409330280E-002

0.50 4.60 0.00 0.27351194444148119 8.6454217477543172E-002
0.50 4.60 0.40 0.37823675194998102 7.7837220824859110E-002
0.50 4.60 0.80 0.39298978281199271 7.6779871318693488E-002
0.50 4.60 1.20 0.41403025505012792 7.6186172640049732E-002
0.50 4.60 1.60 0.43447174618175610 7.4818543482104274E-002
0.50 4.60 2.00 0.44902581923254925 7.4243473223738629E-002
0.50 4.60 2.40 0.46095748966434735 7.3144187437428121E-002
0.50 4.60 2.80 0.46116352382401615 7.1442026867593697E-002
0.50 4.60 3.20 0.45586924500037795 7.0688205676936622E-002
0.50 4.60 3.60 0.44660602498214841 6.9595421033153901E-002
0.50 4.60 4.00 0.44541570265462693 6.8333600432917169E-002
0.50 4.60 4.40 0.44154864052698051 6.7841426906055699E-002
0.50 4.60 4.80 0.43753696554309157 6.7587754166596931E-002
0.50 4.60 5.20 0.43522631757192276 6.6506471356852129E-002
0.50 4.60 5.60 0.43159691458756611 6.6498912632697055E-002
0.50 4.60 6.00 0.43276263846199747 6.5540331364929386E-002
0.50 4.60 6.40 0.43267287864031034 6.5384027819262322E-002
0.50 4.60 6.80 0.42602102609548387 6.5400360991441434E-002
0.50 4.60 7.20 0.43072679121007845 6.4740588276117714E-002
0.50 4.60 7.60 0.42962232609333573 6.5128618642505909E-002
0.50 4.60 8.00 0.42685129677838934 6.4601091567804719E-002
0.50 4.60 8.40 0.42068531042488716 6.4698674050737329E-002
0.50 4.60 8.80 0.42220619181009705 6.4487623358448140E-002
0.50 4.60 9.20 0.41872964627355513 6.3813550686880050E-002
0.50 4.60 9.60 0.41869814531694738 6.4456973716761415E-002
0.50 4.60 10.00 0.42191587245472517 6.4920373600620182E-002
0.50 4.60 10.40 0.42284857976455792 6.4632967202428768E-002
0.50 4.60 10.80 0.41985977469704699 6.4042304920173820E-002
0.50 4.60 11.20 0.42016714796871940 6.4834769142310039E-002
0.50 4.60 11.60 0.42096396993129481 6.4216738567089204E-002
0.50 4.60 12.00 0.41547626075840266 6.4743950710808337E-002

0.50 4.80 0.00 0.26930465466084719 9.0143375815033969E-002
0.50 4.80 0.40 0.38555620606905550 8.2280022340725734E-002
0.50 4.80 0.80 0.40790543898418347 7.8154124842567882E-002
0.50 4.80 1.20 0.42983816921793261 7.5371563506829858E-002
0.50 4.80 1.60 0.44192637998665230 7.4324889947464862E-002
0.50 4.80 2.00 0.45788191129077377 7.3205350604167010E-002
0.50 4.80 2.40 0.45499481951616055 7.2275314094282214E-002
0.50 4.80 2.80 0.44529362577960641 7.1469650835465484E-002
0.50 4.80 3.20 0.44521888573569141 7.0453575372891292E-002
0.50 4.80 3.60 0.44048808516510124 6.9683015221122149E-002
0.50 4.80 4.00 0.44607380334143382 6.8483176266041418E-002
0.50 4.80 4.40 0.43349442289708467 6.7880644874407370E-002
0.50 4.80 4.80 0.43587489154968850 6.6859964687967399E-002
0.50 4.80 5.20 0.43397506923967466 6.6625969558899684E-002
0.50 4.80 5.60 0.42491393159175478 6.5750099375520454E-002
0.50 4.80 6.00 0.42829978571203914 6.5959042888854610E-002
0.50 4.80 6.40 0.42942218413507771 6.5346261327381264E-002
0.50 4.80 6.80 0.42873165540639802 6.4935304229299010E-002
0.50 4.80 7.20 0.42390602115672876 6.4392881261591692E-002
0.50 4.80 7.60 0.43022699507616757 6.4938455073032447E-002
0.50 4.80 8.00 0.42822329754238375 6.4436654919502942E-002
0.50 4.80 8.40 0.41930136039849886 6.4598656515418545E-002
0.50 4.80 8.80 0.42184201856996106 6.4641278352248449E-002
0.50 4.80 9.20 0.42434031898749414 6.4543662548179892E-002
0.50 4.80 9.60 0.42052348630842706 6.4735079263293929E-002
0.50 4.80 10.00 0.41477413472591512 6.4102808717980145E-002
0.50 4.80 10.40 0.41600920694445420 6.4448460159115706E-002
0.50 4.80 10.80 0.41929197211059499 6.4579364097831118E-002
0.50 4.80 11.20 0.42260033672377312 6.4947781161681872E-002
0.50 4.80 11.60 0.41571826818460755 6.4630135580729595E-002
0.50 4.80 12.00 0.41915784303932602 6.4018872825234899E-002

0.50 5.00 0.00 0.22248720458688051 7.7887363698571660E-002
0.50 5.00 0.40 0.31955407222020904 6.9850212510900261E-002
0.50 5.00 0.80 0.35206799343362560 6.8761031297534178E-002
0.50 5.00 1.20 0.38454772762245176 6.9439523489039423E-002
0.50 5.00 1.60 0.40364677395999821 6.9230281798044163E-002
0.50 5.00 2.00 0.42294275300439887 7.0095045267130077E-002
0.50 5.00 2.40 0.43124531966518703 7.0794085247643412E-002
0.50 5.00 2.80 0.42736554645179953 7.0603665559990203E-002
0.50 5.00 3.20 0.43259762452909023 6.9940071219158115E-002
0.50 5.00 3.60 0.43162900461495407 6.8682463819120729E-002
0.50 5.00 4.00 0.42384309010308208 6.8259523441663209E-002
0.50 5.00 4.40 0.42139361292342736 6.7166039994449075E-002
0.50 5.00 4.80 0.43007856352162471 6.6778739156104966E-002
0.50 5.00 5.20 0.42603485986490569 6.6182765209216718E-002
0.50 5.00 5.60 0.42617545019118819 6.5784052275494165E-002
0.50 5.00 6.00 0.42738515051504777 6.5333386791963974E-002
0.50 5.00 6.40 0.42109587228491235 6.5524722367966248E-002
0.50 5.00 6.80 0.41974492631127713 6.4920709609784188E-002
0.50 5.00 7.20 0.41543092771485518 6.5032158048780972E-002
0.50 5.00 7.60 0.41976325128783759 6.4471961581608284E-002
0.50 5.00 8.00 0.42560643827599653 6.4491264840470700E-002
0.50 5.00 8.40 0.41737647954637475 6.4845945280455855E-002
0.50 5.00 8.80 0.41885493364648418 6.4483023832855910E-002
0.50 5.00 9.20 0.41815024025244057 6.4432050176248062E-002
0.50 5.00 9.60 0.41941928245827376 6.5130979503024808E-002
0.50 5.00 10.00 0.42166728509748275 6.4631522646096853E-002
0.50 5.00 10.40 0.41534655050363456 6.4420494445743257E-002
0.50 5.00 10.80 0.41906569401861615 6.4365355236373351E-002
0.50 5.00 11.20 0.41705666683164333 6.4433461229996075E-002
0.50 5.00 11.60 0.41494127731687874 6.4398410919316224E-002
0.50 5.00 12.00 0.41801799957206986 6.4687835735908431E-002

0.50 5.20 0.00 0.23171687603479291 7.5427127759880433E-002
0.50 5.20 0.40 0.32247647727803214 6.4631471162936452E-002
0.50 5.20 0.80 0.36229597005092584 6.5769586239450797E-002
0.50 5.20 1.20 0.37474221481381326 6.5685485246301967E-002
0.50 5.20 1.60 0.38893667837854673 6.6311544619890236E-002
0.50 5.20 2.00 0.39901738700461731 6.7164814092211006E-002
0.50 5.20 2.40 0.40352586340760838 6.7535325400668908E-002
0.50 5.20 2.80 0.41427324019890877 6.8425733309725512E-002
0.50 5.20 3.20 0.42084667672082710 6.8568468600319427E-002
0.50 5.20 3.60 0.41793339883661262 6.7370652241218854E-002
0.50 5.20 4.00 0.41456907374836482 6.7582322935160644E-002
0.50 5.20 4.40 0.41841411325624966 6.6568950575047067E-002
0.50 5.20 4.80 0.41789951242162920 6.6459204541656033E-002
0.50 5.20 5.20 0.41760368175995033 6.5736146718200439E-002
0.50 5.20 5.60 0.42203583848222026 6.5868309821741286E-002
0.50 5.20 6.00 0.42305850861656424 6.5161105996083421E-002
0.50 5.20 6.40 0.42017133113487048 6.4555063776592578E-002
0.50 5.20 6.80 0.42076277284395269 6.4803883479782637E-002
0.50 5.20 7.20 0.42040687023506368 6.5090425798775803E-002
0.50 5.20 7.60 0.42346366520316747 6.4259455870692039E-002
0.50 5.20 8.00 0.41851045773708401 6.4160272907278201E-002
0.50 5.20 8.40 0.41684650619039354 6.4011865355746447E-002
0.50 5.20 8.80 0.41643437727912624 6.4601476400921981E-002
0.50 5.20 9.20 0.41799154456770660 6.4741456513486798E-002
0.50 5.20 9.60 0.41679918046914743 6.4858514011924842E-002
0.50 5.20 10.00 0.41818175100155441 6.4329109454062464E-002
0.50 5.20 10.40 0.42328794880568965 6.4233973304182387E-002
0.50 5.20 10.80 0.41863546241836297 6.4601029169164714E-002
0.50 5.20 11.20 0.41994739835382655 6.4670041422005983E-002
0.50 5.20 11.60 0.41870293628558464 6.4890983580166220E-002
0.50 5.20 12.00 0.42076628117454706 6.4590292114373407E-002

0.50 5.40 0.00 0.23412379542319911 7.6174139377092498E-002
0.50 5.40 0.40 0.31094343832459070 6.2985754910957134E-002
0.50 5.40 0.80 0.36399445739738223 6.5455052383939519E-002
0.50 5.40 1.20 0.37898707312717750 6.5907093306340578E-002
0.50 5.40 1.60 0.38481050422781632 6.6311513559806939E-002
0.50 5.40 2.00 0.39005511707538781 6.6617716578502795E-002
0.50 5.40 2.40 0.39409145297151743 6.6992350144141802E-002
0.50 5.40 2.80 0.40208673562087494 6.6822782644801959E-002
0.50 5.40 3.20 0.41213864417165774 6.7108211261007286E-002
0.50 5.40 3.60 0.41279157261923444 6.6445386871761936E-002
0.50 5.40 4.00 0.42184431625718721 6.6319140188618744E-002
0.50 5.40 4.40 0.42213605686843525 6.6638782385797166E-002
0.50 5.40 4.80 0.42035447997914455 6.6034979470119964E-002
0.50 5.40 5.20 0.41290226928631146 6.5041867899828812E-002
0.50 5.40 5.60 0.42081080230116763 6.4735908548352331E-002
0.50 5.40 6.00 0.41928219281360490 6.5292901035526679E-002
0.50 5.40 6.40 0.41910965290560653 6.5046731395436347E-002
0.50 5.40 6.80 0.42063689630793277 6.5039265637041765E-002
0.50 5.40 7.20 0.41973921722494090 6.4792362404043360E-002
0.50 5.40 7.60 0.40542689429491752 1.7547722384264709E-002
0.50 5.40 8.00 0.41929211524074761 6.4567752207266405E-002
0.50 5.40 8.40 0.41680348661414107 6.4242278139910944E-002
0.50 5.40 8.80 0.41763530280200295 6.4513723071172771E-002
0.50 5.40 9.20 0.41915590929953711 6.4270151064549169E-002
0.50 5.40 9.60 0.41559726490451149 6.4327225315748471E-002
0.50 5.40 10.00 0.42007926501276255 6.4434042149337289E-002
0.50 5.40 10.40 0.40849702453576525 6.4882229556862320E-002
0.50 5.40 10.80 0.41109164706786688 6.3885250888765122E-002
0.50 5.40 11.20 0.41468697402910742 6.4533331934912050E-002
0.50 5.40 11.60 0.41930694282911574 6.4240811030792627E-002
0.50 5.40 12.00 0.41914921424186968 6.4999125376802080E-002

0.50 5.60 0.00 0.25398151662724916 8.1232423988073899E-002
0.50 5.60 0.40 0.33350420941765074 6.9605700205901358E-002
0.50 5.60 0.80 0.35687991256077872 6.8324557302399128E-002
0.50 5.60 1.20 0.37591538110988132 6.7512777252426354E-002
0.50 5.60 1.60 0.37601854550740649 6.6451157140198960E-002
0.50 5.60 2.00 0.38473893221364586 6.6333486019395649E-002
0.50 5.60 2.40 0.39868915568470487 6.6709658401648969E-002
0.50 5.60 2.80 0.40564975732730185 6.6210491946042477E-002
0.50 5.60 3.20 0.40742064539172385 6.6470496632918721E-002
0.50 5.60 3.60 0.41552217574512806 6.6614891106655555E-002
0.50 5.60 4.00 0.41870016190002818 6.6902911248838376E-002
0.50 5.60 4.40 0.42279239803950153 6.6276969296017202E-002
0.50 5.60 4.80 0.42108185597501591 6.5647256117305777E-002
0.50 5.60 5.20 0.42234026874809283 6.5458365046159983E-002
0.50 5.60 5.60 0.42321225641958327 6.5393056842258462E-002
0.50 5.60 6.00 0.42213052440066789 6.5156269776340633E-002
0.50 5.60 6.40 0.42042597513558500 6.5216500448665518E-002
0.50 5.60 6.80 0.41805371593289908 6.4771585125886821E-002
0.50 5.60 7.20 0.41966108257885804 6.5185306745269442E-002
0.50 5.60 7.60 0.41916381813393022 6.4494195694113077E-002
0.50 5.60 8.00 0.41765523805609162 6.5133734915671399E-002
0.50 5.60 8.40 0.41938667213999592 6.5231516297362749E-002
0.50 5.60 8.80 0.41419752505378549 6.5217664574343817E-002
0.50 5.60 9.20 0.41725879926969711 6.4446318636066396E-002
0.50 5.60 9.60 0.41741698214381939 6.4396674496531414E-002
0.50 5.60 10.00 0.41284709325607205 6.4609916291134939E-002
0.50 5.60 10.40 0.41583186192584831 6.4144354514817925E-002
0.50 5.60 10.80 0.41926846561937586 6.4616609380100637E-002
0.50 5.60 11.20 0.41450921421232156 6.4736148375988969E-002
0.50 5.60 11.60 0.41312037886193609 6.4017234124450401E-002
0.50 5.60 12.00 0.41763439953392673 6.5104516583075867E-002

0.50 5.80 0.00 0.24853417569031025 8.0062744753871526E-002
0.50 5.80 0.40 0.33875256369446405 6.8094395377137837E-002
0.50 5.80 0.80 0.35319247315795665 6.3378994954652990E-002
0.50 5.80 1.20 0.37924958449137158 6.4905752061051203E-002
0.50 5.80 1.60 0.39235066288475101 6.5575980323331867E-002
0.50 5.80 2.00 0.39917957542368965 6.6470921539863559E-002
0.50 5.80 2.40 0.40455810587261165 6.6903888289560690E-002
0.50 5.80 2.80 0.41254050372550732 6.7444310253806136E-002
0.50 5.80 3.20 0.42300147992514719 6.7239388670606984E-002
0.50 5.80 3.60 0.41907735551623837 6.6069547026426215E-002
0.50 5.80 4.00 0.42910806165120680 6.6478790247185365E-002
0.50 5.80 4.40 0.42726827752517915 6.5927172788451727E-002
0.50 5.80 4.80 0.42663730166594577 6.6130933541308959E-002
0.50 5.80 5.20 0.42009468117460480 6.6270638824678152E-002
0.50 5.80 5.60 0.42935623177421905 6.5346239269269871E-002
0.50 5.80 6.00 0.41726089788653242 6.5555451599157946E-002
0.50 5.80 6.40
0.50 5.80 6.80 0.42061266176829459 6.5544686086797310E-002
0.50 5.80 7.20 0.42186309089418267 6.4504564634150593E-002
0.50 5.80 7.60 0.41598212927671979 6.4496137700656125E-002
0.50 5.80 8.00 0.41824356133495433 6.4978489689499624E-002
0.50 5.80 8.40 0.42238550302782274 6.4904941230100280E-002
0.50 5.80 8.80 0.41767185866464479 6.4652313255827529E-002
0.50 5.80 9.20 0.41968947642879251 6.4822375086319911E-002
0.50 5.80 9.60 0.42019571541136402 6.4774222575625179E-002
0.50 5.80 10.00 0.41505160893193177 6.5126099485357414E-002
0.50 5.80 10.40 0.41249346867963366 6.4427142351727973E-002
0.50 5.80 10.80 0.41848506816940023 6.4420664521370671E-002
0.50 5.80 11.20 0.41803342376200980 6.4217028279722185E-002
0.50 5.80 11.60 0.41922055325259072 6.4799595060537035E-002
0.50 5.80 12.00 0.41090967895891450 6.4738379683392355E-002

0.50 6.00 0.00 0.22841731016319522 6.5445916901768569E-002
0.50 6.00 0.40 0.32836421109438979 6.3220793423378843E-002
0.50 6.00 0.80 0.34691459829316790 6.3973903913172550E-002
0.50 6.00 1.20 0.35523864057620691 6.4253299785718698E-002
0.50 6.00 1.60 0.37344420764775477 6.4769723342324795E-002
0.50 6.00 2.00 0.38496598695207573 6.4932374452881650E-002
0.50 6.00 2.40 0.39635514965818069 6.5542782716427050E-002
0.50 6.00 2.80 0.40135952888177567 6.5693536768419769E-002
0.50 6.00 3.20 0.40526528193512668 6.4498614587240988E-002
0.50 6.00 3.60 0.41217582488834570 6.6102467826687494E-002
0.50 6.00 4.00 0.41081481919080687 6.5103029229282794E-002
0.50 6.00 4.40 0.42081216381419589 6.5806031155044561E-002
0.50 6.00 4.80 0.42041271442209754 6.5283715402813067E-002
0.50 6.00 5.20 0.41607525405024859 6.4947448447119402E-002
0.50 6.00 5.60 0.41866707942703663 6.5273072765800438E-002
0.50 6.00 6.00 0.42182364357559765 6.5356504747196217E-002
0.50 6.00 6.40 0.41892478706157776 6.4857112145337750E-002
0.50 6.00 6.80 0.42012152298973343 6.4723777010732522E-002
0.50 6.00 7.20 0.41447587655259654 6.5047965107570563E-002
0.50 6.00 7.60 0.42078762482473209 6.5073071770316668E-002
0.50 6.00 8.00 0.41030439713765121 6.4363249798125105E-002
0.50 6.00 8.40 0.41371826506041404 6.4849563459904433E-002
0.50 6.00 8.80 0.41700226700164250 6.4338413788078877E-002
0.50 6.00 9.20 0.40810503910347212 6.3890304341130438E-002
0.50 6.00 9.60 0.41783297079093085 6.5188596629723816E-002
0.50 6.00 10.00 0.42142760965574144 6.4856044132145296E-002
0.50 6.00 10.40 0.42110024868762375 6.4835474018769421E-002
0.50 6.00 10.80 0.41351129897294508 6.4946944044650817E-002
0.50 6.00 11.20 0.42058432125822476 6.4620280976257230E-002
0.50 6.00 11.60 0.41559749351561920 6.4185274442693355E-002
0.50 6.00 12.00 0.41425030652270606 6.4168919737586372E-002

