0.50 0.00 0.00 0.40571429816324622 1.7493865356952035E-002
0.50 0.00 0.40 0.52713317870023935 1.6141587679261812E-002
0.50 0.00 0.80 0.52284064002208885 1.6122663250421918E-002
0.50 0.00 1.20 0.51555151108600905 1.6171417057738138E-002
0.50 0.00 1.60 0.49653957488883860 1.6470472220532866E-002
0.50 0.00 2.00 0.47825471676396719 1.6632158303725154E-002
0.50 0.00 2.40 0.46352385390181228 1.6816208641209147E-002
0.50 0.00 2.80 0.45746705692348488 1.6978359743713721E-002
0.50 0.00 3.20 0.44059034980818285 1.7097072685659145E-002
0.50 0.00 3.60 0.43304043716375284 1.7298556514330873E-002
0.50 0.00 4.00 0.42915214070406665 1.7230594573362176E-002
0.50 0.00 4.40 0.42362683038309357 1.7299602642241993E-002
0.50 0.00 4.80 0.41584156824417517 1.7348396300866268E-002
0.50 0.00 5.20 0.41430309090387213 1.7392020061524800E-002
0.50 0.00 5.60 0.41183883104981589 1.7433589555444575E-002
0.50 0.00 6.00 0.40304091006218468 1.7424378831071671E-002
0.50 0.00 6.40 0.40497509011232563 1.7529516612874493E-002
0.50 0.00 6.80 0.40487426711129137 1.7609195980579886E-002
0.50 0.00 7.20 0.40035537150019351 1.7499485585299443E-002
0.50 0.00 7.60 0.39916978212258569 1.7520496352829935E-002
0.50 0.00 8.00 0.39591539450987778 1.7489425034739037E-002
0.50 0.00 8.40 0.40223402066253844 1.7498792110202433E-002
0.50 0.00 8.80 0.40167337570737977 1.7615406399344700E-002
0.50 0.00 9.20 0.39974534523107413 1.7586216600486811E-002
0.50 0.00 9.60 0.39642719418954325 1.7558645322719859E-002
0.50 0.00 10.00 0.40031817111989315 1.7524258729529864E-002
0.50 0.00 10.40 0.40083044250073385 1.7672752508838423E-002
0.50 0.00 10.80 0.39564899408088428 1.7551809035398328E-002
0.50 0.00 11.20 0.39797037297412691 1.7554011333310020E-002
0.50 0.00 11.60 0.39520729535111876 1.7574944706575835E-002
0.50 0.00 12.00 0.39358929080500410 1.7578525666959666E-002

0.50 0.20 0.00 0.39519517362463030 1.7380740930836538E-002
0.50 0.20 0.40 0.53039356921057168 1.6108186365518674E-002
0.50 0.20 0.80 0.53048549598821559 1.6077979883369526E-002
0.50 0.20 1.20 0.52622501715600589 1.6104205050706873E-002
0.50 0.20 1.60 0.50914268636086024 1.6346443951114602E-002
0.50 0.20 2.00 0.49881464486398530 1.6426562379997310E-002
0.50 0.20 2.40 0.48448712731747701 1.6570011811903308E-002
0.50 0.20 2.80 0.48050728937527321 1.6776585535577284E-002
0.50 0.20 3.20 0.47230153563870758 1.6739105523664703E-002
0.50 0.20 3.60 0.46120571636516983 1.6806053892129569E-002
0.50 0.20 4.00 0.45868476546218606 1.6893622057998214E-002
0.50 0.20 4.40 0.44402990355956184 1.7105099647770097E-002
0.50 0.20 4.80 0.44596092073559734 1.7168297943420684E-002
0.50 0.20 5.20 0.43782088523006585 1.7114577174247730E-002
0.50 0.20 5.60 0.43273366333951147 1.7143964479116012E-002
0.50 0.20 6.00 0.43385399862134133 1.7230517198890488E-002
0.50 0.20 6.40 0.43372154010053549 1.7176738228787389E-002
0.50 0.20 6.80 0.42572326944539862 1.7325190663406591E-002
0.50 0.20 7.20 0.42551304117756922 1.7334045581880890E-002
0.50 0.20 7.60 0.42385325036276900 1.7288526431489485E-002
0.50 0.20 8.00 0.42167897853343322 1.7280944736179391E-002
0.50 0.20 8.40 0.42186411133469487 1.7362890484862444E-002
0.50 0.20 8.80 0.42042309481371098 1.7386752942961499E-002
0.50 0.20 9.20 0.41540001246944758 1.7369740612987392E-002
0.50 0.20 9.60 0.41297076668053945 1.7348851477464060E-002
0.50 0.20 10.00 0.41780961710914682 1.7450175472822849E-002
0.50 0.20 10.40 0.41566322125573807 1.7485491313647426E-002
0.50 0.20 10.80 0.41148689936451011 1.7409402886410952E-002
0.50 0.20 11.20 0.41230517120967419 1.7444300613007752E-002
0.50 0.20 11.60 0.41266722750767482 1.7475402544539106E-002
0.50 0.20 12.00 0.41064027859358987 1.7516910054933225E-002

0.50 0.40 0.00 0.37537684879404809 1.7483022693139318E-002
0.50 0.40 0.40 0.52897739835465507 1.6125106910227120E-002
0.50 0.40 0.80 0.52875015525384961 1.6161828374612427E-002
0.50 0.40 1.20 0.52538399147515713 1.6136288963495952E-002
0.50 0.40 1.60 0.51890430754822847 1.6162783062372479E-002
0.50 0.40 2.00 0.51402296851032403 1.6303658959553654E-002
0.50 0.40 2.40 0.50481903350035495 1.6461594485675787E-002
0.50 0.40 2.80 0.49473471855121581 1.6477279039118695E-002
0.50 0.40 3.20 0.49021218963933977 1.6573682526172646E-002
0.50 0.40 3.60 0.47898345866654629 1.6707892136747005E-002
0.50 0.40 4.00 0.47355275581532241 1.6782788336920526E-002
0.50 0.40 4.40 0.46862145142146766 1.6784288294385746E-002
0.50 0.40 4.80 0.45832794272581817 1.6917467690692415E-002
0.50 0.40 5.20 0.45994667474311524 1.6878732331789641E-002
0.50 0.40 5.60 0.45352151211692576 1.7033041329667258E-002
0.50 0.40 6.00 0.44909798953527985 1.7036506619581539E-002
0.50 0.40 6.40 0.44863811715529611 1.7059222315819158E-002
0.50 0.40 6.80 0.44014591102746969 1.7178249127068231E-002
0.50 0.40 7.20 0.43470052294371497 1.7215322538916340E-002
0.50 0.40 7.60 0.43290513197619518 1.7244585911016110E-002
0.50 0.40 8.00 0.43289529010111955 1.7223304364364853E-002
0.50 0.40 8.40 0.43277226653492951 1.7192463733488865E-002
0.50 0.40 8.80 0.43253283131907783 1.7292056514426807E-002
0.50 0.40 9.20 0.42787501847321963 1.7308929626904810E-002
0.50 0.40 9.60 0.42751950236979841 1.7322178266131371E-002
0.50 0.40 10.00 0.42454493708651275 1.7256582751734750E-002
0.50 0.40 10.40 0.42605950902711659 1.7318048996558404E-002
0.50 0.40 10.80 0.42029658554228855 1.7351075170796634E-002
0.50 0.40 11.20 0.42359119837437886 1.7358584825232920E-002
0.50 0.40 11.60 0.41862545209215341 1.7417293519988344E-002
0.50 0.40 12.00 0.41914301380248908 1.7406831802401625E-002

0.50 0.60 0.00 0.39585387900885388 1.7504753257400425E-002
0.50 0.60 0.40 0.53077860497579077 1.6121611672419385E-002
0.50 0.60 0.80 0.52668557933888294 1.6096545569902164E-002
0.50 0.60 1.20 0.52612224693000242 1.6087711646953870E-002
0.50 0.60 1.60 0.51962440094616669 1.6179643677126699E-002
0.50 0.60 2.00 0.51931579060959465 1.6274603820845456E-002
0.50 0.60 2.40 0.51601146020416333 1.6305609281190729E-002
0.50 0.60 2.80 0.50730964241842769 1.6349937116717304E-002
0.50 0.60 3.20 0.49589026699137834 1.6462486437111165E-002
0.50 0.60 3.60 0.48962897515936721 1.6584871791529981E-002
0.50 0.60 4.00 0.48326219433569395 1.6596703342665661E-002
0.50 0.60 4.40 0.47276680147213845 1.6806603735131872E-002
0.50 0.60 4.80 0.47114189311943899 1.6751947611334885E-002
0.50 0.60 5.20 0.46535462548834738 1.6774847695619648E-002
0.50 0.60 5.60 0.46015853585919197 1.6971313467158172E-002
0.50 0.60 6.00 0.45789224325856087 1.7030940795230157E-002
0.50 0.60 6.40 0.45766412366329445 1.6920477233968726E-002
0.50 0.60 6.80 0.45028532462497350 1.7068952357040760E-002
0.50 0.60 7.20 0.45275752053303842 1.7044756403889683E-002
0.50 0.60 7.60 0.44405090130074176 1.7157998066589398E-002
0.50 0.60 8.00 0.44154062999940863 1.7160284845566691E-002
0.50 0.60 8.40 0.43861197584929734 1.7199888836614316E-002
0.50 0.60 8.80 0.43905996851138368 1.7145623134965229E-002
0.50 0.60 9.20 0.43374408801817121 1.7277764264697369E-002
0.50 0.60 9.60 0.43300043487429613 1.7301846177625476E-002
0.50 0.60 10.00 0.42875576912680213 1.7290571871441993E-002
0.50 0.60 10.40 0.43005412807174420 1.7288075739947610E-002
0.50 0.60 10.80 0.42538731882943176 1.7291198012045688E-002
0.50 0.60 11.20 0.42628600075864631 1.7292089451823041E-002
0.50 0.60 11.60 0.42380380226085768 1.7323045249101034E-002
0.50 0.60 12.00 0.42407688553785111 1.7384868534537263E-002

0.50 0.80 0.00
0.50 0.80 0.40 0.53036714558129672 1.6035119359385928E-002
0.50 0.80 0.80 0.52606898915755496 1.6157671688573030E-002
0.50 0.80 1.20 0.52594536950940785 1.6184269327830708E-002
0.50 0.80 1.60 0.52265381991568316 1.6161539341708640E-002
0.50 0.80 2.00 0.52017234418609770 1.6108830884138888E-002
0.50 0.80 2.40 0.51672651090899513 1.6248476892844380E-002
0.50 0.80 2.80 0.50982645116984426 1.6266597814835141E-002
0.50 0.80 3.20 0.49744784997243607 1.6443760638690214E-002
0.50 0.80 3.60 0.49421274341770294 1.6478406181226497E-002
0.50 0.80 4.00 0.48516820920724235 1.6661827919221040E-002
0.50 0.80 4.40 0.48483648845887012 1.6550345119750537E-002
0.50 0.80 4.80 0.47832360141679359 1.6717563483842526E-002
0.50 0.80 5.20 0.47191566897878595 1.6856853249373825E-002
0.50 0.80 5.60 0.46508916759662328 1.6882864719443169E-002
0.50 0.80 6.00 0.46296676377706214 1.6834169461681172E-002
0.50 0.80 6.40 0.45756175394772336 1.6938603549408814E-002
0.50 0.80 6.80 0.45265585898662508 1.7043173266581682E-002
0.50 0.80 7.20
0.50 0.80 7.60
0.50 0.80 8.00
0.50 0.80 8.40
0.50 0.80 8.80
0.50 0.80 9.20
0.50 0.80 9.60
0.50 0.80 10.00
0.50 0.80 10.40
0.50 0.80 10.80
0.50 0.80 11.20
0.50 0.80 11.60
0.50 0.80 12.00

0.50 1.00 0.00
0.50 1.00 0.40
0.50 1.00 0.80
0.50 1.00 1.20
0.50 1.00 1.60
0.50 1.00 2.00
0.50 1.00 2.40
0.50 1.00 2.80
0.50 1.00 3.20
0.50 1.00 3.60
0.50 1.00 4.00
0.50 1.00 4.40
0.50 1.00 4.80
0.50 1.00 5.20
0.50 1.00 5.60
0.50 1.00 6.00
0.50 1.00 6.40
0.50 1.00 6.80
0.50 1.00 7.20
0.50 1.00 7.60
0.50 1.00 8.00
0.50 1.00 8.40
0.50 1.00 8.80
0.50 1.00 9.20
0.50 1.00 9.60
0.50 1.00 10.00
0.50 1.00 10.40
0.50 1.00 10.80
0.50 1.00 11.20
0.50 1.00 11.60
0.50 1.00 12.00

0.50 1.20 0.00
0.50 1.20 0.40
0.50 1.20 0.80
0.50 1.20 1.20
0.50 1.20 1.60
0.50 1.20 2.00
0.50 1.20 2.40
0.50 1.20 2.80
0.50 1.20 3.20
0.50 1.20 3.60
0.50 1.20 4.00
0.50 1.20 4.40
0.50 1.20 4.80
0.50 1.20 5.20
0.50 1.20 5.60
0.50 1.20 6.00
0.50 1.20 6.40
0.50 1.20 6.80
0.50 1.20 7.20
0.50 1.20 7.60
0.50 1.20 8.00
0.50 1.20 8.40
0.50 1.20 8.80
0.50 1.20 9.20
0.50 1.20 9.60
0.50 1.20 10.00
0.50 1.20 10.40
0.50 1.20 10.80
0.50 1.20 11.20
0.50 1.20 11.60
0.50 1.20 12.00

0.50 1.40 0.00
0.50 1.40 0.40
0.50 1.40 0.80
0.50 1.40 1.20
0.50 1.40 1.60
0.50 1.40 2.00
0.50 1.40 2.40
0.50 1.40 2.80
0.50 1.40 3.20
0.50 1.40 3.60
0.50 1.40 4.00
0.50 1.40 4.40
0.50 1.40 4.80
0.50 1.40 5.20
0.50 1.40 5.60
0.50 1.40 6.00
0.50 1.40 6.40
0.50 1.40 6.80
0.50 1.40 7.20
0.50 1.40 7.60
0.50 1.40 8.00
0.50 1.40 8.40
0.50 1.40 8.80
0.50 1.40 9.20
0.50 1.40 9.60
0.50 1.40 10.00
0.50 1.40 10.40
0.50 1.40 10.80
0.50 1.40 11.20
0.50 1.40 11.60
0.50 1.40 12.00

0.50 1.60 0.00
0.50 1.60 0.40
0.50 1.60 0.80
0.50 1.60 1.20
0.50 1.60 1.60
0.50 1.60 2.00
0.50 1.60 2.40
0.50 1.60 2.80
0.50 1.60 3.20
0.50 1.60 3.60
0.50 1.60 4.00
0.50 1.60 4.40
0.50 1.60 4.80
0.50 1.60 5.20
0.50 1.60 5.60
0.50 1.60 6.00
0.50 1.60 6.40
0.50 1.60 6.80
0.50 1.60 7.20
0.50 1.60 7.60
0.50 1.60 8.00
0.50 1.60 8.40
0.50 1.60 8.80
0.50 1.60 9.20
0.50 1.60 9.60
0.50 1.60 10.00
0.50 1.60 10.40
0.50 1.60 10.80
0.50 1.60 11.20
0.50 1.60 11.60
0.50 1.60 12.00

0.50 1.80 0.00
0.50 1.80 0.40
0.50 1.80 0.80
0.50 1.80 1.20
0.50 1.80 1.60
0.50 1.80 2.00
0.50 1.80 2.40
0.50 1.80 2.80
0.50 1.80 3.20
0.50 1.80 3.60
0.50 1.80 4.00
0.50 1.80 4.40
0.50 1.80 4.80
0.50 1.80 5.20
0.50 1.80 5.60
0.50 1.80 6.00
0.50 1.80 6.40
0.50 1.80 6.80
0.50 1.80 7.20
0.50 1.80 7.60
0.50 1.80 8.00
0.50 1.80 8.40
0.50 1.80 8.80
0.50 1.80 9.20
0.50 1.80 9.60
0.50 1.80 10.00
0.50 1.80 10.40
0.50 1.80 10.80
0.50 1.80 11.20
0.50 1.80 11.60
0.50 1.80 12.00

0.50 2.00 0.00
0.50 2.00 0.40
0.50 2.00 0.80
0.50 2.00 1.20
0.50 2.00 1.60
0.50 2.00 2.00
0.50 2.00 2.40
0.50 2.00 2.80
0.50 2.00 3.20
0.50 2.00 3.60
0.50 2.00 4.00
0.50 2.00 4.40
0.50 2.00 4.80
0.50 2.00 5.20
0.50 2.00 5.60
0.50 2.00 6.00
0.50 2.00 6.40
0.50 2.00 6.80
0.50 2.00 7.20
0.50 2.00 7.60
0.50 2.00 8.00
0.50 2.00 8.40
0.50 2.00 8.80
0.50 2.00 9.20
0.50 2.00 9.60
0.50 2.00 10.00
0.50 2.00 10.40
0.50 2.00 10.80
0.50 2.00 11.20
0.50 2.00 11.60
0.50 2.00 12.00

0.50 2.20 0.00
0.50 2.20 0.40
0.50 2.20 0.80
0.50 2.20 1.20
0.50 2.20 1.60
0.50 2.20 2.00
0.50 2.20 2.40
0.50 2.20 2.80
0.50 2.20 3.20
0.50 2.20 3.60
0.50 2.20 4.00
0.50 2.20 4.40
0.50 2.20 4.80
0.50 2.20 5.20
0.50 2.20 5.60
0.50 2.20 6.00
0.50 2.20 6.40
0.50 2.20 6.80
0.50 2.20 7.20
0.50 2.20 7.60
0.50 2.20 8.00
0.50 2.20 8.40
0.50 2.20 8.80
0.50 2.20 9.20
0.50 2.20 9.60
0.50 2.20 10.00
0.50 2.20 10.40
0.50 2.20 10.80
0.50 2.20 11.20
0.50 2.20 11.60
0.50 2.20 12.00

0.50 2.40 0.00
0.50 2.40 0.40
0.50 2.40 0.80
0.50 2.40 1.20
0.50 2.40 1.60
0.50 2.40 2.00
0.50 2.40 2.40
0.50 2.40 2.80
0.50 2.40 3.20
0.50 2.40 3.60
0.50 2.40 4.00
0.50 2.40 4.40
0.50 2.40 4.80
0.50 2.40 5.20
0.50 2.40 5.60
0.50 2.40 6.00
0.50 2.40 6.40
0.50 2.40 6.80
0.50 2.40 7.20
0.50 2.40 7.60
0.50 2.40 8.00
0.50 2.40 8.40
0.50 2.40 8.80
0.50 2.40 9.20
0.50 2.40 9.60
0.50 2.40 10.00
0.50 2.40 10.40
0.50 2.40 10.80
0.50 2.40 11.20
0.50 2.40 11.60
0.50 2.40 12.00

0.50 2.60 0.00
0.50 2.60 0.40
0.50 2.60 0.80
0.50 2.60 1.20
0.50 2.60 1.60
0.50 2.60 2.00
0.50 2.60 2.40
0.50 2.60 2.80
0.50 2.60 3.20
0.50 2.60 3.60
0.50 2.60 4.00
0.50 2.60 4.40
0.50 2.60 4.80
0.50 2.60 5.20
0.50 2.60 5.60
0.50 2.60 6.00
0.50 2.60 6.40
0.50 2.60 6.80
0.50 2.60 7.20
0.50 2.60 7.60
0.50 2.60 8.00
0.50 2.60 8.40
0.50 2.60 8.80
0.50 2.60 9.20
0.50 2.60 9.60
0.50 2.60 10.00
0.50 2.60 10.40
0.50 2.60 10.80
0.50 2.60 11.20
0.50 2.60 11.60
0.50 2.60 12.00

0.50 2.80 0.00
0.50 2.80 0.40
0.50 2.80 0.80
0.50 2.80 1.20
0.50 2.80 1.60
0.50 2.80 2.00
0.50 2.80 2.40
0.50 2.80 2.80
0.50 2.80 3.20
0.50 2.80 3.60
0.50 2.80 4.00
0.50 2.80 4.40
0.50 2.80 4.80
0.50 2.80 5.20
0.50 2.80 5.60
0.50 2.80 6.00
0.50 2.80 6.40
0.50 2.80 6.80
0.50 2.80 7.20
0.50 2.80 7.60
0.50 2.80 8.00
0.50 2.80 8.40
0.50 2.80 8.80
0.50 2.80 9.20
0.50 2.80 9.60
0.50 2.80 10.00
0.50 2.80 10.40
0.50 2.80 10.80
0.50 2.80 11.20
0.50 2.80 11.60
0.50 2.80 12.00

0.50 3.00 0.00
0.50 3.00 0.40
0.50 3.00 0.80
0.50 3.00 1.20
0.50 3.00 1.60
0.50 3.00 2.00
0.50 3.00 2.40
0.50 3.00 2.80
0.50 3.00 3.20
0.50 3.00 3.60
0.50 3.00 4.00
0.50 3.00 4.40
0.50 3.00 4.80
0.50 3.00 5.20
0.50 3.00 5.60
0.50 3.00 6.00
0.50 3.00 6.40
0.50 3.00 6.80
0.50 3.00 7.20
0.50 3.00 7.60
0.50 3.00 8.00
0.50 3.00 8.40
0.50 3.00 8.80
0.50 3.00 9.20
0.50 3.00 9.60
0.50 3.00 10.00
0.50 3.00 10.40
0.50 3.00 10.80
0.50 3.00 11.20
0.50 3.00 11.60
0.50 3.00 12.00

0.50 3.20 0.00
0.50 3.20 0.40
0.50 3.20 0.80
0.50 3.20 1.20
0.50 3.20 1.60
0.50 3.20 2.00
0.50 3.20 2.40
0.50 3.20 2.80
0.50 3.20 3.20
0.50 3.20 3.60
0.50 3.20 4.00
0.50 3.20 4.40
0.50 3.20 4.80
0.50 3.20 5.20
0.50 3.20 5.60
0.50 3.20 6.00
0.50 3.20 6.40
0.50 3.20 6.80
0.50 3.20 7.20
0.50 3.20 7.60
0.50 3.20 8.00
0.50 3.20 8.40
0.50 3.20 8.80
0.50 3.20 9.20
0.50 3.20 9.60
0.50 3.20 10.00
0.50 3.20 10.40
0.50 3.20 10.80
0.50 3.20 11.20
0.50 3.20 11.60
0.50 3.20 12.00

0.50 3.40 0.00
0.50 3.40 0.40
0.50 3.40 0.80
0.50 3.40 1.20
0.50 3.40 1.60
0.50 3.40 2.00
0.50 3.40 2.40
0.50 3.40 2.80
0.50 3.40 3.20
0.50 3.40 3.60
0.50 3.40 4.00
0.50 3.40 4.40
0.50 3.40 4.80
0.50 3.40 5.20
0.50 3.40 5.60
0.50 3.40 6.00
0.50 3.40 6.40
0.50 3.40 6.80
0.50 3.40 7.20
0.50 3.40 7.60
0.50 3.40 8.00
0.50 3.40 8.40
0.50 3.40 8.80
0.50 3.40 9.20
0.50 3.40 9.60
0.50 3.40 10.00
0.50 3.40 10.40
0.50 3.40 10.80
0.50 3.40 11.20
0.50 3.40 11.60
0.50 3.40 12.00

0.50 3.60 0.00
0.50 3.60 0.40
0.50 3.60 0.80
0.50 3.60 1.20
0.50 3.60 1.60
0.50 3.60 2.00
0.50 3.60 2.40
0.50 3.60 2.80
0.50 3.60 3.20
0.50 3.60 3.60
0.50 3.60 4.00
0.50 3.60 4.40
0.50 3.60 4.80
0.50 3.60 5.20
0.50 3.60 5.60
0.50 3.60 6.00
0.50 3.60 6.40
0.50 3.60 6.80
0.50 3.60 7.20
0.50 3.60 7.60
0.50 3.60 8.00
0.50 3.60 8.40
0.50 3.60 8.80
0.50 3.60 9.20
0.50 3.60 9.60
0.50 3.60 10.00
0.50 3.60 10.40
0.50 3.60 10.80
0.50 3.60 11.20
0.50 3.60 11.60
0.50 3.60 12.00

0.50 3.80 0.00
0.50 3.80 0.40
0.50 3.80 0.80
0.50 3.80 1.20
0.50 3.80 1.60
0.50 3.80 2.00
0.50 3.80 2.40
0.50 3.80 2.80
0.50 3.80 3.20
0.50 3.80 3.60
0.50 3.80 4.00
0.50 3.80 4.40
0.50 3.80 4.80
0.50 3.80 5.20
0.50 3.80 5.60
0.50 3.80 6.00
0.50 3.80 6.40
0.50 3.80 6.80
0.50 3.80 7.20
0.50 3.80 7.60
0.50 3.80 8.00
0.50 3.80 8.40
0.50 3.80 8.80
0.50 3.80 9.20
0.50 3.80 9.60
0.50 3.80 10.00
0.50 3.80 10.40
0.50 3.80 10.80
0.50 3.80 11.20
0.50 3.80 11.60
0.50 3.80 12.00

0.50 4.00 0.00
0.50 4.00 0.40
0.50 4.00 0.80
0.50 4.00 1.20
0.50 4.00 1.60
0.50 4.00 2.00
0.50 4.00 2.40
0.50 4.00 2.80
0.50 4.00 3.20
0.50 4.00 3.60
0.50 4.00 4.00
0.50 4.00 4.40
0.50 4.00 4.80
0.50 4.00 5.20
0.50 4.00 5.60
0.50 4.00 6.00
0.50 4.00 6.40
0.50 4.00 6.80
0.50 4.00 7.20
0.50 4.00 7.60
0.50 4.00 8.00
0.50 4.00 8.40
0.50 4.00 8.80
0.50 4.00 9.20
0.50 4.00 9.60
0.50 4.00 10.00
0.50 4.00 10.40
0.50 4.00 10.80
0.50 4.00 11.20
0.50 4.00 11.60
0.50 4.00 12.00

0.50 4.20 0.00
0.50 4.20 0.40
0.50 4.20 0.80
0.50 4.20 1.20
0.50 4.20 1.60
0.50 4.20 2.00
0.50 4.20 2.40
0.50 4.20 2.80
0.50 4.20 3.20
0.50 4.20 3.60
0.50 4.20 4.00
0.50 4.20 4.40
0.50 4.20 4.80
0.50 4.20 5.20
0.50 4.20 5.60
0.50 4.20 6.00
0.50 4.20 6.40
0.50 4.20 6.80
0.50 4.20 7.20
0.50 4.20 7.60
0.50 4.20 8.00
0.50 4.20 8.40
0.50 4.20 8.80
0.50 4.20 9.20
0.50 4.20 9.60
0.50 4.20 10.00
0.50 4.20 10.40
0.50 4.20 10.80
0.50 4.20 11.20
0.50 4.20 11.60
0.50 4.20 12.00

0.50 4.40 0.00
0.50 4.40 0.40
0.50 4.40 0.80
0.50 4.40 1.20
0.50 4.40 1.60
0.50 4.40 2.00
0.50 4.40 2.40
0.50 4.40 2.80
0.50 4.40 3.20
0.50 4.40 3.60
0.50 4.40 4.00
0.50 4.40 4.40
0.50 4.40 4.80
0.50 4.40 5.20
0.50 4.40 5.60
0.50 4.40 6.00
0.50 4.40 6.40
0.50 4.40 6.80
0.50 4.40 7.20
0.50 4.40 7.60
0.50 4.40 8.00
0.50 4.40 8.40
0.50 4.40 8.80
0.50 4.40 9.20
0.50 4.40 9.60
0.50 4.40 10.00
0.50 4.40 10.40
0.50 4.40 10.80
0.50 4.40 11.20
0.50 4.40 11.60
0.50 4.40 12.00

0.50 4.60 0.00
0.50 4.60 0.40
0.50 4.60 0.80
0.50 4.60 1.20
0.50 4.60 1.60
0.50 4.60 2.00
0.50 4.60 2.40
0.50 4.60 2.80
0.50 4.60 3.20
0.50 4.60 3.60
0.50 4.60 4.00
0.50 4.60 4.40
0.50 4.60 4.80
0.50 4.60 5.20
0.50 4.60 5.60
0.50 4.60 6.00
0.50 4.60 6.40
0.50 4.60 6.80
0.50 4.60 7.20
0.50 4.60 7.60
0.50 4.60 8.00
0.50 4.60 8.40
0.50 4.60 8.80
0.50 4.60 9.20
0.50 4.60 9.60
0.50 4.60 10.00
0.50 4.60 10.40
0.50 4.60 10.80
0.50 4.60 11.20
0.50 4.60 11.60
0.50 4.60 12.00

0.50 4.80 0.00
0.50 4.80 0.40
0.50 4.80 0.80
0.50 4.80 1.20
0.50 4.80 1.60
0.50 4.80 2.00
0.50 4.80 2.40
0.50 4.80 2.80
0.50 4.80 3.20
0.50 4.80 3.60
0.50 4.80 4.00
0.50 4.80 4.40
0.50 4.80 4.80
0.50 4.80 5.20
0.50 4.80 5.60
0.50 4.80 6.00
0.50 4.80 6.40
0.50 4.80 6.80
0.50 4.80 7.20
0.50 4.80 7.60
0.50 4.80 8.00
0.50 4.80 8.40
0.50 4.80 8.80
0.50 4.80 9.20
0.50 4.80 9.60
0.50 4.80 10.00
0.50 4.80 10.40
0.50 4.80 10.80
0.50 4.80 11.20
0.50 4.80 11.60
0.50 4.80 12.00

0.50 5.00 0.00
0.50 5.00 0.40
0.50 5.00 0.80
0.50 5.00 1.20
0.50 5.00 1.60
0.50 5.00 2.00
0.50 5.00 2.40
0.50 5.00 2.80
0.50 5.00 3.20
0.50 5.00 3.60
0.50 5.00 4.00
0.50 5.00 4.40
0.50 5.00 4.80
0.50 5.00 5.20
0.50 5.00 5.60
0.50 5.00 6.00
0.50 5.00 6.40
0.50 5.00 6.80
0.50 5.00 7.20
0.50 5.00 7.60
0.50 5.00 8.00
0.50 5.00 8.40
0.50 5.00 8.80
0.50 5.00 9.20
0.50 5.00 9.60
0.50 5.00 10.00
0.50 5.00 10.40
0.50 5.00 10.80
0.50 5.00 11.20
0.50 5.00 11.60
0.50 5.00 12.00

0.50 5.20 0.00
0.50 5.20 0.40
0.50 5.20 0.80
0.50 5.20 1.20
0.50 5.20 1.60
0.50 5.20 2.00
0.50 5.20 2.40
0.50 5.20 2.80
0.50 5.20 3.20
0.50 5.20 3.60
0.50 5.20 4.00
0.50 5.20 4.40
0.50 5.20 4.80
0.50 5.20 5.20
0.50 5.20 5.60
0.50 5.20 6.00
0.50 5.20 6.40
0.50 5.20 6.80
0.50 5.20 7.20
0.50 5.20 7.60
0.50 5.20 8.00
0.50 5.20 8.40
0.50 5.20 8.80
0.50 5.20 9.20
0.50 5.20 9.60
0.50 5.20 10.00
0.50 5.20 10.40
0.50 5.20 10.80
0.50 5.20 11.20
0.50 5.20 11.60
0.50 5.20 12.00

0.50 5.40 0.00
0.50 5.40 0.40
0.50 5.40 0.80
0.50 5.40 1.20
0.50 5.40 1.60
0.50 5.40 2.00
0.50 5.40 2.40
0.50 5.40 2.80
0.50 5.40 3.20
0.50 5.40 3.60
0.50 5.40 4.00
0.50 5.40 4.40
0.50 5.40 4.80
0.50 5.40 5.20
0.50 5.40 5.60
0.50 5.40 6.00
0.50 5.40 6.40
0.50 5.40 6.80
0.50 5.40 7.20
0.50 5.40 7.60
0.50 5.40 8.00
0.50 5.40 8.40
0.50 5.40 8.80
0.50 5.40 9.20
0.50 5.40 9.60
0.50 5.40 10.00
0.50 5.40 10.40
0.50 5.40 10.80
0.50 5.40 11.20
0.50 5.40 11.60
0.50 5.40 12.00

0.50 5.60 0.00
0.50 5.60 0.40
0.50 5.60 0.80
0.50 5.60 1.20
0.50 5.60 1.60
0.50 5.60 2.00
0.50 5.60 2.40
0.50 5.60 2.80
0.50 5.60 3.20
0.50 5.60 3.60
0.50 5.60 4.00
0.50 5.60 4.40
0.50 5.60 4.80
0.50 5.60 5.20
0.50 5.60 5.60
0.50 5.60 6.00
0.50 5.60 6.40
0.50 5.60 6.80
0.50 5.60 7.20
0.50 5.60 7.60
0.50 5.60 8.00
0.50 5.60 8.40
0.50 5.60 8.80
0.50 5.60 9.20
0.50 5.60 9.60
0.50 5.60 10.00
0.50 5.60 10.40
0.50 5.60 10.80
0.50 5.60 11.20
0.50 5.60 11.60
0.50 5.60 12.00

0.50 5.80 0.00
0.50 5.80 0.40
0.50 5.80 0.80
0.50 5.80 1.20
0.50 5.80 1.60
0.50 5.80 2.00
0.50 5.80 2.40
0.50 5.80 2.80
0.50 5.80 3.20
0.50 5.80 3.60
0.50 5.80 4.00
0.50 5.80 4.40
0.50 5.80 4.80
0.50 5.80 5.20
0.50 5.80 5.60
0.50 5.80 6.00
0.50 5.80 6.40
0.50 5.80 6.80
0.50 5.80 7.20
0.50 5.80 7.60
0.50 5.80 8.00
0.50 5.80 8.40
0.50 5.80 8.80
0.50 5.80 9.20
0.50 5.80 9.60
0.50 5.80 10.00
0.50 5.80 10.40
0.50 5.80 10.80
0.50 5.80 11.20
0.50 5.80 11.60
0.50 5.80 12.00

0.50 6.00 0.00
0.50 6.00 0.40
0.50 6.00 0.80
0.50 6.00 1.20
0.50 6.00 1.60
0.50 6.00 2.00
0.50 6.00 2.40
0.50 6.00 2.80
0.50 6.00 3.20
0.50 6.00 3.60
0.50 6.00 4.00
0.50 6.00 4.40
0.50 6.00 4.80
0.50 6.00 5.20
0.50 6.00 5.60
0.50 6.00 6.00
0.50 6.00 6.40
0.50 6.00 6.80
0.50 6.00 7.20
0.50 6.00 7.60
0.50 6.00 8.00
0.50 6.00 8.40
0.50 6.00 8.80
0.50 6.00 9.20
0.50 6.00 9.60
0.50 6.00 10.00
0.50 6.00 10.40
0.50 6.00 10.80
0.50 6.00 11.20
0.50 6.00 11.60
0.50 6.00 12.00

