0.50 0.00 0.00 Binary file (standard input) matches
0.50 0.00 0.40 0.32286519993449347 6.1902697985941071E-002
0.50 0.00 0.80 0.37253998393838761 6.6350823874064963E-002
0.50 0.00 1.20 0.39409483334805195 6.9919574962524558E-002
0.50 0.00 1.60 0.38778153004864768 7.0526307090835669E-002
0.50 0.00 2.00 0.36927354468616658 6.8643129401350839E-002
0.50 0.00 2.40 0.35473655617366739 6.7829175018454119E-002
0.50 0.00 2.80 0.34939957201320859 6.7627019541646641E-002
0.50 0.00 3.20 0.34151574899217957 6.6612545559038103E-002
0.50 0.00 3.60 0.33667353374387254 6.5477088922387794E-002
0.50 0.00 4.00 0.33212676186139084 6.4048120920420268E-002
0.50 0.00 4.40 0.32804712730241203 6.3299244510237940E-002
0.50 0.00 4.80 0.32870250518802635 6.3370248299652557E-002
0.50 0.00 5.20 0.32519094999480602 6.1790207000175047E-002
0.50 0.00 5.60 0.32958197932720540 6.2581548463095674E-002
0.50 0.00 6.00 0.31748520727783769 6.0738983490000509E-002
0.50 0.00 6.40 0.32998305908593023 6.1020655921794800E-002
0.50 0.00 6.80 0.33851185982307769 6.2408346299386561E-002
0.50 0.00 7.20 0.33175344375995636 6.2013008359557378E-002
0.50 0.00 7.60 0.32813873318642173 6.1658513246840942E-002
0.50 0.00 8.00 0.33201155007020600 6.1830080416902126E-002
0.50 0.00 8.40 0.32632932241119705 6.1790276654548670E-002
0.50 0.00 8.80 0.33009838182786849 6.1858681502064639E-002
0.50 0.00 9.20 0.33984897657205926 6.2348997905359069E-002
0.50 0.00 9.60 0.33211182510649684 6.2225396502867236E-002
0.50 0.00 10.00 0.32937900384487501 6.1511591239886476E-002
0.50 0.00 10.40 0.33796509709966149 6.2282465469422621E-002
0.50 0.00 10.80 0.33685099136599239 6.2584972075216530E-002
0.50 0.00 11.20 0.34365387889333976 6.3311782278593229E-002
0.50 0.00 11.60 0.33551327508665768 6.2145031978358051E-002
0.50 0.00 12.00 0.33271193367706819 6.1566626966112335E-002

0.50 0.20 0.00 0.30647508779549287 6.5736969625839164E-002
0.50 0.20 0.40 0.37940158713344385 6.9319694396763720E-002
0.50 0.20 0.80 0.40310750829245851 7.2759042640839225E-002
0.50 0.20 1.20 0.41790693449019284 7.4089782894553258E-002
0.50 0.20 1.60 0.41947295725690958 7.4272919575386606E-002
0.50 0.20 2.00 0.41224381676285393 7.4161251803065653E-002
0.50 0.20 2.40 0.41528386330186223 7.3777973650093268E-002
0.50 0.20 2.80 0.40235003204587089 7.2331183935688603E-002
0.50 0.20 3.20 0.40824307106060675 7.2183611785469545E-002
0.50 0.20 3.60 0.40391880880818770 7.1418935386156832E-002
0.50 0.20 4.00 0.40624505003679101 7.0797413885644214E-002
0.50 0.20 4.40 0.39985561672197861 6.9871094460431465E-002
0.50 0.20 4.80 0.40042207011690217 6.8302788260156871E-002
0.50 0.20 5.20 0.39200119376412590 6.8495093353207262E-002
0.50 0.20 5.60 0.40037471687088166 6.7895797576464009E-002
0.50 0.20 6.00 0.39244418598421660 6.7591886007393770E-002
0.50 0.20 6.40 0.39603946748152796 6.7516625740018793E-002
0.50 0.20 6.80 0.40097548409833461 6.7494024227931798E-002
0.50 0.20 7.20 0.38915572857524033 6.6197143603941883E-002
0.50 0.20 7.60 0.38792947159246727 6.5768281986016003E-002
0.50 0.20 8.00 0.38891644825724220 6.5915203929711563E-002
0.50 0.20 8.40 0.39805015832062407 6.5297247002162620E-002
0.50 0.20 8.80 0.38379890326982280 6.4660522946264162E-002
0.50 0.20 9.20 0.38995496943878932 6.6018677273011223E-002
0.50 0.20 9.60 0.38719098321205486 6.5176450611634476E-002
0.50 0.20 10.00 0.38332138671387123 6.4480707326479703E-002
0.50 0.20 10.40 0.37963898908479293 6.4856479570512021E-002
0.50 0.20 10.80 0.37805513340706937 6.4622519697893038E-002
0.50 0.20 11.20 0.39337277694005968 6.5175403200372045E-002
0.50 0.20 11.60 0.37852897408697023 6.3786811075593114E-002
0.50 0.20 12.00 0.38323618629650841 6.4084474626973059E-002

0.50 0.40 0.00 0.31020877829271848 7.1985146076657777E-002
0.50 0.40 0.40 0.39142177802030975 7.4270349104175293E-002
0.50 0.40 0.80 0.41298059411566995 7.3344432475124746E-002
0.50 0.40 1.20 0.42467526881887097 7.3847351820427065E-002
0.50 0.40 1.60 0.42768983617383161 7.3849338366451259E-002
0.50 0.40 2.00 0.42990849667298187 7.3407453726248267E-002
0.50 0.40 2.40 0.41768935336983909 7.2341280001102418E-002
0.50 0.40 2.80 0.41349785536502981 7.1526428816384449E-002
0.50 0.40 3.20 0.40583915733609127 7.0188691136999090E-002
0.50 0.40 3.60 0.41387580063503177 6.9908527560485476E-002
0.50 0.40 4.00 0.40768645375316898 6.8636731727738265E-002
0.50 0.40 4.40 0.40915027143620064 6.8261527311841583E-002
0.50 0.40 4.80 0.41886195167230084 6.7636500585662312E-002
0.50 0.40 5.20 0.40963434096510082 6.6839011885805502E-002
0.50 0.40 5.60 0.40786447042384505 6.6520754760912612E-002
0.50 0.40 6.00 0.41237560728860839 6.6045917391089351E-002
0.50 0.40 6.40 0.40650376200934274 6.5718634555270716E-002
0.50 0.40 6.80 0.41004676231728610 6.5445927633301482E-002
0.50 0.40 7.20 0.41041310981948137 6.5618531604579658E-002
0.50 0.40 7.60 0.40951249169755705 6.4948295532314973E-002
0.50 0.40 8.00 0.41015615270097738 6.4777527649566777E-002
0.50 0.40 8.40 0.40349520492069502 6.5383468505255574E-002
0.50 0.40 8.80 0.40525525048645938 6.5259605690077202E-002
0.50 0.40 9.20 0.40544847144623386 6.5306391370927808E-002
0.50 0.40 9.60 0.41130570681486367 6.4896508742480596E-002
0.50 0.40 10.00 0.40200299595439254 6.4879021174094637E-002
0.50 0.40 10.40 0.40612733840855081 6.5269908354669795E-002
0.50 0.40 10.80 0.40492329627730228 6.4141717072873208E-002
0.50 0.40 11.20 0.40008075745075650 6.4039638353917211E-002
0.50 0.40 11.60 0.40089510446956861 6.4123485896559057E-002
0.50 0.40 12.00 0.39801177079172134 6.3896280306101325E-002

0.50 0.60 0.00 0.32947035521038753 6.1927227149379427E-002
0.50 0.60 0.40 0.38103203066395658 7.1583737840816578E-002
0.50 0.60 0.80 0.40409205635464929 7.1492605676480900E-002
0.50 0.60 1.20 0.43107151909270031 7.2575292749316817E-002
0.50 0.60 1.60 0.43836286897803473 7.3561105871261787E-002
0.50 0.60 2.00 0.44771424291027956 7.4545544022767335E-002
0.50 0.60 2.40 0.44463182906763932 7.3639330075752921E-002
0.50 0.60 2.80 0.44631932761229043 7.3590493646207053E-002
0.50 0.60 3.20 0.44704628314398603 7.2903433520341399E-002
0.50 0.60 3.60 0.44000736318233136 7.1962209596260013E-002
0.50 0.60 4.00 0.43608944410051553 7.1181773656668321E-002
0.50 0.60 4.40 0.44119206264374683 6.9923306506002911E-002
0.50 0.60 4.80 0.44295443353802283 6.9994227262343833E-002
0.50 0.60 5.20 0.43480846685986813 6.8774704020149846E-002
0.50 0.60 5.60 0.43404259848652088 6.7744804012696169E-002
0.50 0.60 6.00 0.43560481786117505 6.7251526189127817E-002
0.50 0.60 6.40 0.44419187264509608 6.7478007949660399E-002
0.50 0.60 6.80 0.44517672528825303 6.7825611885048431E-002
0.50 0.60 7.20 0.44370928243196417 6.6798815051238136E-002
0.50 0.60 7.60 0.43177506921417380 6.6324261315922103E-002
0.50 0.60 8.00 0.44085622128766921 6.6703510618276590E-002
0.50 0.60 8.40 0.43209827088817232 6.6109712084975888E-002
0.50 0.60 8.80 0.43098680529667144 6.6007619816490920E-002
0.50 0.60 9.20 0.43359114395871384 6.5672223010470154E-002
0.50 0.60 9.60 0.43426027372425968 6.5477239676692250E-002
0.50 0.60 10.00 0.43686463303128564 6.4748866763383539E-002
0.50 0.60 10.40 0.43247953117661586 6.5054385511202947E-002
0.50 0.60 10.80 0.43350499320573477 6.4588387881470324E-002
0.50 0.60 11.20 0.42602071182961404 6.4773193280502239E-002
0.50 0.60 11.60 0.42786272045015938 6.4414800880093173E-002
0.50 0.60 12.00 0.42931316092105198 6.4455722792694389E-002

0.50 0.80 0.00 0.36645571988529430 6.8258948535677891E-002
0.50 0.80 0.40 0.39099885942799550 6.9257698209647500E-002
0.50 0.80 0.80 0.38595561195876471 6.8523727375491186E-002
0.50 0.80 1.20 0.40598321274463622 6.9333292948523625E-002
0.50 0.80 1.60 0.42782366508968472 7.1713898256508674E-002
0.50 0.80 2.00 0.42870207922707193 7.1604042445567562E-002
0.50 0.80 2.40 0.42902603411414886 7.1437788894435625E-002
0.50 0.80 2.80 0.43533172565568901 7.2022641417167410E-002
0.50 0.80 3.20 0.44306210929981393 7.1820458346205707E-002
0.50 0.80 3.60 0.43794472299110421 7.0978733913878198E-002
0.50 0.80 4.00 0.43956796665742803 7.0481298301556222E-002
0.50 0.80 4.40 0.44681354124940481 6.9169420372962864E-002
0.50 0.80 4.80 0.44620686036779977 6.8714523377073899E-002
0.50 0.80 5.20 0.44723582676349122 6.7764247233039254E-002
0.50 0.80 5.60 0.44749641356005132 6.7105418817489867E-002
0.50 0.80 6.00 0.45385789553166445 6.6377476999225901E-002
0.50 0.80 6.40 0.44350504072898145 6.5356783522586906E-002
0.50 0.80 6.80 0.45321732138144988 6.5041908231628989E-002
0.50 0.80 7.20 0.44999891715625251 6.4589599037363082E-002
0.50 0.80 7.60 0.45300989783843681 6.4853371795473874E-002
0.50 0.80 8.00 0.44452505202697967 6.3872177973503780E-002
0.50 0.80 8.40 0.44502587040865738 6.4582889836433968E-002
0.50 0.80 8.80 0.44548602040705249 6.4236218445001630E-002
0.50 0.80 9.20 0.45426423138697036 6.3616944222798177E-002
0.50 0.80 9.60 0.44717816994616671 6.3494407203900885E-002
0.50 0.80 10.00 0.44706917582863986 6.3844891330886944E-002
0.50 0.80 10.40 0.44755787125492741 6.4021782278822492E-002
0.50 0.80 10.80 0.44068465898765474 6.2996703443146659E-002
0.50 0.80 11.20 0.43701013557687529 6.3665780522569632E-002
0.50 0.80 11.60 0.43989260996117052 6.3199730203760865E-002
0.50 0.80 12.00 0.43119912364613072 6.3769630565657556E-002

0.50 1.00 0.00 0.35169987927930085 6.8368067723573581E-002
0.50 1.00 0.40 0.40366657088417457 6.9706192284107654E-002
0.50 1.00 0.80 0.40084866269084413 6.8548350451250573E-002
0.50 1.00 1.20 0.40229687240731121 6.8301997786207339E-002
0.50 1.00 1.60 0.40664500193470221 6.8421186503782525E-002
0.50 1.00 2.00 0.40707943984404293 6.8669877600576038E-002
0.50 1.00 2.40 0.42099865239764001 6.9377168814088674E-002
0.50 1.00 2.80 0.41490333767834670 6.8831494344478578E-002
0.50 1.00 3.20 0.42101690542860853 6.8679435378695280E-002
0.50 1.00 3.60 0.41898696551915959 6.8447023267880686E-002
0.50 1.00 4.00 0.42663284753928521 6.8047997160845780E-002
0.50 1.00 4.40 0.43158156983520674 6.7030841207733560E-002
0.50 1.00 4.80 0.43823868185268094 6.6687604822439878E-002
0.50 1.00 5.20 0.43103343681473605 6.5093347535531171E-002
0.50 1.00 5.60 0.43402372230284447 6.4506475385835094E-002
0.50 1.00 6.00 0.44220876469415638 6.3968989795587392E-002
0.50 1.00 6.40 0.43452749935945850 6.3608143954411500E-002
0.50 1.00 6.80 0.43748830880096490 6.3075947916562874E-002
0.50 1.00 7.20 0.44368948910042272 6.2804981124624543E-002
0.50 1.00 7.60 0.44435298273500468 6.2896575279353245E-002
0.50 1.00 8.00 0.44276184519477912 6.2535325641751752E-002
0.50 1.00 8.40 0.44553732076207186 6.2504509508842648E-002
0.50 1.00 8.80 0.44277972595857412 6.2556537838393211E-002
0.50 1.00 9.20 0.43493173024053700 6.1803864654799305E-002
0.50 1.00 9.60 0.44263595338787348 6.1580996336643934E-002
0.50 1.00 10.00 0.44243697669543014 6.2510758658689478E-002
0.50 1.00 10.40 0.43152436574808400 6.2245907522277551E-002
0.50 1.00 10.80 0.43782494520203163 6.2120833634423014E-002
0.50 1.00 11.20 0.43995892005890475 6.2376033728044358E-002
0.50 1.00 11.60 0.43517775675338682 6.1979184146936865E-002
0.50 1.00 12.00 0.43766748096441727 6.1881123414231867E-002

0.50 1.20 0.00 0.30960494770559377 6.5630814651717648E-002
0.50 1.20 0.40 0.37587420396876625 6.3456518042894608E-002
0.50 1.20 0.80 0.40071550927839106 6.7615302099194100E-002
0.50 1.20 1.20 0.40064848415077614 6.7248397088211218E-002
0.50 1.20 1.60 0.40611059084684137 6.8086593344679577E-002
0.50 1.20 2.00 0.40609307503513670 6.7594460962823913E-002
0.50 1.20 2.40 0.41143715255146834 6.7788262591936543E-002
0.50 1.20 2.80 0.40660021180261285 6.8125986993792353E-002
0.50 1.20 3.20 0.40883251548424171 6.7111083698239343E-002
0.50 1.20 3.60 0.40658933491267596 6.6412241303284020E-002
0.50 1.20 4.00 0.41405097451837702 6.6785384614533372E-002
0.50 1.20 4.40 0.41490923570412519 6.5860169834558668E-002
0.50 1.20 4.80 0.41772600164440055 6.5160567937489602E-002
0.50 1.20 5.20 0.42427302510572895 6.5322104514813684E-002
0.50 1.20 5.60 0.42728252450142723 6.4262031816117754E-002
0.50 1.20 6.00 0.42782150123888585 6.4073826426744626E-002
0.50 1.20 6.40 0.42787797987036624 6.3603621367657404E-002
0.50 1.20 6.80 0.43315938633562701 6.3286765145574339E-002
0.50 1.20 7.20 0.43623888366510943 6.2408676143100569E-002
0.50 1.20 7.60 0.43543225613005826 6.2169839425099273E-002
0.50 1.20 8.00 0.44033100447459611 6.2264400751333202E-002
0.50 1.20 8.40 0.43309215221254715 6.1764399579974524E-002
0.50 1.20 8.80 0.43875468904177800 6.2214160854043132E-002
0.50 1.20 9.20 0.43963542502672787 6.1437054895606927E-002
0.50 1.20 9.60 0.43675203971865972 6.1860618953164463E-002
0.50 1.20 10.00 0.43114573547084278 6.1512685182311330E-002
0.50 1.20 10.40 0.43685588125569658 6.1296675182759705E-002
0.50 1.20 10.80 0.43578119266734960 6.1576285872088188E-002
0.50 1.20 11.20 0.43163706351416797 6.1364423106878140E-002
0.50 1.20 11.60 0.43492289769687825 6.1560854413082747E-002
0.50 1.20 12.00 0.43032464765060707 6.1367764889775217E-002

0.50 1.40 0.00 0.23408534801101682 5.1864070386582729E-002
0.50 1.40 0.40 0.35901929931839044 5.8991293237281070E-002
0.50 1.40 0.80 0.38472312234845346 6.2571767582606505E-002
0.50 1.40 1.20 0.39662594103188831 6.3876709616644517E-002
0.50 1.40 1.60 0.40246879695343846 6.4790091841878700E-002
0.50 1.40 2.00 0.39571152840566981 6.5028312473260699E-002
0.50 1.40 2.40 0.40865287668653894 6.5933882448071260E-002
0.50 1.40 2.80 0.40135326767800228 6.5425206102745839E-002
0.50 1.40 3.20 0.40164666134057719 6.6040778475776329E-002
0.50 1.40 3.60 0.40325554126076790 6.5165598930647037E-002
0.50 1.40 4.00 0.40581226410411908 6.5042645463814150E-002
0.50 1.40 4.40 0.41287896581719946 6.4681779818632518E-002
0.50 1.40 4.80 0.41253122650272661 6.3736188054618725E-002
0.50 1.40 5.20 0.41299604285931640 6.3362496955839911E-002
0.50 1.40 5.60 0.42142519905302411 6.3968902863478602E-002
0.50 1.40 6.00 0.41832298999082251 6.2791739512973690E-002
0.50 1.40 6.40 0.42424206376359308 6.2679323451596047E-002
0.50 1.40 6.80 0.42803931835257103 6.2667841473142735E-002
0.50 1.40 7.20 0.43148814700759797 6.2288310748708969E-002
0.50 1.40 7.60 0.43135950454335631 6.1876102656254629E-002
0.50 1.40 8.00 0.42656138871158789 6.2087498829916869E-002
0.50 1.40 8.40 0.43145629798769003 6.1380905307932346E-002
0.50 1.40 8.80 0.43761784706551199 6.1700828892258634E-002
0.50 1.40 9.20 0.43070326630508637 6.1724281994956019E-002
0.50 1.40 9.60 0.43347857185853444 6.1255656369582266E-002
0.50 1.40 10.00 0.43025550618601927 6.2013458903330584E-002
0.50 1.40 10.40 0.43948688781502254 6.1590639963471770E-002
0.50 1.40 10.80 0.43347135240592866 6.1182881379622536E-002
0.50 1.40 11.20 0.43313231547619768 6.1578176934584110E-002
0.50 1.40 11.60 0.42901905338959956 6.1744229067632848E-002
0.50 1.40 12.00 0.43440099742443278 6.1263883074296775E-002

0.50 1.60 0.00 0.26123835423063102 5.0980897359437158E-002
0.50 1.60 0.40 0.35481479239001545 5.9619060703646962E-002
0.50 1.60 0.80 0.37894353371612377 6.1240849723271998E-002
0.50 1.60 1.20 0.39112762497804948 6.2685210784373127E-002
0.50 1.60 1.60 0.39827199166636096 6.3015826970275399E-002
0.50 1.60 2.00 0.40047044197912429 6.2891320234365986E-002
0.50 1.60 2.40 0.40350469511525794 6.4002097938288524E-002
0.50 1.60 2.80 0.40074439829527125 6.3667531993207349E-002
0.50 1.60 3.20 0.40168209949165401 6.3873974934347461E-002
0.50 1.60 3.60 0.40275909768593621 6.4024937571557805E-002
0.50 1.60 4.00 0.40771271302014833 6.3563324716871150E-002
0.50 1.60 4.40 0.41308623627482427 6.3541160014579198E-002
0.50 1.60 4.80 0.41675894152539517 6.3389631036563768E-002
0.50 1.60 5.20 0.41311980865263137 6.2920955321230876E-002
0.50 1.60 5.60 0.41298099709959002 6.2209946960864911E-002
0.50 1.60 6.00 0.42180294216535597 6.2692454443244020E-002
0.50 1.60 6.40 0.42151331523957614 6.2190942492144408E-002
0.50 1.60 6.80 0.42241849116250185 6.2255418290737254E-002
0.50 1.60 7.20 0.42605201217350286 6.2376869027147744E-002
0.50 1.60 7.60 0.41687588089027239 6.1802391413219263E-002
0.50 1.60 8.00 0.42320808045257630 6.1736913087086259E-002
0.50 1.60 8.40 0.42382918684892407 6.1064085348997217E-002
0.50 1.60 8.80 0.42444436848984390 6.1837352242635264E-002
0.50 1.60 9.20 0.42787044030708971 6.1554215921091622E-002
0.50 1.60 9.60 Binary file (standard input) matches
0.50 1.60 10.00 0.43271873980000802 6.2160651036187196E-002
0.50 1.60 10.40 0.43390803104656311 6.1809523496249540E-002
0.50 1.60 10.80 0.43325627308142856 6.2260901124049209E-002
0.50 1.60 11.20 0.42547545938147796 6.1743651312167795E-002
0.50 1.60 11.60 0.42336741143382045 6.1224127266779525E-002
0.50 1.60 12.00 0.42730634524338457 6.1738942776165283E-002

0.50 1.80 0.00 0.25798384774148803 5.9847334390694118E-002
0.50 1.80 0.40 0.35404398275779142 5.8031947035172449E-002
0.50 1.80 0.80 0.35996333076233011 5.5863194235479752E-002
0.50 1.80 1.20 0.37129007102246414 5.7669943659597454E-002
0.50 1.80 1.60 0.39519245867922487 6.0594361528993883E-002
0.50 1.80 2.00 0.39390806335569006 6.0277295752146548E-002
0.50 1.80 2.40 0.39232937752205149 6.0871542190070620E-002
0.50 1.80 2.80 0.40099345001478010 6.1087162510987406E-002
0.50 1.80 3.20 0.40179700306575616 6.2210930097602236E-002
0.50 1.80 3.60 0.40073911602064244 6.1660944226557789E-002
0.50 1.80 4.00 0.39951738053053443 6.1408063658346335E-002
0.50 1.80 4.40 0.40876762036367048 6.1578224423075631E-002
0.50 1.80 4.80 0.40734049649073956 6.1441819771041795E-002
0.50 1.80 5.20 0.40565230407945413 6.1519961951398063E-002
0.50 1.80 5.60 0.41615629045637925 6.1356707037021820E-002
0.50 1.80 6.00 0.40519397595014633 6.0519886662791102E-002
0.50 1.80 6.40 0.41759074234164445 6.1327173546097694E-002
0.50 1.80 6.80 0.41502842924990080 6.1127724644474121E-002
0.50 1.80 7.20 0.41982168212168647 6.1668530266281864E-002
0.50 1.80 7.60 0.41953925891642074 6.1019258857641007E-002
0.50 1.80 8.00 0.41701213847341456 6.1114799631851936E-002
0.50 1.80 8.40 0.42504650807345301 6.0859035381487757E-002
0.50 1.80 8.80 0.41762949615723854 6.1387450348027055E-002
0.50 1.80 9.20 0.42459698059592721 6.1443820847619353E-002
0.50 1.80 9.60 0.42183243388394864 6.1207920654061818E-002
0.50 1.80 10.00 0.42255035810131192 6.0889305500478948E-002
0.50 1.80 10.40 0.41778809809425005 6.1047962282720650E-002
0.50 1.80 10.80 0.42091730665629745 6.0900854450034674E-002
0.50 1.80 11.20 0.42019242091448206 6.1034873877037252E-002
0.50 1.80 11.60 0.42170949460397650 6.0719789503886692E-002
0.50 1.80 12.00 0.42152900154188500 6.0613565279129131E-002

0.50 2.00 0.00 0.19445013764487842 4.4338245973113415E-002
0.50 2.00 0.40 0.34125721442039725 5.4540662533750006E-002
0.50 2.00 0.80 0.34434397846039616 5.2570357856984225E-002
0.50 2.00 1.20 0.35864844065989054 5.4247251527587505E-002
0.50 2.00 1.60 0.37888597479398683 5.6881793929490117E-002
0.50 2.00 2.00 0.38724405771318077 5.7308514996204790E-002
0.50 2.00 2.40 0.39056837658905963 5.8104576072013504E-002
0.50 2.00 2.80 0.39657155835966557 5.8804295231280418E-002
0.50 2.00 3.20 0.39857052367869383 5.9479810961575591E-002
0.50 2.00 3.60 0.40542377226635162 5.9677626835867290E-002
0.50 2.00 4.00 0.40924563110701195 5.9926739866279825E-002
0.50 2.00 4.40 0.40800004243506799 6.0478843166065194E-002
0.50 2.00 4.80 0.40883487408814234 6.0282252500876994E-002
0.50 2.00 5.20 0.40445812551997412 5.9768959633553893E-002
0.50 2.00 5.60 0.41469584208923366 5.9921106682070804E-002
0.50 2.00 6.00 0.41844785073479107 6.0533625074917038E-002
0.50 2.00 6.40 0.41278906088645417 6.0135827936013742E-002
0.50 2.00 6.80 0.41382765156470996 6.0475673941578482E-002
0.50 2.00 7.20 0.42181676843148130 6.0204342983787400E-002
0.50 2.00 7.60 0.42346887860809679 6.0543927722256231E-002
0.50 2.00 8.00 0.41977488017101861 6.0307035791098092E-002
0.50 2.00 8.40 0.42313995581907732 6.0909157181647987E-002
0.50 2.00 8.80 0.41549712083768037 6.0664161940804671E-002
0.50 2.00 9.20 0.41696405950853688 6.0531606201835522E-002
0.50 2.00 9.60 0.42035470564206401 6.0129040364763013E-002
0.50 2.00 10.00 0.41955858889260267 6.0220811034832303E-002
0.50 2.00 10.40 0.41897324580538919 6.0414137843376854E-002
0.50 2.00 10.80 0.41708162268995813 5.9954122074015279E-002
0.50 2.00 11.20 0.41849129983961414 6.1407123167921678E-002
0.50 2.00 11.60 0.41718718133442001 6.0700872420802882E-002
0.50 2.00 12.00 0.41512351205702569 5.9625164217559243E-002

0.50 2.20 0.00 0.19837297716504951 3.9119102974915658E-002
0.50 2.20 0.40 0.33096031579971752 5.1830975768983122E-002
0.50 2.20 0.80 0.33104876513734960 5.0277339953913640E-002
0.50 2.20 1.20 0.34830739674731731 5.1984243069321749E-002
0.50 2.20 1.60 0.36989585076378984 5.4196042387166736E-002
0.50 2.20 2.00 0.38842995268590164 5.5748133437556149E-002
0.50 2.20 2.40 0.39628088240403081 5.5872177673068409E-002
0.50 2.20 2.80 0.39546685952309041 5.6296290705488437E-002
0.50 2.20 3.20 0.40125053504090069 5.7844820009235354E-002
0.50 2.20 3.60 0.40803580327385680 5.8051111562463308E-002
0.50 2.20 4.00 0.40774491844007982 5.7926275055678413E-002
0.50 2.20 4.40 0.40350285000169483 5.8497580185825723E-002
0.50 2.20 4.80 0.41339070076309997 5.9060121393308240E-002
0.50 2.20 5.20 0.41527502003983974 5.8810248422330742E-002
0.50 2.20 5.60 0.41436259729648584 5.8990006625826652E-002
0.50 2.20 6.00 0.41650782146886306 5.9039579372037951E-002
0.50 2.20 6.40 0.41652848473676851 5.9188249713666798E-002
0.50 2.20 6.80 0.42098098098991021 5.9743680666093799E-002
0.50 2.20 7.20 0.41822102087507007 5.9720616776098065E-002
0.50 2.20 7.60 0.41696577560783499 5.9246335264589001E-002
0.50 2.20 8.00 0.42170510028108393 6.0196438829943140E-002
0.50 2.20 8.40 0.42169559433756137 5.9500781084895447E-002
0.50 2.20 8.80 0.41771405501320019 5.9448121395813465E-002
0.50 2.20 9.20 0.41955166330074578 6.0268272919495214E-002
0.50 2.20 9.60 0.41312912774141408 6.0292406454321421E-002
0.50 2.20 10.00 0.41869960318791311 6.0699137083761318E-002
0.50 2.20 10.40 0.41793108476748209 5.9882866345182965E-002
0.50 2.20 10.80 0.41414358268354262 5.9154308769180333E-002
0.50 2.20 11.20 0.41920187006831255 6.0133357596342259E-002
0.50 2.20 11.60 0.41232708718317584 5.9832488119410637E-002
0.50 2.20 12.00 0.41213362622229088 5.9815159242496418E-002

0.50 2.40 0.00 0.21146031281360109 3.8013885488197313E-002
0.50 2.40 0.40 0.31655335985472077 4.8464821946441361E-002
0.50 2.40 0.80 0.33478253299504401 4.8845786389074067E-002
0.50 2.40 1.20 0.34203349714217235 5.0293519705913288E-002
0.50 2.40 1.60 0.35977231776825713 5.1809795464031250E-002
0.50 2.40 2.00 0.37438452309052173 5.3471784865279884E-002
0.50 2.40 2.40 0.39029215292869901 5.4609816162509497E-002
0.50 2.40 2.80 0.39311117993503703 5.4478202312872356E-002
0.50 2.40 3.20 0.39584270992047038 5.5177243935723014E-002
0.50 2.40 3.60 0.40674620688578589 5.6808452163786480E-002
0.50 2.40 4.00 0.41468298052190056 5.6894791415451042E-002
0.50 2.40 4.40 0.41886347357807435 5.7101352963377108E-002
0.50 2.40 4.80 0.41457357361048874 5.7508422412733358E-002
0.50 2.40 5.20 0.42231833691011628 5.7710711995872480E-002
0.50 2.40 5.60 0.42727205458022388 5.8636626804099472E-002
0.50 2.40 6.00 0.41837929774963617 5.8152800943945912E-002
0.50 2.40 6.40 0.42619694838073974 5.8225312714186600E-002
0.50 2.40 6.80 0.42401602594010318 5.8477332223684730E-002
0.50 2.40 7.20 0.42391417968860379 5.8641717429262358E-002
0.50 2.40 7.60 0.42165871730879606 5.8837826051729020E-002
0.50 2.40 8.00 0.42439082300012032 5.8682974341855175E-002
0.50 2.40 8.40 0.42298789688947930 5.8758396197232908E-002
0.50 2.40 8.80 0.42395199199583500 5.9200255274376924E-002
0.50 2.40 9.20 0.41673915774344295 5.9103032167247160E-002
0.50 2.40 9.60 0.42383097017977522 5.9063919031221150E-002
0.50 2.40 10.00 0.42176003248124661 5.9215452044603177E-002
0.50 2.40 10.40 0.41905974541183849 5.9542445612654725E-002
0.50 2.40 10.80 0.41952155157274174 5.9228135931193915E-002
0.50 2.40 11.20 0.41399312906130070 5.8962132012782630E-002
0.50 2.40 11.60 0.42000308542553222 5.9774502412788123E-002
0.50 2.40 12.00 0.41896657792843683 6.0096603488397494E-002

0.50 2.60 0.00 0.22244108740575380 3.9299945459404101E-002
0.50 2.60 0.40 0.32153778902925068 4.8702610069190452E-002
0.50 2.60 0.80 0.33494101047323921 4.8368674639033243E-002
0.50 2.60 1.20 0.33449441826368626 4.7957393978698408E-002
0.50 2.60 1.60 0.36227760411879251 5.0841987463381748E-002
0.50 2.60 2.00 0.36940925747976150 5.1113709229379516E-002
0.50 2.60 2.40 0.37985779450778534 5.1257853981580642E-002
0.50 2.60 2.80 0.39569661415168322 5.4517644477900425E-002
0.50 2.60 3.20 0.40572826965283604 5.5134200539617262E-002
0.50 2.60 3.60 0.41641977159047833 5.5797229052827836E-002
0.50 2.60 4.00 0.41588216093409114 5.5954517080351339E-002
0.50 2.60 4.40 0.41841230599984219 5.6326137526042784E-002
0.50 2.60 4.80 0.42648654250651585 5.7371043877968445E-002
0.50 2.60 5.20 0.42972032014535760 5.7622246404683823E-002
0.50 2.60 5.60 0.42631281096966012 5.8290446115573845E-002
0.50 2.60 6.00 0.42707089427163247 5.8889992021192404E-002
0.50 2.60 6.40 0.43541422827437026 5.8954581971524714E-002
0.50 2.60 6.80 0.43205662262115235 5.8697781868056027E-002
0.50 2.60 7.20 0.43494100605689490 5.9295506382082849E-002
0.50 2.60 7.60 0.43336844180123857 5.9672056762697913E-002
0.50 2.60 8.00 0.43008514337637438 5.9172422996548235E-002
0.50 2.60 8.40 0.43312106827910679 5.9352085610522423E-002
0.50 2.60 8.80 0.43148122961498742 5.9376465836155932E-002
0.50 2.60 9.20 0.42853277824545727 5.9682359128485823E-002
0.50 2.60 9.60 0.42410337585780777 5.9745192410566382E-002
0.50 2.60 10.00 0.43080638826161211 5.9808454312047593E-002
0.50 2.60 10.40 0.42987825723549555 6.0152967848512887E-002
0.50 2.60 10.80 0.42420770389783347 5.9886888775644194E-002
0.50 2.60 11.20 0.42905679491635879 6.0421752214865510E-002
0.50 2.60 11.60 0.42507048252754887 6.0274558784508450E-002
0.50 2.60 12.00 0.42716266465107716 5.9881983627124373E-002

0.50 2.80 0.00 0.23184479108271189 4.1505895165059203E-002
0.50 2.80 0.40 0.31916634997793236 4.7790258773972569E-002
0.50 2.80 0.80 0.33210166799444563 4.6789106174609053E-002
0.50 2.80 1.20 0.34586114715933575 4.8104249451495135E-002
0.50 2.80 1.60 0.35437546802160264 4.9446356979510012E-002
0.50 2.80 2.00 0.37476976284308833 5.1325958141532388E-002
0.50 2.80 2.40 0.38488235010803618 5.1817129708329773E-002
0.50 2.80 2.80 0.40244672129535630 5.3785957810184221E-002
0.50 2.80 3.20 0.41007533378480571 5.5005388747242250E-002
0.50 2.80 3.60 0.41418566375122101 5.5271634539152618E-002
0.50 2.80 4.00 0.42898592754937326 5.7004358976484829E-002
0.50 2.80 4.40 0.43029464558367614 5.7305308098903836E-002
0.50 2.80 4.80 0.43936321350031110 5.8314869876063838E-002
0.50 2.80 5.20 0.43133708304708723 5.7923513176208190E-002
0.50 2.80 5.60 0.43279183651405040 5.8795610429718211E-002
0.50 2.80 6.00 0.43433773774591494 5.9499542104794065E-002
0.50 2.80 6.40 0.43699866878557503 5.9485819268288088E-002
0.50 2.80 6.80 0.43816376650253036 5.9291975052819947E-002
0.50 2.80 7.20 0.43441034157862701 6.0003959767156868E-002
0.50 2.80 7.60 0.43078175133016511 6.0116478002118383E-002
0.50 2.80 8.00 0.43298502745491929 5.8872956139276365E-002
0.50 2.80 8.40 0.42797204341817513 6.0482576276665062E-002
0.50 2.80 8.80 0.42588670261866302 6.0007107432891546E-002
0.50 2.80 9.20 0.42801511030236500 5.9814681488299076E-002
0.50 2.80 9.60 0.42821976577078891 6.0444078009160220E-002
0.50 2.80 10.00 0.43040867066898131 6.0215785538527522E-002
0.50 2.80 10.40 0.42918722955343763 5.9770496635301477E-002
0.50 2.80 10.80 0.42582453527380304 6.0503793688254780E-002
0.50 2.80 11.20 0.42644164059659834 6.0610237537590858E-002
0.50 2.80 11.60 0.42522398166460978 6.0249314769779169E-002
0.50 2.80 12.00 0.42323062536648698 6.0572393718097632E-002

0.50 3.00 0.00 0.24043556234449878 4.4297050373013132E-002
0.50 3.00 0.40 0.31626690372185950 4.7790124620247822E-002
0.50 3.00 0.80 0.33675182725409497 4.7391236541550995E-002
0.50 3.00 1.20 0.34963704972514492 4.9141974069668609E-002
0.50 3.00 1.60 0.36477525292199547 5.0923653307237186E-002
0.50 3.00 2.00 0.37674930804520107 5.1772899827308490E-002
0.50 3.00 2.40 0.39279987693217516 5.3615525249122463E-002
0.50 3.00 2.80 0.40915248078752081 5.5444543162786387E-002
0.50 3.00 3.20 0.41885317088705137 5.6585222718381019E-002
0.50 3.00 3.60 0.42805075693715749 5.7600774708089462E-002
0.50 3.00 4.00 0.42671441944444721 5.8169179348211843E-002
0.50 3.00 4.40 0.43364727659040636 5.8853666409777780E-002
0.50 3.00 4.80 0.44357982624546166 5.9800550832498231E-002
0.50 3.00 5.20 0.44508712685288299 5.9980492945759203E-002
0.50 3.00 5.60 0.44131520762921461 6.0265618330215438E-002
0.50 3.00 6.00 0.45049500737095310 6.1075045501473024E-002
0.50 3.00 6.40 0.44919570373091766 6.0887335893766013E-002
0.50 3.00 6.80 0.44651983139497348 6.1888330929425035E-002
0.50 3.00 7.20 0.44791528065668312 6.2171727986584019E-002
0.50 3.00 7.60 0.44328842915803957 6.1729021280117730E-002
0.50 3.00 8.00 0.43720304442106944 6.1814130573513031E-002
0.50 3.00 8.40 0.44030009125712599 6.1879586228769469E-002
0.50 3.00 8.80 0.43914187609124478 6.2507573554060974E-002
0.50 3.00 9.20 0.44289334737122610 6.2093165544390948E-002
0.50 3.00 9.60 0.43675069719921183 6.1643307142764815E-002
0.50 3.00 10.00 0.43985279026082991 6.1942356248031322E-002
0.50 3.00 10.40 0.43893845178329799 6.2495541262124581E-002
0.50 3.00 10.80 0.43605292281428776 6.2992601544812898E-002
0.50 3.00 11.20 0.43335633614133534 6.2878068414452135E-002
0.50 3.00 11.60 0.43257599249135936 6.2374406780420541E-002
0.50 3.00 12.00 0.43213350139721490 6.2270877571095694E-002

0.50 3.20 0.00 0.24899173967034188 4.7792167692395589E-002
0.50 3.20 0.40 0.32198298214857218 4.9577741965056064E-002
0.50 3.20 0.80 0.34188205219500045 4.8726553767101152E-002
0.50 3.20 1.20 0.35130218721620932 4.9567108725599690E-002
0.50 3.20 1.60 0.36805557843697800 5.2263530782493343E-002
0.50 3.20 2.00 0.38087449048410205 5.4027306218598012E-002
0.50 3.20 2.40 0.40296875704830259 5.5882826518201666E-002
0.50 3.20 2.80 0.41795884324730459 5.7290019692610231E-002
0.50 3.20 3.20 0.42543509876052371 5.8098191124775524E-002
0.50 3.20 3.60 0.43271929311625212 5.8917129350620254E-002
0.50 3.20 4.00 0.43604969168403629 5.9815808743324615E-002
0.50 3.20 4.40 0.43692042407376946 5.9489424982293745E-002
0.50 3.20 4.80 0.43743043732958203 6.0133602022328279E-002
0.50 3.20 5.20 0.43554807895606207 6.1033938483360688E-002
0.50 3.20 5.60 0.43530664537216124 6.0449976753962402E-002
0.50 3.20 6.00 0.44543762283127047 6.1183432667266467E-002
0.50 3.20 6.40
0.50 3.20 6.80 0.44699680822956378 6.1304168613361389E-002
0.50 3.20 7.20 0.43323120658386188 6.1436685126157978E-002
0.50 3.20 7.60 0.44260759257825777 6.1751721672854712E-002
0.50 3.20 8.00 0.43838917100943775 6.1641338057851221E-002
0.50 3.20 8.40 0.44531327684961902 6.1961424959970125E-002
0.50 3.20 8.80 0.43512893403412833 6.2136954272539943E-002
0.50 3.20 9.20 0.43843014023429927 6.2186479984672194E-002
0.50 3.20 9.60 0.43161917295591801 6.2504737335609212E-002
0.50 3.20 10.00 0.43786229894184919 6.1769846101480147E-002
0.50 3.20 10.40 0.43573339742367889 6.2327621679687528E-002
0.50 3.20 10.80 0.43324195996387427 6.2680645456608550E-002
0.50 3.20 11.20 0.43035314915879025 6.2017458144619425E-002
0.50 3.20 11.60 0.42795122147665132 6.2369102972789622E-002
0.50 3.20 12.00 0.43123420819901293 6.2870597812555676E-002

0.50 3.40 0.00 0.25834087977479747 5.2370766755034624E-002
0.50 3.40 0.40 0.32629755097476359 5.1954168483471938E-002
0.50 3.40 0.80 0.34993009995003327 5.1690050634599777E-002
0.50 3.40 1.20 0.36176806576309950 5.3877561274483766E-002
0.50 3.40 1.60 0.38036265371861666 5.6416639466250744E-002
0.50 3.40 2.00 0.39321630127927604 5.6919140539648416E-002
0.50 3.40 2.40 0.40366513723093667 5.9005123507572046E-002
0.50 3.40 2.80 0.41203782316086279 6.0126721292439622E-002
0.50 3.40 3.20 0.42944976452726963 6.0582937309109623E-002
0.50 3.40 3.60 0.42971621287572637 6.0594663663500893E-002
0.50 3.40 4.00 0.43343902526064781 6.1042856827529648E-002
0.50 3.40 4.40 0.43825402038513001 6.1916030195869345E-002
0.50 3.40 4.80 0.43920491314951737 6.1425297157221989E-002
0.50 3.40 5.20 0.43466338314584069 6.1503705299737262E-002
0.50 3.40 5.60 0.43333112347225694 6.1294671700753207E-002
0.50 3.40 6.00 0.44176880334458241 6.2019921511720942E-002
0.50 3.40 6.40 0.43138251230473468 6.1862625932320822E-002
0.50 3.40 6.80 0.42980439676341142 6.1704484895464110E-002
0.50 3.40 7.20 0.43194769082023932 6.2194785877479515E-002
0.50 3.40 7.60 0.42665223328642454 6.1413535645428625E-002
0.50 3.40 8.00 0.42570474817244408 6.2362228552453117E-002
0.50 3.40 8.40 0.42366848842530447 6.1817627103673931E-002
0.50 3.40 8.80 0.42542586163482154 6.2189041723638018E-002
0.50 3.40 9.20 0.42917379894114449 6.2303282389832265E-002
0.50 3.40 9.60 0.42239669910781785 6.2365269743075935E-002
0.50 3.40 10.00 0.42711823663421711 6.1948139922896502E-002
0.50 3.40 10.40 0.42437031653030594 6.2358991663632943E-002
0.50 3.40 10.80 0.42118595079435545 6.1934290945802203E-002
0.50 3.40 11.20 0.42706001020571016 6.2588661534867376E-002
0.50 3.40 11.60 0.41721935145980860 6.2443138321254685E-002
0.50 3.40 12.00 0.42112263015856677 6.2242035764874984E-002

0.50 3.60 0.00 0.26948174537686914 5.8664820726091575E-002
0.50 3.60 0.40 0.33243832216336311 5.7499027939050040E-002
0.50 3.60 0.80 0.36502727515821454 5.7232994010293102E-002
0.50 3.60 1.20 0.37443472606286993 5.8404491487853025E-002
0.50 3.60 1.60 0.39242440051321120 6.1130473138120686E-002
0.50 3.60 2.00 0.40856893622888285 6.2335635053116088E-002
0.50 3.60 2.40 0.41052982240997105 6.1733840593195442E-002
0.50 3.60 2.80 0.41298631259574387 6.2003198745935052E-002
0.50 3.60 3.20 0.42485531111704311 6.2000680395820656E-002
0.50 3.60 3.60 0.42332332958602226 6.1804349450454786E-002
0.50 3.60 4.00 0.42622586598817469 6.1238703383206368E-002
0.50 3.60 4.40 0.43288975847559963 6.2288297114901497E-002
0.50 3.60 4.80 0.42845141786205021 6.1686859456636205E-002
0.50 3.60 5.20 0.42524513519040930 6.2176086283625760E-002
0.50 3.60 5.60 0.43396654500469933 6.2073968412404444E-002
0.50 3.60 6.00 0.42654701460085198 6.1901399153005458E-002
0.50 3.60 6.40 0.43263053401430512 6.3015836522316779E-002
0.50 3.60 6.80 0.43045737756016189 6.2436507898959936E-002
0.50 3.60 7.20 0.42654204792554273 6.2120646896767794E-002
0.50 3.60 7.60 0.42715794224618120 6.2045465234621788E-002
0.50 3.60 8.00 0.42039498365337974 6.2457135228675464E-002
0.50 3.60 8.40 0.42563038338534886 6.2922534229143026E-002
0.50 3.60 8.80 0.42537898852423695 6.2080045011792720E-002
0.50 3.60 9.20 0.42710116255758945 6.2854709467523556E-002
0.50 3.60 9.60 0.42749835499363070 6.2997663936247991E-002
0.50 3.60 10.00 0.42286774423656859 6.2224489853295539E-002
0.50 3.60 10.40 0.42797143604483567 6.3226124783222509E-002
0.50 3.60 10.80 0.42496465559405977 6.3044891421523946E-002
0.50 3.60 11.20 0.41752945223090493 6.2707713747833405E-002
0.50 3.60 11.60 0.41984771624681916 6.3187401744321303E-002
0.50 3.60 12.00 0.42202544453913388 6.3554304631070105E-002

0.50 3.80 0.00 0.28380264077412726 6.7666349970588416E-002
0.50 3.80 0.40 0.34646125027225982 6.3180747571566262E-002
0.50 3.80 0.80 0.37673495868086843 6.0545073658382936E-002
0.50 3.80 1.20 0.38015942365271055 6.2096185619737031E-002
0.50 3.80 1.60 0.40148049868736457 6.2656895864897200E-002
0.50 3.80 2.00 0.40239091096689494 6.2946079462515153E-002
0.50 3.80 2.40 0.41092437718648006 6.2565886421980313E-002
0.50 3.80 2.80 0.41280204615066385 6.1398493300589753E-002
0.50 3.80 3.20 0.41565083119663659 6.1577169192803899E-002
0.50 3.80 3.60 0.40814077084304429 6.0786695787841433E-002
0.50 3.80 4.00 0.41480645125859078 6.1346861310463685E-002
0.50 3.80 4.40 0.41387526544729392 6.0853108592765479E-002
0.50 3.80 4.80 0.42081096206120855 6.1109044889954646E-002
0.50 3.80 5.20 0.41779133505871835 6.1030407127858108E-002
0.50 3.80 5.60 0.41281601671987928 6.0896588842775663E-002
0.50 3.80 6.00 0.41337658186430903 6.1533402535217711E-002
0.50 3.80 6.40 0.41731330609871470 6.1323299000432950E-002
0.50 3.80 6.80 0.41754080316054443 6.1448220141483982E-002
0.50 3.80 7.20 0.42585276395839211 6.1614396788457516E-002
0.50 3.80 7.60 0.42016559434656842 6.1738765912110125E-002
0.50 3.80 8.00 0.41588491368185954 6.1962006322425635E-002
0.50 3.80 8.40 0.41685614343496286 6.1829293623367705E-002
0.50 3.80 8.80 0.42026379487844306 6.1859450076884523E-002
0.50 3.80 9.20 0.41363055347230926 6.1807809583714256E-002
0.50 3.80 9.60 0.41711130672398911 6.2324139354957682E-002
0.50 3.80 10.00 0.41807275770680041 6.2028406431874093E-002
0.50 3.80 10.40 0.41899640955775175 6.2093414954554824E-002
0.50 3.80 10.80 0.41153715662894752 6.1846893112174589E-002
0.50 3.80 11.20 0.41980364825732258 6.2737006220205019E-002
0.50 3.80 11.60 0.41216418730206905 6.1942741922663989E-002
0.50 3.80 12.00 0.41203680533320985 6.2383102071840897E-002

0.50 4.00 0.00 0.27835442042163611 6.6251970124889009E-002
0.50 4.00 0.40 0.33720773908926105 6.3038035602256112E-002
0.50 4.00 0.80 0.37775921308969418 5.9727297452425374E-002
0.50 4.00 1.20 0.39029546625773137 6.0582478715959127E-002
0.50 4.00 1.60 0.39143981152190660 6.0587224069979087E-002
0.50 4.00 2.00 0.38947476492069111 6.1135150265821531E-002
0.50 4.00 2.40 0.39107433405594894 6.0341044396833229E-002
0.50 4.00 2.80 0.39266784717174180 5.9616145749027037E-002
0.50 4.00 3.20 0.39133056173049796 5.9314689957615213E-002
0.50 4.00 3.60 0.39779312501131542 5.9376241030457577E-002
0.50 4.00 4.00 0.39913216943195323 5.9448393742132219E-002
0.50 4.00 4.40 0.39771499468532251 5.9534966762241362E-002
0.50 4.00 4.80 0.40023265463837959 5.9499803727153647E-002
0.50 4.00 5.20 0.40439475817536802 6.0014371238350309E-002
0.50 4.00 5.60 0.41061929359293031 6.0151351369519455E-002
0.50 4.00 6.00 0.40792225881042610 5.9837866376074092E-002
0.50 4.00 6.40 0.41465480739015276 6.0417437207925619E-002
0.50 4.00 6.80 0.41293201100152349 5.9947672326217963E-002
0.50 4.00 7.20 0.41578917989311009 6.1031517233568928E-002
0.50 4.00 7.60 0.41423774336309716 6.0547548209508653E-002
0.50 4.00 8.00 0.41194355463740162 6.0749233091279504E-002
0.50 4.00 8.40 0.41383716782786523 6.0881078773428951E-002
0.50 4.00 8.80 0.41313185795440804 6.0758412395707839E-002
0.50 4.00 9.20 0.42125349817325014 6.1147386229469539E-002
0.50 4.00 9.60 0.41151739165669265 6.1235902324196873E-002
0.50 4.00 10.00 0.41549346439036078 6.1889511494587567E-002
0.50 4.00 10.40 0.41598695195976043 6.1567814324416673E-002
0.50 4.00 10.80 0.40923067082132086 6.2345790452971291E-002
0.50 4.00 11.20 0.40828059227826774 6.1681314095781169E-002
0.50 4.00 11.60 0.41548580034697602 6.0994816298644644E-002
0.50 4.00 12.00 0.40897407028167326 6.1461509703733333E-002

0.50 4.20 0.00 0.26344777427925964 6.1864351541281011E-002
0.50 4.20 0.40 0.32207821700010453 5.6279049793871654E-002
0.50 4.20 0.80 0.35843610853444147 5.3029097659845890E-002
0.50 4.20 1.20 0.37118468719365555 5.4921969853829036E-002
0.50 4.20 1.60 0.36367192928431624 5.5033693798393790E-002
0.50 4.20 2.00 0.35955611125713494 5.5870156287375738E-002
0.50 4.20 2.40 0.36107310458341790 5.6212418255496097E-002
0.50 4.20 2.80 0.36709916722375424 5.6066480762238559E-002
0.50 4.20 3.20 0.37223789067686314 5.6985152198938321E-002
0.50 4.20 3.60 0.38377595930089725 5.7349336401651081E-002
0.50 4.20 4.00 0.38047660121780313 5.7435471437025779E-002
0.50 4.20 4.40 0.38800743894370782 5.7940467217373337E-002
0.50 4.20 4.80 0.39218704216459366 5.8348192001910236E-002
0.50 4.20 5.20 0.40472764768082053 5.9121133106844435E-002
0.50 4.20 5.60 0.39740046507150434 5.8571752432434322E-002
0.50 4.20 6.00 0.39382820393563944 5.8850678511530710E-002
0.50 4.20 6.40 0.40526816928016629 5.9611605017126874E-002
0.50 4.20 6.80 0.40695395069224327 6.0180693587919158E-002
0.50 4.20 7.20 0.41110198760520983 6.0193698768483073E-002
0.50 4.20 7.60 0.40862597038624332 6.0427666644734278E-002
0.50 4.20 8.00 0.41794953675074914 6.0859554507636748E-002
0.50 4.20 8.40 0.41164845545413087 6.1472360430904774E-002
0.50 4.20 8.80 0.41875961224184177 6.1407207123566350E-002
0.50 4.20 9.20 0.41449373771924619 6.1444420753957257E-002
0.50 4.20 9.60 0.41697798061089164 6.1312376927824021E-002
0.50 4.20 10.00 0.41686394800698529 6.1009501994173772E-002
0.50 4.20 10.40 0.41530256670940224 6.1929345310695424E-002
0.50 4.20 10.80 0.41043933552711021 6.1999945317577854E-002
0.50 4.20 11.20 0.41458150655273229 6.1624781555603463E-002
0.50 4.20 11.60 0.41146878824442618 6.1407704058609312E-002
0.50 4.20 12.00 0.41120306002408891 6.1741376400676166E-002

0.50 4.40 0.00 0.23940860539534020 5.3509162440947923E-002
0.50 4.40 0.40 0.30218160629358609 4.9101547660011589E-002
0.50 4.40 0.80 0.34216213496310904 4.8846280469995444E-002
0.50 4.40 1.20 0.34591383435155038 5.0467945957718474E-002
0.50 4.40 1.60 0.35237173520554704 5.2256051814154360E-002
0.50 4.40 2.00 0.34557576533745382 5.3292491351193592E-002
0.50 4.40 2.40 0.34685992421537237 5.4052054119551558E-002
0.50 4.40 2.80 0.34087730622789314 5.4949472788782081E-002
0.50 4.40 3.20 0.34791002217999051 5.4980564151710758E-002
0.50 4.40 3.60 0.36199360659320523 5.6309903981026810E-002
0.50 4.40 4.00 0.36983105544630346 5.6866416415163615E-002
0.50 4.40 4.40 0.37770623058852315 5.7199340830784096E-002
0.50 4.40 4.80 0.38458440159256430 5.7604689500373590E-002
0.50 4.40 5.20 0.39310598155642168 5.8341365037371244E-002
0.50 4.40 5.60 0.39287003033990264 5.8582408112935080E-002
0.50 4.40 6.00 0.40092012249031095 5.8990856535064640E-002
0.50 4.40 6.40 0.39396425195562651 5.9226430421546884E-002
0.50 4.40 6.80 0.40065189285354191 5.9686105621619592E-002
0.50 4.40 7.20 0.40142506942465933 6.0135775661047837E-002
0.50 4.40 7.60 0.40761263587791791 6.0147252301356355E-002
0.50 4.40 8.00 0.40108372254745578 5.9899651833891940E-002
0.50 4.40 8.40 0.40484568385543251 5.9674750411962206E-002
0.50 4.40 8.80 0.41048565086933531 6.0340457576752674E-002
0.50 4.40 9.20 0.41447957414729064 6.1190645184235129E-002
0.50 4.40 9.60 0.40800162011543240 6.1803022438199434E-002
0.50 4.40 10.00 0.40748098348769374 6.0443649023898351E-002
0.50 4.40 10.40 0.41079140502714601 6.1290857892737569E-002
0.50 4.40 10.80 Binary file (standard input) matches
0.50 4.40 11.20 0.40948321132908239 6.1656262888637549E-002
0.50 4.40 11.60 0.41281405213074207 6.1853032481215833E-002
0.50 4.40 12.00 0.40780025944314041 6.1853957783438669E-002

0.50 4.60 0.00 0.21680503289184094 4.7835022799329878E-002
0.50 4.60 0.40 0.28668219583644816 4.7535758757479445E-002
0.50 4.60 0.80 0.33122934597183362 4.8782248797525581E-002
0.50 4.60 1.20 0.32201679740112599 4.8648265046413612E-002
0.50 4.60 1.60 0.32569871392084021 5.1657316520093116E-002
0.50 4.60 2.00 0.33032337266656586 5.3110601595197385E-002
0.50 4.60 2.40 0.32524722685078189 5.4004850803245866E-002
0.50 4.60 2.80 0.33717584074023604 5.4910964678466657E-002
0.50 4.60 3.20 0.34705876432688959 5.6437705000326875E-002
0.50 4.60 3.60 0.35150210613952987 5.6033591638283163E-002
0.50 4.60 4.00 0.36527652519388887 5.6682229906420675E-002
0.50 4.60 4.40 0.37210026318481160 5.8025856763106905E-002
0.50 4.60 4.80 0.37397732396285083 5.7789459267824479E-002
0.50 4.60 5.20 0.38048902000723311 5.8156421596707197E-002
0.50 4.60 5.60 0.38384111073106508 5.8509202547116133E-002
0.50 4.60 6.00 0.39137544567846699 5.9152613215218482E-002
0.50 4.60 6.40 0.40074218117489047 5.9996278511456204E-002
0.50 4.60 6.80 0.39915919459873928 5.9355367218384136E-002
0.50 4.60 7.20 0.39946715332212523 6.0141459316198916E-002
0.50 4.60 7.60 0.40354810957308429 5.9807629061147734E-002
0.50 4.60 8.00 0.40329773745876718 6.0081657472022730E-002
0.50 4.60 8.40 0.40767249691564117 6.0899995846411654E-002
0.50 4.60 8.80 0.40844258031767422 6.1108692954345276E-002
0.50 4.60 9.20 0.41283992327010710 6.0811935896255956E-002
0.50 4.60 9.60 0.41243475084355580 6.1197300812238377E-002
0.50 4.60 10.00 0.40526580577179905 6.1190019235572775E-002
0.50 4.60 10.40 0.40802227622909848 6.1395821600089828E-002
0.50 4.60 10.80 0.41213274411055084 6.1230095420282987E-002
0.50 4.60 11.20 0.40980877100979152 6.1691239522695888E-002
0.50 4.60 11.60 0.40764770270449607 6.2033728059202355E-002
0.50 4.60 12.00 0.41094040985860197 6.1934808717538613E-002

0.50 4.80 0.00 0.19558414476766764 4.4816216452607104E-002
0.50 4.80 0.40 0.28651635968659794 4.9459105377231811E-002
0.50 4.80 0.80 0.30970420353091266 5.0955052803547903E-002
0.50 4.80 1.20 0.31318617551744227 5.1709283549158755E-002
0.50 4.80 1.60 0.31133531389800834 5.2693561619428696E-002
0.50 4.80 2.00 0.30754680629565628 5.2795626300835993E-002
0.50 4.80 2.40 0.32095740277878193 5.4539354865978024E-002
0.50 4.80 2.80 0.33311326931704011 5.5190344879456441E-002
0.50 4.80 3.20 0.34904526302514138 5.6092399763991288E-002
0.50 4.80 3.60 0.35570790783498407 5.7373437612944278E-002
0.50 4.80 4.00 0.35931159567648507 5.6481706279830381E-002
0.50 4.80 4.40 0.36405986912820593 5.6738525469871209E-002
0.50 4.80 4.80 0.37894137936071493 5.7874397717101123E-002
0.50 4.80 5.20 0.38093994453609265 5.8190521985848655E-002
0.50 4.80 5.60 0.38640397947132210 5.8465455957371112E-002
0.50 4.80 6.00 0.38562193146447371 5.8687102123800482E-002
0.50 4.80 6.40 0.39552334689187363 5.8652204792137189E-002
0.50 4.80 6.80 0.39525287498713435 5.9089299813454219E-002
0.50 4.80 7.20 0.39749969764703519 5.9564915615234242E-002
0.50 4.80 7.60 0.40358714636834730 6.0310426924091054E-002
0.50 4.80 8.00 0.40563845783870434 5.9818329137589492E-002
0.50 4.80 8.40 0.41174005527648144 6.0734388868270886E-002
0.50 4.80 8.80 0.41500896765347745 6.0562040456316815E-002
0.50 4.80 9.20 0.41607802318231596 6.0612461736049318E-002
0.50 4.80 9.60 0.41663201682013484 6.1209689311354343E-002
0.50 4.80 10.00 0.41021905790958735 6.1438519613514507E-002
0.50 4.80 10.40 0.40957793053054348 6.0946056859283268E-002
0.50 4.80 10.80 0.40939992372000711 6.0990803150926309E-002
0.50 4.80 11.20 0.41344109289306008 6.1199166590016583E-002
0.50 4.80 11.60 0.41772366638739722 6.2161048671025565E-002
0.50 4.80 12.00 0.41272945520971971 6.1101459850322636E-002

0.50 5.00 0.00 0.18068150398278329 4.3333605279320515E-002
0.50 5.00 0.40 0.27331733530120156 5.0614599707069975E-002
0.50 5.00 0.80 0.29413373975606416 4.8721064874778952E-002
0.50 5.00 1.20 0.31605323561290988 5.2927250226327882E-002
0.50 5.00 1.60 0.31931039458966104 5.4205836569270964E-002
0.50 5.00 2.00 0.33562511344733681 5.6324949557625133E-002
0.50 5.00 2.40 0.33782799020841037 5.6793220648050487E-002
0.50 5.00 2.80 0.34626790110924616 5.6345101977126388E-002
0.50 5.00 3.20 0.35758387852963863 5.7197713771576328E-002
0.50 5.00 3.60 0.36207938593409833 5.7807430802598821E-002
0.50 5.00 4.00 0.36980942663240474 5.8091856692949001E-002
0.50 5.00 4.40 0.37330501757292267 5.8025336202533473E-002
0.50 5.00 4.80 0.38229614518258276 5.8462753784006928E-002
0.50 5.00 5.20 0.38622452459515999 5.8591611840191619E-002
0.50 5.00 5.60 0.38856677571516102 5.8663186367343537E-002
0.50 5.00 6.00 0.39685805864837687 5.8989597654229127E-002
0.50 5.00 6.40 0.40083115023258092 6.0363268841069670E-002
0.50 5.00 6.80 0.40121272605044511 5.9747569535162241E-002
0.50 5.00 7.20 0.40884542120679440 6.0259123736860071E-002
0.50 5.00 7.60 0.40231106136025740 6.0606555590000992E-002
0.50 5.00 8.00 0.41347127134341288 6.0930698613848935E-002
0.50 5.00 8.40 0.41091842564788977 6.0981356476628633E-002
0.50 5.00 8.80 0.41545467397559444 6.0986637336524575E-002
0.50 5.00 9.20 0.41656888145106175 6.1375214244192539E-002
0.50 5.00 9.60 0.41905494049759262 6.1775771599690707E-002
0.50 5.00 10.00 0.40998844886055591 6.1381318805925789E-002
0.50 5.00 10.40 0.41609558579158917 6.1948680281798466E-002
0.50 5.00 10.80 0.42553619104255702 6.1184510502790085E-002
0.50 5.00 11.20 0.41558710839667395 6.2004354593416640E-002
0.50 5.00 11.60 0.42274972187409532 6.1781875068994296E-002
0.50 5.00 12.00 0.41656864721500958 6.1819336494678932E-002

0.50 5.20 0.00 0.17529701270638040 4.3224841693825851E-002
0.50 5.20 0.40 0.26807876402594216 5.0843519842281554E-002
0.50 5.20 0.80 0.27156855628569615 4.7832966766605124E-002
0.50 5.20 1.20 0.28766396579818870 4.8071079150312460E-002
0.50 5.20 1.60 0.31802219512791208 5.1034571538593469E-002
0.50 5.20 2.00 0.32587886850832082 5.2573266794314392E-002
0.50 5.20 2.40 0.34175948366808850 5.4842443837544233E-002
0.50 5.20 2.80 0.34809037032547840 5.5189394761660675E-002
0.50 5.20 3.20 0.35544443350276633 5.5088452283959539E-002
0.50 5.20 3.60 0.36206165714151278 5.5875803390777495E-002
0.50 5.20 4.00 0.37250788680640473 5.7100871106968078E-002
0.50 5.20 4.40 0.37155275226552653 5.7213524270772267E-002
0.50 5.20 4.80 0.37932114328049049 5.7328137798912285E-002
0.50 5.20 5.20 0.38380088333788703 5.7689409504808227E-002
0.50 5.20 5.60 0.38867615930914051 5.8414712197616785E-002
0.50 5.20 6.00 0.39373966675525246 5.8940041442244198E-002
0.50 5.20 6.40 0.39894492628462730 5.9031682939508251E-002
0.50 5.20 6.80 0.40189532537861761 5.8979580991633224E-002
0.50 5.20 7.20 0.40617159853322438 5.9612026428140494E-002
0.50 5.20 7.60 0.40789588503107321 5.9500093238835976E-002
0.50 5.20 8.00 0.40552787073963864 6.0018145851848163E-002
0.50 5.20 8.40 0.41131726153259746 6.0123659404492290E-002
0.50 5.20 8.80 0.40596754655562906 5.9867190993827285E-002
0.50 5.20 9.20 0.41442017796526781 6.0281242780229109E-002
0.50 5.20 9.60 0.41299069878213324 6.1071646785988282E-002
0.50 5.20 10.00 0.41697743346521021 6.0930221591602211E-002
0.50 5.20 10.40 0.40733818965861646 6.0488320986949451E-002
0.50 5.20 10.80 0.40897775012327819 6.0246257644695461E-002
0.50 5.20 11.20 0.41109841138346220 6.0972225487331576E-002
0.50 5.20 11.60 0.40945019914160719 6.0519061776437386E-002
0.50 5.20 12.00 0.41763412406951927 6.0584166035781206E-002

0.50 5.40 0.00 0.19147949399959732 5.0482541803647300E-002
0.50 5.40 0.40 0.29959827644074721 5.4183103408582914E-002
0.50 5.40 0.80 0.31281811471420001 5.0523796372419376E-002
0.50 5.40 1.20 0.33523799702508994 5.1467416846249343E-002
0.50 5.40 1.60 0.34618941521679536 5.3647455283023213E-002
0.50 5.40 2.00 0.35897967624013105 5.5865899846660093E-002
0.50 5.40 2.40 0.36430360771642512 5.6817173028214117E-002
0.50 5.40 2.80 0.37093696140138910 5.7237780356685426E-002
0.50 5.40 3.20 0.37237488017309284 5.8025640174132094E-002
0.50 5.40 3.60 0.37899352435753203 5.8786657049141849E-002
0.50 5.40 4.00 0.38228593134127670 5.8475279222444498E-002
0.50 5.40 4.40 0.38364200550745398 5.8763235641157763E-002
0.50 5.40 4.80 0.38561848284782418 5.9500016818850428E-002
0.50 5.40 5.20 0.39148991783498494 5.9338664020912209E-002
0.50 5.40 5.60 0.39478288743816026 5.9660514374505536E-002
0.50 5.40 6.00 0.39707900774415894 5.9367079455724676E-002
0.50 5.40 6.40 0.39691822928546711 5.9717115552832170E-002
0.50 5.40 6.80 0.40422803339413305 6.0271080437294899E-002
0.50 5.40 7.20 0.40781069782800305 6.0831223088412358E-002
0.50 5.40 7.60 0.40715111262162190 6.0900349902309033E-002
0.50 5.40 8.00 0.40938298808062834 6.0770625504773641E-002
0.50 5.40 8.40 0.40567633159031047 6.1038642203998635E-002
0.50 5.40 8.80 0.41064828544544651 6.1477258861291087E-002
0.50 5.40 9.20 0.41216458593866062 6.1969684752125859E-002
0.50 5.40 9.60 0.40907759360211482 6.1196376061938146E-002
0.50 5.40 10.00 0.41095147698885626 6.2179828049161175E-002
0.50 5.40 10.40 0.41120791712656457 6.1587517166872649E-002
0.50 5.40 10.80 0.41300397329202909 6.1881825538156542E-002
0.50 5.40 11.20 0.40668042791989867 6.2024086366719827E-002
0.50 5.40 11.60 0.41451687969162798 6.1222618976696494E-002
0.50 5.40 12.00 0.40324877112928242 6.1787505848404145E-002

0.50 5.60 0.00 0.19307135219595747 5.3702328015359235E-002
0.50 5.60 0.40 0.31188133997683470 5.4054490580947086E-002
0.50 5.60 0.80 0.33450707144782449 5.2027754862356723E-002
0.50 5.60 1.20 0.34631796052542935 5.2772591158990120E-002
0.50 5.60 1.60 0.35465631923629398 5.4302447127711678E-002
0.50 5.60 2.00 0.36861551449787056 5.6296510331689427E-002
0.50 5.60 2.40 0.36777755042926435 5.7375998166923334E-002
0.50 5.60 2.80 0.37019410528394037 5.7951866519235805E-002
0.50 5.60 3.20 0.37465601538484189 5.8188329275329950E-002
0.50 5.60 3.60 0.38195296869085865 5.9221653905770229E-002
0.50 5.60 4.00 0.37813653558829563 5.8587717648163840E-002
0.50 5.60 4.40 0.38606555545748017 5.9551054227734414E-002
0.50 5.60 4.80 0.39318216730589134 6.0654902416648747E-002
0.50 5.60 5.20 0.39028645148127517 5.9802044226775222E-002
0.50 5.60 5.60 0.39448716667936468 6.0134707004747365E-002
0.50 5.60 6.00 0.39121201356569169 6.0062795839436842E-002
0.50 5.60 6.40 0.39480410991170262 6.0813420099987490E-002
0.50 5.60 6.80 0.40064732982004714 6.0997210094152168E-002
0.50 5.60 7.20 0.40335684226024837 6.1893665917504198E-002
0.50 5.60 7.60 0.41102138254817566 6.1742848483295809E-002
0.50 5.60 8.00 0.41299677192784634 6.2430545334742238E-002
0.50 5.60 8.40 0.40927936715713276 6.1615783634502069E-002
0.50 5.60 8.80 0.41039247940106593 6.1893681064472794E-002
0.50 5.60 9.20 0.40391049544994184 6.2133909749965077E-002
0.50 5.60 9.60 0.41236262006076796 6.2744121752332169E-002
0.50 5.60 10.00 0.40525782811758237 6.2039187303299652E-002
0.50 5.60 10.40 0.40872529241656758 6.1862214460647359E-002
0.50 5.60 10.80 0.40867776476344614 6.1981951235946367E-002
0.50 5.60 11.20 0.41168988982528915 6.2527506892141177E-002
0.50 5.60 11.60 0.40927077963419445 6.2855742901112038E-002
0.50 5.60 12.00 0.40513236394036073 6.2109894626145010E-002

0.50 5.80 0.00 0.17040320093771219 4.3983296693690534E-002
0.50 5.80 0.40 0.30152250037725808 5.0627190619543246E-002
0.50 5.80 0.80 0.35264652497831828 5.3368675980327601E-002
0.50 5.80 1.20 0.37760620968314679 5.4358720603144034E-002
0.50 5.80 1.60 0.38289128909829145 5.5984112936609792E-002
0.50 5.80 2.00 0.38523065241704085 5.7849545090381281E-002
0.50 5.80 2.40 0.39317460896293016 5.9320005162885846E-002
0.50 5.80 2.80 0.38443972129201076 5.8641841302381897E-002
0.50 5.80 3.20 0.38224709807725005 5.9496576409422817E-002
0.50 5.80 3.60 0.38579613483320496 6.0161043705808777E-002
0.50 5.80 4.00 0.38956649530150222 6.0898511180754560E-002
0.50 5.80 4.40 0.38820691212603031 6.0725404607530648E-002
0.50 5.80 4.80 0.39395370095287835 6.1531712060674794E-002
0.50 5.80 5.20 0.39024534494681518 6.0827393484715192E-002
0.50 5.80 5.60 0.39751250833454599 6.1397360606650089E-002
0.50 5.80 6.00 0.39468514275152561 6.1485196493796690E-002
0.50 5.80 6.40 0.39305754944657917 6.1530927259103509E-002
0.50 5.80 6.80 0.40045445044401751 6.1899095462077704E-002
0.50 5.80 7.20 0.40273256329192186 6.2068814877087479E-002
0.50 5.80 7.60 0.40202558637150670 6.1882232705997471E-002
0.50 5.80 8.00 0.40301199828164391 6.2125807801101794E-002
0.50 5.80 8.40 0.40027992361253251 6.1955418315133313E-002
0.50 5.80 8.80 0.40396847122785678 6.2053808922998298E-002
0.50 5.80 9.20 0.40624290906522392 6.1756474244531186E-002
0.50 5.80 9.60 0.40828312607798783 6.2530345412713156E-002
0.50 5.80 10.00 0.40477863789350527 6.1598776933212182E-002
0.50 5.80 10.40 0.40590368268810934 6.2424676365642376E-002
0.50 5.80 10.80 0.41137573805321609 6.2280918658173333E-002
0.50 5.80 11.20 0.40920559335884932 6.2575968733466852E-002
0.50 5.80 11.60 0.40567229443074487 6.2883922732826586E-002
0.50 5.80 12.00 0.40834652477481492 6.3128721661693574E-002

0.50 6.00 0.00 0.16067125237138666 4.1918309347979549E-002
0.50 6.00 0.40 0.32505694003817232 5.8643038287160651E-002
0.50 6.00 0.80 0.36557145675317471 5.6417602371472274E-002
0.50 6.00 1.20 0.39564841913073501 5.6700228713116280E-002
0.50 6.00 1.60 0.40830765401348790 5.7796033908655398E-002
0.50 6.00 2.00 0.40955480323250570 5.8963736738994466E-002
0.50 6.00 2.40 0.40159761393923032 5.9238206058754940E-002
0.50 6.00 2.80 0.40585705373988035 6.0855351022022136E-002
0.50 6.00 3.20 0.40020253728786653 6.1525405836941799E-002
0.50 6.00 3.60 0.39930976303044480 6.1381328156720441E-002
0.50 6.00 4.00 0.39632793171440306 6.1759071541493502E-002
0.50 6.00 4.40 0.39647321410647263 6.2047380378550170E-002
0.50 6.00 4.80 0.40418331115285538 6.2533526468578182E-002
0.50 6.00 5.20 0.40117814529647511 6.2795538058780923E-002
0.50 6.00 5.60 0.40574256342465265 6.2266647084011473E-002
0.50 6.00 6.00 0.40708420958168834 6.3555379868207584E-002
0.50 6.00 6.40 0.40244656292391767 6.3218291596142895E-002
0.50 6.00 6.80 0.40642276005612682 6.3605208961444087E-002
0.50 6.00 7.20 0.40695574248975880 6.3861870739567450E-002
0.50 6.00 7.60 0.41009601623741226 6.3743879217931190E-002
0.50 6.00 8.00 0.41233711181189359 6.3747113896988283E-002
0.50 6.00 8.40 0.41138467245769689 6.3736227218213884E-002
0.50 6.00 8.80 0.41219107611396444 6.3995236989075513E-002
0.50 6.00 9.20 0.41177008195088555 6.3853205595329587E-002
0.50 6.00 9.60 0.41407634758829837 6.3778204281606035E-002
0.50 6.00 10.00 0.41672916335216598 6.3578261317247739E-002
0.50 6.00 10.40 0.41502441550139269 6.3637878477638576E-002
0.50 6.00 10.80 0.40693120144361544 6.3674465861649196E-002
0.50 6.00 11.20 0.41059527496219728 6.3442809728344707E-002
0.50 6.00 11.60 0.40647944706813793 6.3984371692338990E-002
0.50 6.00 12.00 0.40898346471940467 6.4015887340344274E-002

