0.50 0.00 0.00 0.38897369623990280 8.0213899123598595E-002
0.50 0.00 0.40 0.50100070669149377 6.0710826625709653E-002
0.50 0.00 0.80 0.49816988713842508 6.0463961754936062E-002
0.50 0.00 1.20 0.48742783330399497 6.1200119293309464E-002
0.50 0.00 1.60 0.47449280011261663 6.1726974269139236E-002
0.50 0.00 2.00 0.46351803488374721 6.2443227219795727E-002
0.50 0.00 2.40 0.45546511140155249 6.2734526170110105E-002
0.50 0.00 2.80 0.45233340658166687 6.3352388650695382E-002
0.50 0.00 3.20 0.44126622414972144 6.2992787431572883E-002
0.50 0.00 3.60 0.44003556991933557 6.3384874565404994E-002
0.50 0.00 4.00 0.43539424992779435 6.3078802478246071E-002
0.50 0.00 4.40 0.43280238838494178 6.3187668063699617E-002
0.50 0.00 4.80 0.42286154613684318 6.3653482172629630E-002
0.50 0.00 5.20 0.42763085291371661 6.3830824125137020E-002
0.50 0.00 5.60 0.41917052284597223 6.3048626043394063E-002
0.50 0.00 6.00 0.42051457099764955 6.3759674340857109E-002
0.50 0.00 6.40 0.41940035100768691 6.3749055642361913E-002
0.50 0.00 6.80 0.41618682743795432 6.3107740833147880E-002
0.50 0.00 7.20 0.41503472591428947 6.3888660810850678E-002
0.50 0.00 7.60 0.41110012522254030 6.3084922414984632E-002
0.50 0.00 8.00 0.41360369196082053 6.3272630717121608E-002
0.50 0.00 8.40 0.41231653435468074 6.4167232062428234E-002
0.50 0.00 8.80 0.41453840464282676 6.3946614957749157E-002
0.50 0.00 9.20 0.40676139144903878 6.3441004086326011E-002
0.50 0.00 9.60 0.40782954064366156 6.4118357797378192E-002
0.50 0.00 10.00 0.40486269343154691 6.4138170871801681E-002
0.50 0.00 10.40 0.40252170319281222 6.3516968783182776E-002
0.50 0.00 10.80 0.40116394921733650 6.3686358107711630E-002
0.50 0.00 11.20 0.40974690095987631 6.4103868818520177E-002
0.50 0.00 11.60 0.40999908985451422 6.3948609593975386E-002
0.50 0.00 12.00 0.40629164231344228 6.4257421494209752E-002

0.50 0.20 0.00 0.28221412444210620 6.0730578570244449E-002
0.50 0.20 0.40 0.50086793764050885 6.0313021997931433E-002
0.50 0.20 0.80 0.51735930870973790 5.9698826546981394E-002
0.50 0.20 1.20 0.50831862770793923 6.0206238808502281E-002
0.50 0.20 1.60 0.50309191990324342 6.0700739642989658E-002
0.50 0.20 2.00 0.48996190102872522 6.0775231024442773E-002
0.50 0.20 2.40 0.48407934467890745 6.1645242273512493E-002
0.50 0.20 2.80 0.47636339490505114 6.1512427919924229E-002
0.50 0.20 3.20 0.46956365129218619 6.1625126962359021E-002
0.50 0.20 3.60 0.46182280573342771 6.2590852264835600E-002
0.50 0.20 4.00 0.46322642045861817 6.2572607737111957E-002
0.50 0.20 4.40 0.45473631893027172 6.2472918680417468E-002
0.50 0.20 4.80 0.44965844217075845 6.2634432427754058E-002
0.50 0.20 5.20 0.44447383448322542 6.3002126129575051E-002
0.50 0.20 5.60 0.44147368088304645 6.2481148493160638E-002
0.50 0.20 6.00 0.44010753854974788 6.3240179316744957E-002
0.50 0.20 6.40 0.43627938211984330 6.3524875608921005E-002
0.50 0.20 6.80 0.44259360469646092 6.3923435280382107E-002
0.50 0.20 7.20 0.44048811987657188 6.3267183015802003E-002
0.50 0.20 7.60 0.43611241342817947 6.3489784360711954E-002
0.50 0.20 8.00 0.43021371738518133 6.3296129203167462E-002
0.50 0.20 8.40 0.43550605700526568 6.3595634021839556E-002
0.50 0.20 8.80 0.43352811687746035 6.3961616253187942E-002
0.50 0.20 9.20 0.42736758907305861 6.3423954911988406E-002
0.50 0.20 9.60 0.42581677824467257 6.3574173292330644E-002
0.50 0.20 10.00 0.42196621427618375 6.3416939125014934E-002
0.50 0.20 10.40 0.42217504086193625 6.3684978129620137E-002
0.50 0.20 10.80 0.42392214555269564 6.3387610383444315E-002
0.50 0.20 11.20 0.42627521749388153 6.4202758613237515E-002
0.50 0.20 11.60 0.42335493352364539 6.4777122373847265E-002
0.50 0.20 12.00 0.42309664767260563 6.4378730674700055E-002

0.50 0.40 0.00 0.34857336938265704 6.5245649420258525E-002
0.50 0.40 0.40 0.50091274571713140 6.0681067042706698E-002
0.50 0.40 0.80 0.51275268496249382 6.0031355487342633E-002
0.50 0.40 1.20 0.50418629842567164 6.0207991083420551E-002
0.50 0.40 1.60 0.50209060186585430 6.0056240317360690E-002
0.50 0.40 2.00 0.50151595522928982 6.0264546525205145E-002
0.50 0.40 2.40 0.49141396818776339 6.0959408169390550E-002
0.50 0.40 2.80 0.48517708386580105 6.1585475895735625E-002
0.50 0.40 3.20 0.47428173097193127 6.1802632970260382E-002
0.50 0.40 3.60 0.47148994900368713 6.2119169847768441E-002
0.50 0.40 4.00 0.46763475640111463 6.2251374608354462E-002
0.50 0.40 4.40 0.46499726398955160 6.2088476830407503E-002
0.50 0.40 4.80 0.45481360763935436 6.2505060825413114E-002
0.50 0.40 5.20 0.45546713088841884 6.2951987151442623E-002
0.50 0.40 5.60 0.46016216991107262 6.2855791076705803E-002
0.50 0.40 6.00 0.44875343543404667 6.3503236073338687E-002
0.50 0.40 6.40 0.44553033280738658 6.3192539444626189E-002
0.50 0.40 6.80 0.44468513090880296 6.3242440828443380E-002
0.50 0.40 7.20 0.44634956620486410 6.3827921858299719E-002
0.50 0.40 7.60 0.43445444600328109 6.2758931880740498E-002
0.50 0.40 8.00 0.44200928568166303 6.3663682055598067E-002
0.50 0.40 8.40 0.43845057609580007 6.3089402175275200E-002
0.50 0.40 8.80 0.43950742648161062 6.3224797465897389E-002
0.50 0.40 9.20 0.43269796928515358 6.3194757632312359E-002
0.50 0.40 9.60 0.43335896692931808 6.3508464655885360E-002
0.50 0.40 10.00 0.43296209040207351 6.3478572751004325E-002
0.50 0.40 10.40 0.43428350439087798 6.3352492894771004E-002
0.50 0.40 10.80 0.42927332565842480 6.3744091002715081E-002
0.50 0.40 11.20 0.42902576153074978 6.3861144801530628E-002
0.50 0.40 11.60 0.43157487061330047 6.4314510745487136E-002
0.50 0.40 12.00 0.43124880026195089 6.4140435455266320E-002

0.50 0.60 0.00 0.49933858564714206 6.8562075985173165E-002
0.50 0.60 0.40 0.48900676400835585 6.0834750100501690E-002
0.50 0.60 0.80 0.50640612895273651 6.1032750433869958E-002
0.50 0.60 1.20 0.50750354133224507 5.9900315932663317E-002
0.50 0.60 1.60 0.50583541022243383 6.0555930460019392E-002
0.50 0.60 2.00 0.49210099559434023 6.1135480877310307E-002
0.50 0.60 2.40 0.49188120805678393 6.0830793466690285E-002
0.50 0.60 2.80 0.48077182367204613 6.1653498100014310E-002
0.50 0.60 3.20 0.47669567180992817 6.1487747086095002E-002
0.50 0.60 3.60 0.47250451406202465 6.1690417172604289E-002
0.50 0.60 4.00 0.46886508671786292 6.2386122547420229E-002
0.50 0.60 4.40 0.47134400291945361 6.2541497277430705E-002
0.50 0.60 4.80 0.45972758358960386 6.2536165310022443E-002
0.50 0.60 5.20 0.45946700943601781 6.2448815736576256E-002
0.50 0.60 5.60 0.45255006526961356 6.2747061080599548E-002
0.50 0.60 6.00 0.45542625154852334 6.3057528062777160E-002
0.50 0.60 6.40 0.44404417787943712 6.2817776554690216E-002
0.50 0.60 6.80 0.44868847220992236 6.3191622645389522E-002
0.50 0.60 7.20 0.44807847390345518 6.3499872296854443E-002
0.50 0.60 7.60 0.44326704843962988 6.2913171284694147E-002
0.50 0.60 8.00 0.44106112668247749 6.2879275224489203E-002
0.50 0.60 8.40 0.43928093950436120 6.3416250019474263E-002
0.50 0.60 8.80 0.43424464440279109 6.3447657348472158E-002
0.50 0.60 9.20 0.43993434404605852 6.2662199801865825E-002
0.50 0.60 9.60 0.43622494428372632 6.3936156546949854E-002
0.50 0.60 10.00 0.43423039613429693 6.3176648330761198E-002
0.50 0.60 10.40 0.42984224929097514 6.2821189748729855E-002
0.50 0.60 10.80 0.43210873146460865 6.3500490340180113E-002
0.50 0.60 11.20 0.43357843333672985 6.3693427816733428E-002
0.50 0.60 11.60 0.42692944509841579 6.3881289221792870E-002
0.50 0.60 12.00 0.42673152988561441 6.4013577659098680E-002

0.50 0.80 0.00 0.22397464017268734 4.9655225114893335E-002
0.50 0.80 0.40 0.49285527510609500 6.1143368864946805E-002
0.50 0.80 0.80 0.50432195984689165 6.0562206258731294E-002
0.50 0.80 1.20 0.50650259690456279 6.0339325259009619E-002
0.50 0.80 1.60 0.50417150830744761 6.0079727794452566E-002
0.50 0.80 2.00 0.49602202223647673 6.0734422057976398E-002
0.50 0.80 2.40 0.48984991396117311 6.2052312276580854E-002
0.50 0.80 2.80 0.48683368030455598 6.1270948299084187E-002
0.50 0.80 3.20 0.47944069504921566 6.1598082573632730E-002
0.50 0.80 3.60 0.47437171812645496 6.1647809969973877E-002
0.50 0.80 4.00 0.46834529109499901 6.1697906187220604E-002
0.50 0.80 4.40 0.46207594602286572 6.2067845411286029E-002
0.50 0.80 4.80 0.45724746430495528 6.2687870066827453E-002
0.50 0.80 5.20 0.45460242715667298 6.2801355823016880E-002
0.50 0.80 5.60 0.45340423455205492 6.2947351191048551E-002
0.50 0.80 6.00 0.45266076420065993 6.2409691280694096E-002
0.50 0.80 6.40 0.44211672077403669 6.3126924325685743E-002
0.50 0.80 6.80 0.44352170233788496 6.3403535988951723E-002
0.50 0.80 7.20 0.43655039999095163 6.2795310667109333E-002
0.50 0.80 7.60 0.43688393485144317 6.3683319029342642E-002
0.50 0.80 8.00 0.43747695256753599 6.3084604765034080E-002
0.50 0.80 8.40 0.43287003652001166 6.3557624663631546E-002
0.50 0.80 8.80 0.43174118328957495 6.3426538887286152E-002
0.50 0.80 9.20 0.43292708700427474 6.3677893093792681E-002
0.50 0.80 9.60 0.42954594598169793 6.4169680069589854E-002
0.50 0.80 10.00 0.42513222156477248 6.3905898613656725E-002
0.50 0.80 10.40 0.42766520118129681 6.3971162048512678E-002
0.50 0.80 10.80 0.42944450077780127 6.4063713475733017E-002
0.50 0.80 11.20 0.42166868147913494 6.2967044922954726E-002
0.50 0.80 11.60 0.42332172149684422 6.3987707768168825E-002
0.50 0.80 12.00 0.41706049000276718 6.3763747140217833E-002

0.50 1.00 0.00 0.26388258832076661 4.3084900621981080E-002
0.50 1.00 0.40 0.48520610320960189 6.1033545728640733E-002
0.50 1.00 0.80 0.49466081401528916 6.0068062076408850E-002
0.50 1.00 1.20 0.49632303519145271 6.0899796421117779E-002
0.50 1.00 1.60 0.50044870059901414 6.0898861701744259E-002
0.50 1.00 2.00 0.49190625348179912 6.1213505116887383E-002
0.50 1.00 2.40 0.47823229356547836 6.1018317916689289E-002
0.50 1.00 2.80 0.48237911057276939 6.1575081028793076E-002
0.50 1.00 3.20 0.47614397581016998 6.2340360604216952E-002
0.50 1.00 3.60 0.47308457850711799 6.1711748846517568E-002
0.50 1.00 4.00 0.46506213975468846 6.2313063821602011E-002
0.50 1.00 4.40 0.46141066860482621 6.2135420441624616E-002
0.50 1.00 4.80 0.46381133984897244 6.2514784695253720E-002
0.50 1.00 5.20 0.45945045948173507 6.3198721019518067E-002
0.50 1.00 5.60 0.44872603938847472 6.1994456424294506E-002
0.50 1.00 6.00 0.45375084459284176 6.3509515227072405E-002
0.50 1.00 6.40 0.45287877792848963 6.2893009736748870E-002
0.50 1.00 6.80 0.44684368014736514 6.3326264898745918E-002
0.50 1.00 7.20 0.44823274312029709 6.3426390538581262E-002
0.50 1.00 7.60 0.43974802935551011 6.3366367377880428E-002
0.50 1.00 8.00 0.43256850918470729 6.3000202364836416E-002
0.50 1.00 8.40 0.43638567729917155 6.3594453392864625E-002
0.50 1.00 8.80 Binary file (standard input) matches
0.50 1.00 9.20 0.43206145311913485 6.3497742766331841E-002
0.50 1.00 9.60 0.43576377507204017 6.3826632830288429E-002
0.50 1.00 10.00 0.42517570102387864 6.2635435889512980E-002
0.50 1.00 10.40 0.43482265633500272 6.3445751744581738E-002
0.50 1.00 10.80 0.43154694197466392 6.3622987287027519E-002
0.50 1.00 11.20 0.42503043402815360 6.3862643670825656E-002
0.50 1.00 11.60 0.42960680007006646 6.4361301396019102E-002
0.50 1.00 12.00 0.42967369791222315 6.3764675797361947E-002

0.50 1.20 0.00 0.24925575938498240 6.2074890680881588E-002
0.50 1.20 0.40 0.47464570629485425 6.1105537431779093E-002
0.50 1.20 0.80 0.49098800857422525 6.1075706934228625E-002
0.50 1.20 1.20 0.49210125699449597 6.1138200391183901E-002
0.50 1.20 1.60 0.49083387196053152 6.1087696263074080E-002
0.50 1.20 2.00 0.49250746317653027 6.1219402748485911E-002
0.50 1.20 2.40 0.48268196227902160 6.1729800299743898E-002
0.50 1.20 2.80 0.47759733352026601 6.1376910354721155E-002
0.50 1.20 3.20 0.47479126203245026 6.2056364735201881E-002
0.50 1.20 3.60 0.46818220479051148 6.1737376406737564E-002
0.50 1.20 4.00 0.46525478954005839 6.2244196948175519E-002
0.50 1.20 4.40 0.46394394659310489 6.1819863157334676E-002
0.50 1.20 4.80 0.45759868109807861 6.2297980077321041E-002
0.50 1.20 5.20 0.45425246994012608 6.2594862790330996E-002
0.50 1.20 5.60 0.45028873732598546 6.3232298906109471E-002
0.50 1.20 6.00 0.45161622322132733 6.3028755093687050E-002
0.50 1.20 6.40 0.44720689010180514 6.3377420714709490E-002
0.50 1.20 6.80 0.44056338769744502 6.2950602712492698E-002
0.50 1.20 7.20 0.44384378074234376 6.3087318229185924E-002
0.50 1.20 7.60 0.44557232346551234 6.3719426645606397E-002
0.50 1.20 8.00 0.43557916138752545 6.3158021698090275E-002
0.50 1.20 8.40 0.43784368310216665 6.4291822105719085E-002
0.50 1.20 8.80 0.43772430664137441 6.3686591149382007E-002
0.50 1.20 9.20 0.43453828100243808 6.3393230658162714E-002
0.50 1.20 9.60 0.43625150487426528 6.4245047707167213E-002
0.50 1.20 10.00 0.43604033800732811 6.3325607841975731E-002
0.50 1.20 10.40 0.42832936768620999 6.3869843095212459E-002
0.50 1.20 10.80 0.43159663931183534 6.4217575776066252E-002
0.50 1.20 11.20 0.43299397638857950 6.3490291635051460E-002
0.50 1.20 11.60 0.42845829958077342 6.3550986134907061E-002
0.50 1.20 12.00 0.42864052977084216 6.3829320111224344E-002

0.50 1.40 0.00 0.26811070640814111 5.1820703465758511E-002
0.50 1.40 0.40 0.47171396002416899 6.1830757314522061E-002
0.50 1.40 0.80 0.48384871469708141 6.1832926545517246E-002
0.50 1.40 1.20 0.48589506130094512 6.1015710037705784E-002
0.50 1.40 1.60 0.48512887145929817 6.1411432658654265E-002
0.50 1.40 2.00 0.48301810836209319 6.2096439488978653E-002
0.50 1.40 2.40 0.48122144455617405 6.1994581965095920E-002
0.50 1.40 2.80 0.47177705373939693 6.2166337906728854E-002
0.50 1.40 3.20 0.47288730569888210 6.2346550283646933E-002
0.50 1.40 3.60 0.46724344571074033 6.2976995699222493E-002
0.50 1.40 4.00 0.46295370169401401 6.2419612636861022E-002
0.50 1.40 4.40 0.46036554939332663 6.3177100558617430E-002
0.50 1.40 4.80 0.45844075223436526 6.2627197144341534E-002
0.50 1.40 5.20 0.45024172499465126 6.2654265213538854E-002
0.50 1.40 5.60 0.45385750480682774 6.2915293871890196E-002
0.50 1.40 6.00 0.45780494799394977 6.2530590899135222E-002
0.50 1.40 6.40 0.44545526354959930 6.2842442982372945E-002
0.50 1.40 6.80 0.44487466056173630 6.3429901887117640E-002
0.50 1.40 7.20 0.44792520629106847 6.2863622029042221E-002
0.50 1.40 7.60 0.44236591685458909 6.3659323879567339E-002
0.50 1.40 8.00 0.43727505523519039 6.3099895157420371E-002
0.50 1.40 8.40 0.44573452592294799 6.3768554131828595E-002
0.50 1.40 8.80 0.43912395304175689 6.3221932693029503E-002
0.50 1.40 9.20 0.43928191791338272 6.3662641208382942E-002
0.50 1.40 9.60 0.43603970689514826 6.3444701510550983E-002
0.50 1.40 10.00 0.43351987991661256 6.4118633889974741E-002
0.50 1.40 10.40 0.43197361191129263 6.3954637057575855E-002
0.50 1.40 10.80 0.43127897697253992 6.3854647485704921E-002
0.50 1.40 11.20 0.42873151848362123 6.3843361836125351E-002
0.50 1.40 11.60 0.42950042100149871 6.3964602465728340E-002
0.50 1.40 12.00 0.43188001987721181 6.3153264075364715E-002

0.50 1.60 0.00 0.46124288734072644 5.9465707316808190E-002
0.50 1.60 0.40 0.46592330218469630 6.2530876366902077E-002
0.50 1.60 0.80 0.47158597202721425 6.2172644684535122E-002
0.50 1.60 1.20 0.47817577097909458 6.1600959088179086E-002
0.50 1.60 1.60 0.47553672107422262 6.1073876373216110E-002
0.50 1.60 2.00 0.47213277638278139 6.2354444452411860E-002
0.50 1.60 2.40 0.47693045658111410 6.1029735015748224E-002
0.50 1.60 2.80 0.47315620656762408 6.1936890909265921E-002
0.50 1.60 3.20 0.46888691672899901 6.2448549085072559E-002
0.50 1.60 3.60 0.46472805624347735 6.2337877051666379E-002
0.50 1.60 4.00 0.46487124881767156 6.2287509561872255E-002
0.50 1.60 4.40 0.46059426432149431 6.2529612881756430E-002
0.50 1.60 4.80 0.45635778073002076 6.3103082616171008E-002
0.50 1.60 5.20 0.45105743801919473 6.2529729144319854E-002
0.50 1.60 5.60 0.44847416699833553 6.2893282342169177E-002
0.50 1.60 6.00 0.44501610288853949 6.2917764230781381E-002
0.50 1.60 6.40 0.44958218603605637 6.3357369196460178E-002
0.50 1.60 6.80 0.44727495819096835 6.2933051807789617E-002
0.50 1.60 7.20 0.44176097378068180 6.3395712573169144E-002
0.50 1.60 7.60 0.44050010908367021 6.2873909488315741E-002
0.50 1.60 8.00 0.44303781956960925 6.3270159424898401E-002
0.50 1.60 8.40 0.44266764069838399 6.3710682871336771E-002
0.50 1.60 8.80 0.43840232529988432 6.2878615540094787E-002
0.50 1.60 9.20 0.43308368632179023 6.3116409264286966E-002
0.50 1.60 9.60 0.43337195968767306 6.3534627723281528E-002
0.50 1.60 10.00 0.42754731626080400 6.3481169350091543E-002
0.50 1.60 10.40 0.43183826337478781 6.3477515276722726E-002
0.50 1.60 10.80 0.42948152184384381 6.3623456940851281E-002
0.50 1.60 11.20 0.43247839302595814 6.3699546814078675E-002
0.50 1.60 11.60 0.43029437021748640 6.4080695124762763E-002
0.50 1.60 12.00 0.42415292501053681 6.3907926339673987E-002

0.50 1.80 0.00 0.22158989206643445 4.8005324780231569E-002
0.50 1.80 0.40 0.46033137311534061 6.2475994711846346E-002
0.50 1.80 0.80 0.46657519734410402 6.2466851414728373E-002
0.50 1.80 1.20 0.46254722331392201 6.1987357839111787E-002
0.50 1.80 1.60 0.47408177647137417 6.1857358946989724E-002
0.50 1.80 2.00 0.47542705849374356 6.2644066494066314E-002
0.50 1.80 2.40 0.46982607031754658 6.2027418704958821E-002
0.50 1.80 2.80 0.46611833077518600 6.2838856485812208E-002
0.50 1.80 3.20 0.46238347788063194 6.2477520403653099E-002
0.50 1.80 3.60 0.46193792781251658 6.2561977641724151E-002
0.50 1.80 4.00 0.45827153984545788 6.2483099273526820E-002
0.50 1.80 4.40 0.46173696194818942 6.2854916276143188E-002
0.50 1.80 4.80 0.45403466315540253 6.2235699591834441E-002
0.50 1.80 5.20 0.45243120149388033 6.2726097973431233E-002
0.50 1.80 5.60 0.45459942102053008 6.2848855270409218E-002
0.50 1.80 6.00 0.44829220646516771 6.3186481259622826E-002
0.50 1.80 6.40 0.45057347161118766 6.3576413387842257E-002
0.50 1.80 6.80 0.44133507761739355 6.3210251716702776E-002
0.50 1.80 7.20 0.44644438118297874 6.2671155981392904E-002
0.50 1.80 7.60 0.43595831607623792 6.3716055633359484E-002
0.50 1.80 8.00 0.44070819173227938 6.3542843925834896E-002
0.50 1.80 8.40 0.43305286620688077 6.3554557841468712E-002
0.50 1.80 8.80 0.43750460803855534 6.3627126777157206E-002
0.50 1.80 9.20 0.43307039441171585 6.4120132162355084E-002
0.50 1.80 9.60 0.43266682113139360 6.4088183713802649E-002
0.50 1.80 10.00 0.43398879739336627 6.3253438565884806E-002
0.50 1.80 10.40 0.43252296863880624 6.4002784761114345E-002
0.50 1.80 10.80 0.43175689702859010 6.3774418698189783E-002
0.50 1.80 11.20 0.43331509338977758 6.3624639104968239E-002
0.50 1.80 11.60 0.42792350383026745 6.4619079072563784E-002
0.50 1.80 12.00 0.42729333718107865 6.3750043508976409E-002

0.50 2.00 0.00 0.22618425549113802 5.8028284297057982E-002
0.50 2.00 0.40 0.44886159338189541 6.2535781186045802E-002
0.50 2.00 0.80 0.45613628841889475 6.2451186044445953E-002
0.50 2.00 1.20 0.46252590466099130 6.2181298451714793E-002
0.50 2.00 1.60 0.46574102210873153 6.2275681021331915E-002
0.50 2.00 2.00 0.46855209669477010 6.1842030110922111E-002
0.50 2.00 2.40 0.46820125406688906 6.2170684264241598E-002
0.50 2.00 2.80 0.46345356787433739 6.2285681215483037E-002
0.50 2.00 3.20 0.46026590167008841 6.2069816998919433E-002
0.50 2.00 3.60 0.46105930556484076 6.3020141168083896E-002
0.50 2.00 4.00 0.45814065872052218 6.2945299371152202E-002
0.50 2.00 4.40 0.45560702173532858 6.2754180604166959E-002
0.50 2.00 4.80 0.44875602523823088 6.2610844375050545E-002
0.50 2.00 5.20 0.45481734360323811 6.3362703425923511E-002
0.50 2.00 5.60 0.45035251123518938 6.3137615575467224E-002
0.50 2.00 6.00 0.44572017892887583 6.3231549435995016E-002
0.50 2.00 6.40 0.45124339338326414 6.3339990662880818E-002
0.50 2.00 6.80 0.44524043797433743 6.3662913996584150E-002
0.50 2.00 7.20 0.43731642976054774 6.2894190069411507E-002
0.50 2.00 7.60 0.43668086459581745 6.3481365567353731E-002
0.50 2.00 8.00 0.43752935113078939 6.3438292304449126E-002
0.50 2.00 8.40 0.44399056123176017 6.3758550337525047E-002
0.50 2.00 8.80 0.43553447431611697 6.3270737441290234E-002
0.50 2.00 9.20 0.43550390134397921 6.3157081458737940E-002
0.50 2.00 9.60 0.43201870075657089 6.3658182376033198E-002
0.50 2.00 10.00 0.42300333862341744 6.3078865789644570E-002
0.50 2.00 10.40 0.43224849244111263 6.3759856892687830E-002
0.50 2.00 10.80 0.43199184578790817 6.4509238088846607E-002
0.50 2.00 11.20 0.42490131259078945 6.3121018389951003E-002
0.50 2.00 11.60 0.42948625238969562 6.4154049014865960E-002
0.50 2.00 12.00 0.42738675437396695 6.4652055320729568E-002

0.50 2.20 0.00 0.26081137483768435 5.8401931953780253E-002
0.50 2.20 0.40 0.44932176705946503 6.2328258331409619E-002
0.50 2.20 0.80 0.45244778486465204 6.2783061028327328E-002
0.50 2.20 1.20 0.46007314844851460 6.2559511811821289E-002
0.50 2.20 1.60 0.46368574018445124 6.2729633660488129E-002
0.50 2.20 2.00 0.46418246939023805 6.2515367041562159E-002
0.50 2.20 2.40 0.46140260548473461 6.3254320829807281E-002
0.50 2.20 2.80 0.45746260652177789 6.2456189069581843E-002
0.50 2.20 3.20 0.45982302736538394 6.2723452876938632E-002
0.50 2.20 3.60 0.45575019654613202 6.3146932938359684E-002
0.50 2.20 4.00 0.45177327256969868 6.2585891973565289E-002
0.50 2.20 4.40 0.45697559066016025 6.2603938613007254E-002
0.50 2.20 4.80 0.45127944667345660 6.3258637523931960E-002
0.50 2.20 5.20 0.44624753766172925 6.2995229142485495E-002
0.50 2.20 5.60 0.44466563107845924 6.3174960539721062E-002
0.50 2.20 6.00 0.44993401186415455 6.3221509052740099E-002
0.50 2.20 6.40 0.44345860300607914 6.3270833163503487E-002
0.50 2.20 6.80 0.44328833756036684 6.3370169736391105E-002
0.50 2.20 7.20 0.44439030260439810 6.3713616201970774E-002
0.50 2.20 7.60 0.43675265543501718 6.2968195346388547E-002
0.50 2.20 8.00 0.43577831530075428 6.3507528631374946E-002
0.50 2.20 8.40 0.43880152786452875 6.4149976407024245E-002
0.50 2.20 8.80 0.43956603410169920 6.3602759671764930E-002
0.50 2.20 9.20 0.43467246461031028 6.3659520200719077E-002
0.50 2.20 9.60 0.42816838053504214 6.4297122852056798E-002
0.50 2.20 10.00 0.43354753944439028 6.3775460888113339E-002
0.50 2.20 10.40 0.42935034913926823 6.3015121560561715E-002
0.50 2.20 10.80 0.43046993566091335 6.3953655411369714E-002
0.50 2.20 11.20 0.42851374155412814 6.4129722045132703E-002
0.50 2.20 11.60 0.42640058614181814 6.3818924831356275E-002
0.50 2.20 12.00 0.42661670871926488 6.4353707201426455E-002

0.50 2.40 0.00 0.37467342203112397 7.8920809980624576E-002
0.50 2.40 0.40 0.44536852728851961 6.2663855593053638E-002
0.50 2.40 0.80 0.44439436807730104 6.2854683500950789E-002
0.50 2.40 1.20 0.45954320036598578 6.3265030532246358E-002
0.50 2.40 1.60 0.45541085379752599 6.2544280337646252E-002
0.50 2.40 2.00 0.45742070264679729 6.2724235300375686E-002
0.50 2.40 2.40 0.45644082106273026 6.2505290376307379E-002
0.50 2.40 2.80 0.45732683619005543 6.2868519473420564E-002
0.50 2.40 3.20 0.45638884483897402 6.3125415709294100E-002
0.50 2.40 3.60 0.45136973932402380 6.2673109056603393E-002
0.50 2.40 4.00 0.45026384631538929 6.2540856896785096E-002
0.50 2.40 4.40 0.45508133074168977 6.2885884640736661E-002
0.50 2.40 4.80 0.44949779010554919 6.3076843328826460E-002
0.50 2.40 5.20 0.45188717810059187 6.3733686520405938E-002
0.50 2.40 5.60 0.44938998102744021 6.3265608767884951E-002
0.50 2.40 6.00 0.44394306256593252 6.3313898909782562E-002
0.50 2.40 6.40 0.44002896769325239 6.3351212943914922E-002
0.50 2.40 6.80 0.44297311474029072 6.2954180445791444E-002
0.50 2.40 7.20 0.44218858758133389 6.3383815621161355E-002
0.50 2.40 7.60 0.43404772671021574 6.3930214726067067E-002
0.50 2.40 8.00 0.43969380418895287 6.3797172700188032E-002
0.50 2.40 8.40 0.43324005971265861 6.3467468713418490E-002
0.50 2.40 8.80 0.43079557571701621 6.3867117711775584E-002
0.50 2.40 9.20 0.43118820155844995 6.3761452603631502E-002
0.50 2.40 9.60 0.42976888205799735 6.3295000146758623E-002
0.50 2.40 10.00 0.42760727759153305 6.3675654196632694E-002
0.50 2.40 10.40 0.42991849567977553 6.3812153000003410E-002
0.50 2.40 10.80 0.43284149730798643 6.3352019579668323E-002
0.50 2.40 11.20 0.43022031929637966 6.4120874785274062E-002
0.50 2.40 11.60 0.42687368025462458 6.3806985569889341E-002
0.50 2.40 12.00 0.42561873195142014 6.3994009719083658E-002

0.50 2.60 0.00 0.32704351871803694 7.0576735994286183E-002
0.50 2.60 0.40 0.44331121588186423 6.2673295679713123E-002
0.50 2.60 0.80 0.44262801050640022 6.2808881202628841E-002
0.50 2.60 1.20 0.44779714071962057 6.2862752295674743E-002
0.50 2.60 1.60 0.45422677379334353 6.3425032513986540E-002
0.50 2.60 2.00 0.45350338839751714 6.2393050004400437E-002
0.50 2.60 2.40 0.44883739486117713 6.3445853841761199E-002
0.50 2.60 2.80 0.45017206084571504 6.2943056463581740E-002
0.50 2.60 3.20 0.45797472842756692 6.2860934296774251E-002
0.50 2.60 3.60 0.45126052208412865 6.3085341156335420E-002
0.50 2.60 4.00 0.45065064723424636 6.3224772861921338E-002
0.50 2.60 4.40 0.44689851514663548 6.2788595219730500E-002
0.50 2.60 4.80 0.44958114477123950 6.2788374884786058E-002
0.50 2.60 5.20 0.44821298548282618 6.3761491218411695E-002
0.50 2.60 5.60 0.44478615182556042 6.3908349656698102E-002
0.50 2.60 6.00 0.44235984710037901 6.3300106108378912E-002
0.50 2.60 6.40 0.44630558032546624 6.3040304541503611E-002
0.50 2.60 6.80 0.44004729599160530 6.3597046652745431E-002
0.50 2.60 7.20 0.43746969471878783 6.3174217647193928E-002
0.50 2.60 7.60 0.43207114906347616 6.3284723516363037E-002
0.50 2.60 8.00 0.43898176797283101 6.3120331592600429E-002
0.50 2.60 8.40 0.43228431000968559 6.3631230308662662E-002
0.50 2.60 8.80 0.43927794815608906 6.3786426827732626E-002
0.50 2.60 9.20 0.43616508625516498 6.3303113194673841E-002
0.50 2.60 9.60 0.43924555114446573 6.4092501549994421E-002
0.50 2.60 10.00 0.42969720563402242 6.3559394529251856E-002
0.50 2.60 10.40 0.43440422931031125 6.3597687290200752E-002
0.50 2.60 10.80 0.42823392366933105 6.3680780083244543E-002
0.50 2.60 11.20 0.43037645235178557 6.4452084965996845E-002
0.50 2.60 11.60 0.43023611216204383 6.3794307496972305E-002
0.50 2.60 12.00 0.42658172009991746 6.4223185211252323E-002

0.50 2.80 0.00 0.33084333695726675 7.3073376918806207E-002
0.50 2.80 0.40 0.44493331244473489 6.3416693623995601E-002
0.50 2.80 0.80 0.44724687602393959 6.3209032507913432E-002
0.50 2.80 1.20 0.44628522376736612 6.3409199998792465E-002
0.50 2.80 1.60 0.44704346106430587 6.2722516811161741E-002
0.50 2.80 2.00 0.45485765138850065 6.3283108009213301E-002
0.50 2.80 2.40 0.44986391652408786 6.3108012372640229E-002
0.50 2.80 2.80 0.44851050808765480 6.3208100160056915E-002
0.50 2.80 3.20 0.44864255907150019 6.3541631655582992E-002
0.50 2.80 3.60 0.45116829161394695 6.2473466039238305E-002
0.50 2.80 4.00 0.44886156676686051 6.3296892590627457E-002
0.50 2.80 4.40 0.44645353804312249 6.3444870740356513E-002
0.50 2.80 4.80 0.44291852387227004 6.3424236247640708E-002
0.50 2.80 5.20 0.44880179393472097 6.3614737714240824E-002
0.50 2.80 5.60 0.44384928111152994 6.3546739845201747E-002
0.50 2.80 6.00 0.44350265760111124 6.3452278838344645E-002
0.50 2.80 6.40 0.44060296963286050 6.3455724829570501E-002
0.50 2.80 6.80 0.43684025074109362 6.3717322082376252E-002
0.50 2.80 7.20 0.43903702549272561 6.3263864511057671E-002
0.50 2.80 7.60 0.44119772388851308 6.3655290457615227E-002
0.50 2.80 8.00 0.43562924428747046 6.3825033134493184E-002
0.50 2.80 8.40 0.43320227117771892 6.3520346420403301E-002
0.50 2.80 8.80 0.43813845765833592 6.3501425843729128E-002
0.50 2.80 9.20 0.43242635492704962 6.3776639310780092E-002
0.50 2.80 9.60 0.42883487831247347 6.3852473289139261E-002
0.50 2.80 10.00 0.43513980594919144 6.4078740412504734E-002
0.50 2.80 10.40 0.43067350093092199 6.3541357613884270E-002
0.50 2.80 10.80 0.43122001433349733 6.3129971540668919E-002
0.50 2.80 11.20 0.42242065753219826 6.3858408128958336E-002
0.50 2.80 11.60 0.42754663739252841 6.4152016299117889E-002
0.50 2.80 12.00 0.42597568331399083 6.3885832710237608E-002

0.50 3.00 0.00 0.41000519904113808 8.4052128213616684E-002
0.50 3.00 0.40 0.43400425475859572 6.3472671484102697E-002
0.50 3.00 0.80 0.43878544561870553 6.2756647343031144E-002
0.50 3.00 1.20 0.43976825993749558 6.2548818084771432E-002
0.50 3.00 1.60 0.44966794967792573 6.3465502330062901E-002
0.50 3.00 2.00 0.44703336134289329 6.3277011640209338E-002
0.50 3.00 2.40 0.44881847525437396 6.2839553490400588E-002
0.50 3.00 2.80 0.44217297898445834 6.2324473956142809E-002
0.50 3.00 3.20 0.44357131830849034 6.3517083614807165E-002
0.50 3.00 3.60 0.44419550025788579 6.3343476316951544E-002
0.50 3.00 4.00 0.44873409456977786 6.3174721036921108E-002
0.50 3.00 4.40 0.44630519855389145 6.3208181653454112E-002
0.50 3.00 4.80 0.44097725794999298 6.3062391182556174E-002
0.50 3.00 5.20 0.44266018840540033 6.3497221825689371E-002
0.50 3.00 5.60 0.43868095321355466 6.3191766335452385E-002
0.50 3.00 6.00 0.44129929370018062 6.3794611238112281E-002
0.50 3.00 6.40 0.43985555367943607 6.4457372427951187E-002
0.50 3.00 6.80 0.44412246463023308 6.3677719820315712E-002
0.50 3.00 7.20 0.43598989539239341 6.3794163642124008E-002
0.50 3.00 7.60
0.50 3.00 8.00 0.43208001495455123 6.3724112279746878E-002
0.50 3.00 8.40 0.43667741570813218 6.3887800745449294E-002
0.50 3.00 8.80 0.43641545607903565 6.4140693322903328E-002
0.50 3.00 9.20 0.41315446281281815 1.7466654010389823E-002
0.50 3.00 9.60 0.43378422040832038 6.3719118699669439E-002
0.50 3.00 10.00 0.42813120631074264 6.3567515919266543E-002
0.50 3.00 10.40 0.42670047505699155 6.3663573858844719E-002
0.50 3.00 10.80 0.43333686705768748 6.4048869645548054E-002
0.50 3.00 11.20 0.42441123697511002 6.3483165849895495E-002
0.50 3.00 11.60 0.42049714681435324 6.3464537444119840E-002
0.50 3.00 12.00 0.42742888004987095 6.4247230413538067E-002

0.50 3.20 0.00 0.37903039915567405 7.2077395442567374E-002
0.50 3.20 0.40 0.43341310693844831 6.2569548581462131E-002
0.50 3.20 0.80 0.43186575512805508 6.2820953999357526E-002
0.50 3.20 1.20 0.43344757278366985 6.3586737989270684E-002
0.50 3.20 1.60 0.44387976354111258 6.2907157236852931E-002
0.50 3.20 2.00 0.44055479303187040 6.3481442580629738E-002
0.50 3.20 2.40 0.44427095779566772 6.2900721177047050E-002
0.50 3.20 2.80 0.44162116761778136 6.3549033352609099E-002
0.50 3.20 3.20 0.44270074361228928 6.2883181537951943E-002
0.50 3.20 3.60 0.44073925726913749 6.3839578240372646E-002
0.50 3.20 4.00 0.44482760191230764 6.2834386655021016E-002
0.50 3.20 4.40 0.44636088850360167 6.4168866377589742E-002
0.50 3.20 4.80 0.44149598927410294 6.3380322345958126E-002
0.50 3.20 5.20 0.44216661360051751 6.3220982105887655E-002
0.50 3.20 5.60 0.43737133519913945 6.2664527795725913E-002
0.50 3.20 6.00 0.43973431967956805 6.3407325281419000E-002
0.50 3.20 6.40 0.43248440479250594 6.3472683071696623E-002
0.50 3.20 6.80 0.43479560349662771 6.3278481405538128E-002
0.50 3.20 7.20 0.43618318022179559 6.3392443886917532E-002
0.50 3.20 7.60 0.43893095391087272 6.4324121798895809E-002
0.50 3.20 8.00 0.43537920097839738 6.3729748556959676E-002
0.50 3.20 8.40 0.43804109627754784 6.3524497461773119E-002
0.50 3.20 8.80 0.43210416542341878 6.3687500245316178E-002
0.50 3.20 9.20 0.43194481628230486 6.3944068733094106E-002
0.50 3.20 9.60 0.43178611491591390 6.3770873992238311E-002
0.50 3.20 10.00 0.43145848923354635 6.3252103771825413E-002
0.50 3.20 10.40 0.42834534182220824 6.3739038849537119E-002
0.50 3.20 10.80 0.42783483814921242 6.3659566266301468E-002
0.50 3.20 11.20 0.42652434470766593 6.4186247930671694E-002
0.50 3.20 11.60 0.42593413064660285 6.3398081770779990E-002
0.50 3.20 12.00 0.42594309032737376 6.4161032897800285E-002

0.50 3.40 0.00 0.24142037217946677 6.2164700757006426E-002
0.50 3.40 0.40 0.43552871630720896 6.3578836125105009E-002
0.50 3.40 0.80 0.43592515590211545 6.3362400198626309E-002
0.50 3.40 1.20 0.43674825702555797 6.2967839554047500E-002
0.50 3.40 1.60 0.43569258137807554 6.2939965239032794E-002
0.50 3.40 2.00 0.44478529585513193 6.3505638261450850E-002
0.50 3.40 2.40 0.43866897996049675 6.3163425281979366E-002
0.50 3.40 2.80 0.44363348387035373 6.2650269004507653E-002
0.50 3.40 3.20 0.44366400691394814 6.2979138360068895E-002
0.50 3.40 3.60 0.44223186108576684 6.3464637257787102E-002
0.50 3.40 4.00 0.43571046812877412 6.3628562328932256E-002
0.50 3.40 4.40 0.44248363088432346 6.3415683604549328E-002
0.50 3.40 4.80 0.44071319045509566 6.3041821552605334E-002
0.50 3.40 5.20 0.43772988999069523 6.3547745177858356E-002
0.50 3.40 5.60 0.44052489111618504 6.3338467316878824E-002
0.50 3.40 6.00 0.43918500512899472 6.3590342793682211E-002
0.50 3.40 6.40 0.43803717530612285 6.3986552373091643E-002
0.50 3.40 6.80 0.43367488903568435 6.3927421048923294E-002
0.50 3.40 7.20 0.43464653734460501 6.3698759759150764E-002
0.50 3.40 7.60 0.43596167788351192 6.4100651588912844E-002
0.50 3.40 8.00 0.42943121165002385 6.3398212085996039E-002
0.50 3.40 8.40 0.43423063391197320 6.3911056013133835E-002
0.50 3.40 8.80 0.43297123908336654 6.4013234126701013E-002
0.50 3.40 9.20 0.43850015544199872 6.3353531595938622E-002
0.50 3.40 9.60 0.43169887075367663 6.4048449211494746E-002
0.50 3.40 10.00 0.42465401448473522 6.3872366034112824E-002
0.50 3.40 10.40 0.43243887158567007 6.3777771186024568E-002
0.50 3.40 10.80 0.42525077083930729 6.3959484632218594E-002
0.50 3.40 11.20 0.43407800508842637 6.4374261999904703E-002
0.50 3.40 11.60 0.42549058419485852 6.3891967836435262E-002
0.50 3.40 12.00 0.42464210045586065 6.3801174090196852E-002

0.50 3.60 0.00 0.29322920776045452 5.4613742100056074E-002
0.50 3.60 0.40 0.43033051391194838 6.3498113784256849E-002
0.50 3.60 0.80 0.43332693941806288 6.2949886406808708E-002
0.50 3.60 1.20 0.43725629232213931 6.3644335997014356E-002
0.50 3.60 1.60 0.43727297047034480 6.3522102484820001E-002
0.50 3.60 2.00 0.44105164723107837 6.3541448338837056E-002
0.50 3.60 2.40 0.44254865121272030 6.3846512836439454E-002
0.50 3.60 2.80 0.43751798630657096 6.3495568515427231E-002
0.50 3.60 3.20 0.43093161370573885 6.3234116706272783E-002
0.50 3.60 3.60 0.44252692499798646 6.3491769522686425E-002
0.50 3.60 4.00 0.43521571637036799 6.3415951688086822E-002
0.50 3.60 4.40 0.44128312647441287 6.3696146194476430E-002
0.50 3.60 4.80 0.43641475523800499 6.3346440061152337E-002
0.50 3.60 5.20 0.43245589826542491 6.3447014071802157E-002
0.50 3.60 5.60 0.43610790498515478 6.3365223583481511E-002
0.50 3.60 6.00 0.43572151129805964 6.2724966437395169E-002
0.50 3.60 6.40 0.43298421912782459 6.3582999622195657E-002
0.50 3.60 6.80 0.44107296114805206 6.4147122925984040E-002
0.50 3.60 7.20 0.42968023157394264 6.2712855141804150E-002
0.50 3.60 7.60 0.43068066878885458 6.4115259413255979E-002
0.50 3.60 8.00 0.43252051822386789 6.3924558098978318E-002
0.50 3.60 8.40 0.43382340747053361 6.4365617002710596E-002
0.50 3.60 8.80 0.43140377806574087 6.4125636752844994E-002
0.50 3.60 9.20 0.43223173158921246 6.3401299689074125E-002
0.50 3.60 9.60 0.43129972628395558 6.3765987352906950E-002
0.50 3.60 10.00 0.43299811846559100 6.4403484816306089E-002
0.50 3.60 10.40 0.42870162909331244 6.4127575972090414E-002
0.50 3.60 10.80 0.43296303613853571 6.3982086000265698E-002
0.50 3.60 11.20 0.42848461070071153 6.4023786014814413E-002
0.50 3.60 11.60 0.42860918876768722 6.3834235919682444E-002
0.50 3.60 12.00 0.42537907285290111 6.4332469804193923E-002

0.50 3.80 0.00 0.23958517503027338 5.3987463279054050E-002
0.50 3.80 0.40 0.43335912416103695 6.2874055625318503E-002
0.50 3.80 0.80 0.43707838083952799 6.3745598032894354E-002
0.50 3.80 1.20 0.43669477183507005 6.3660532631964958E-002
0.50 3.80 1.60 0.43726028798110345 6.3538381939891864E-002
0.50 3.80 2.00 0.43699030380184556 6.3353477149410253E-002
0.50 3.80 2.40 0.43930254793456475 6.3494966474150316E-002
0.50 3.80 2.80 0.43731230025873352 6.2993445967123071E-002
0.50 3.80 3.20 0.44185957072960591 6.3855305138327573E-002
0.50 3.80 3.60 0.43757213124677730 6.3761236063883606E-002
0.50 3.80 4.00 0.43791902932005089 6.3127859520302601E-002
0.50 3.80 4.40 0.43828990965386116 6.3775105031860208E-002
0.50 3.80 4.80 0.43656839532302172 6.3575062142558994E-002
0.50 3.80 5.20 0.43639446277644306 6.3815951042754324E-002
0.50 3.80 5.60 0.43424664034326932 6.3382079495343691E-002
0.50 3.80 6.00 0.43713577382621310 6.3868842221916425E-002
0.50 3.80 6.40 0.43200243877076050 6.3954145098974374E-002
0.50 3.80 6.80 0.43189987695133319 6.3569656188973783E-002
0.50 3.80 7.20 0.43532395478799241 6.4091739413191157E-002
0.50 3.80 7.60 0.43281310102168391 6.3653225824343782E-002
0.50 3.80 8.00 0.42847679178549447 6.3956799435852724E-002
0.50 3.80 8.40 0.43516165005660834 6.3711346980356118E-002
0.50 3.80 8.80 0.43146736299038002 6.3887094219391996E-002
0.50 3.80 9.20 0.42747323950553034 6.4187930223727235E-002
0.50 3.80 9.60 0.42892578697799522 6.3739161865408886E-002
0.50 3.80 10.00 0.42788200057818848 6.3882835910668526E-002
0.50 3.80 10.40 0.42901373786607211 6.4003053235280868E-002
0.50 3.80 10.80 0.43075736985633367 6.4433368429812940E-002
0.50 3.80 11.20 0.42586160087229841 6.4729620770622720E-002
0.50 3.80 11.60 0.42571045561769194 6.4205313825502139E-002
0.50 3.80 12.00 0.42338895947846789 6.4211791629176521E-002

0.50 4.00 0.00 0.20557977641612699 6.1213260462648571E-002
0.50 4.00 0.40 0.42646523491001942 6.3428947168711586E-002
0.50 4.00 0.80 0.43309318546585551 6.3632105114236323E-002
0.50 4.00 1.20 0.43552579962346416 6.4211431993086376E-002
0.50 4.00 1.60 0.43106655113892040 6.3345727531018442E-002
0.50 4.00 2.00 0.43041810172386086 6.3492365700899583E-002
0.50 4.00 2.40 0.43327260512779481 6.3833842023660117E-002
0.50 4.00 2.80 0.43700968650966576 6.3627440116647616E-002
0.50 4.00 3.20 0.43379022138545620 6.3627325393871392E-002
0.50 4.00 3.60 0.44133900072843230 6.3607821452021637E-002
0.50 4.00 4.00 0.43158461709654794 6.3072728477481646E-002
0.50 4.00 4.40 0.43151361657363951 6.3848125608121156E-002
0.50 4.00 4.80 0.43871715171411629 6.3294883543030464E-002
0.50 4.00 5.20 0.42740761887656653 6.3037121452402742E-002
0.50 4.00 5.60 0.43474699765884395 6.3859127595204679E-002
0.50 4.00 6.00 0.43695503182300877 6.4429082597161111E-002
0.50 4.00 6.40 0.43227181365556888 6.4245825110498492E-002
0.50 4.00 6.80 0.43396110198358107 6.3871094197302691E-002
0.50 4.00 7.20
0.50 4.00 7.60 0.43604079517493777 6.4133472804507957E-002
0.50 4.00 8.00 0.43195247898965033 6.3812230635732339E-002
0.50 4.00 8.40 0.43096564777652313 6.3691849243325480E-002
0.50 4.00 8.80 0.43338605683390341 6.3761549383819657E-002
0.50 4.00 9.20 0.43145881332084179 6.3812144619151231E-002
0.50 4.00 9.60 0.42849581788299274 6.3463268238211218E-002
0.50 4.00 10.00 0.42992748547750104 6.3586429922647417E-002
0.50 4.00 10.40 0.42428649495801080 6.4331187518479049E-002
0.50 4.00 10.80 0.43033657701756828 6.3753919875957160E-002
0.50 4.00 11.20 0.42208870957082240 6.3587954702655033E-002
0.50 4.00 11.60 0.43219002929268469 6.4781912375892495E-002
0.50 4.00 12.00 0.42107340250276187 6.3826063959631432E-002

0.50 4.20 0.00 0.24623330132671412 8.0597644951572914E-002
0.50 4.20 0.40 0.42711882737553497 6.3287833935805754E-002
0.50 4.20 0.80 0.42920843310227264 6.3513410415690766E-002
0.50 4.20 1.20 0.42907789036053073 6.3079211288617473E-002
0.50 4.20 1.60 0.43093863062208637 6.3631882459458847E-002
0.50 4.20 2.00 0.43276681677971884 6.3024429103701943E-002
0.50 4.20 2.40 0.42838104326937432 6.3599049787183115E-002
0.50 4.20 2.80 0.42954773145802105 6.3758789178791450E-002
0.50 4.20 3.20 0.43296030065746738 6.4008094422209533E-002
0.50 4.20 3.60 0.43101281448145101 6.3407630877357277E-002
0.50 4.20 4.00 0.43081475906501521 6.3773426407248104E-002
0.50 4.20 4.40 0.43414713673850092 6.4044749961587433E-002
0.50 4.20 4.80 0.43657914075494186 6.3654248299337815E-002
0.50 4.20 5.20 0.43315434301126182 6.4588730246022713E-002
0.50 4.20 5.60 0.43452280118828235 6.3740704281203570E-002
0.50 4.20 6.00 0.43808278254522665 6.4047711778456209E-002
0.50 4.20 6.40 0.43338319323084862 6.3393516555503723E-002
0.50 4.20 6.80 0.43649278066559749 6.4377460192533889E-002
0.50 4.20 7.20 0.43350042957606083 6.3604726041140203E-002
0.50 4.20 7.60 0.43868468487330797 6.4466507354314168E-002
0.50 4.20 8.00 0.42935857786176801 6.3272285918724858E-002
0.50 4.20 8.40 0.42831113662389725 6.3895306960728801E-002
0.50 4.20 8.80 0.42765184518373783 6.3561624863662999E-002
0.50 4.20 9.20 0.43008443143511188 6.4248740379655306E-002
0.50 4.20 9.60 0.43527158316996334 6.3898033292957027E-002
0.50 4.20 10.00 0.42715905696657802 6.4199086486101092E-002
0.50 4.20 10.40 0.42801105874230477 6.3683308067206679E-002
0.50 4.20 10.80 0.42247162922820081 6.3993227988518406E-002
0.50 4.20 11.20 0.42593473866280290 6.3791944072595405E-002
0.50 4.20 11.60 0.42667357979778664 6.4064428058472428E-002
0.50 4.20 12.00 0.42119229578297129 6.4895145327123829E-002

0.50 4.40 0.00 0.29471964064358447 7.8479325068369771E-002
0.50 4.40 0.40 0.42815332248222282 6.3838236215299576E-002
0.50 4.40 0.80 0.42866112827097702 6.3002448260368535E-002
0.50 4.40 1.20 0.42830403350148194 6.3867770420554471E-002
0.50 4.40 1.60 0.43009059001109362 6.3920661592632919E-002
0.50 4.40 2.00 0.42821765245052507 6.3677455335273039E-002
0.50 4.40 2.40 0.42914351425982666 6.4187099822720042E-002
0.50 4.40 2.80 0.42623277272675403 6.4072416515124589E-002
0.50 4.40 3.20 0.42573458623190630 6.3754334067924093E-002
0.50 4.40 3.60 0.43128649825559640 6.3477501561323646E-002
0.50 4.40 4.00 0.42679082883068398 6.4354076921123396E-002
0.50 4.40 4.40 0.42787355194110671 6.3417348775014204E-002
0.50 4.40 4.80 0.43101716504820731 6.3458013775896438E-002
0.50 4.40 5.20 0.43206648045846485 6.3345541808999470E-002
0.50 4.40 5.60 0.43502033432922660 6.4094157320295816E-002
0.50 4.40 6.00 0.43277066741184378 6.3691349683820231E-002
0.50 4.40 6.40 0.43010613068698278 6.3495342806050417E-002
0.50 4.40 6.80 0.43599884875130457 6.4095350262283204E-002
0.50 4.40 7.20 0.43759496534826614 6.4490593829187579E-002
0.50 4.40 7.60 0.43033917356954648 6.3280639704040062E-002
0.50 4.40 8.00 0.43305041606189709 6.3801088880990356E-002
0.50 4.40 8.40 0.43049761950336912 6.4861735042776647E-002
0.50 4.40 8.80 0.43008566057656650 6.3631686328466747E-002
0.50 4.40 9.20 0.42953659872182604 6.3856020960177867E-002
0.50 4.40 9.60 0.42845739425918705 6.4408931195520436E-002
0.50 4.40 10.00 0.43135986885303862 6.3816481206600453E-002
0.50 4.40 10.40 0.42571521326140704 6.3851020198966726E-002
0.50 4.40 10.80 0.42187621313186446 6.4041268463396042E-002
0.50 4.40 11.20 0.42465043842519573 6.4168045821209496E-002
0.50 4.40 11.60 0.42506032548537276 6.4197084360130233E-002
0.50 4.40 12.00 0.42116734394917532 6.4201282032740822E-002

0.50 4.60 0.00 0.20990761921294099 6.0209899358965618E-002
0.50 4.60 0.40 0.42209995061400540 6.3584591349840944E-002
0.50 4.60 0.80 0.42791054747553742 6.3577103724653347E-002
0.50 4.60 1.20 0.43077077590006113 6.4051119657179550E-002
0.50 4.60 1.60 0.42921672034419006 6.3666160860026175E-002
0.50 4.60 2.00 0.42715336093206419 6.3679642183735619E-002
0.50 4.60 2.40 0.42498502977596947 6.3529491662584245E-002
0.50 4.60 2.80 0.42521192417204040 6.2933384445978652E-002
0.50 4.60 3.20 0.43140067999074905 6.3897752632439020E-002
0.50 4.60 3.60 0.43535562160009666 6.3781122196457471E-002
0.50 4.60 4.00 0.43250006405906183 6.4217344002363147E-002
0.50 4.60 4.40 0.42633347720350717 6.4121831423464726E-002
0.50 4.60 4.80 0.42982907160459211 6.4482472084084599E-002
0.50 4.60 5.20 0.43423912596894076 6.3829154501727062E-002
0.50 4.60 5.60 0.42901694441025845 6.3597256465356911E-002
0.50 4.60 6.00 0.42908483727404728 6.4027230718082112E-002
0.50 4.60 6.40 0.42902403159788349 6.3918913710511949E-002
0.50 4.60 6.80 0.43461208466461965 6.4262544639841143E-002
0.50 4.60 7.20 0.43008302371983564 6.4581035659316569E-002
0.50 4.60 7.60 0.43098196578620984 6.3833835641607301E-002
0.50 4.60 8.00 0.43130924598486980 6.2966261828308306E-002
0.50 4.60 8.40 0.42832481050451576 6.3813162857454905E-002
0.50 4.60 8.80 0.43254478227302562 6.4599594267520558E-002
0.50 4.60 9.20 0.42660558766726392 6.3691815114320594E-002
0.50 4.60 9.60 0.42702344014282023 6.3659492120612671E-002
0.50 4.60 10.00 0.42756789791283978 6.4233117174789120E-002
0.50 4.60 10.40 0.43037264687526766 6.4430929278589053E-002
0.50 4.60 10.80 0.42796476187286087 6.3728743665853821E-002
0.50 4.60 11.20 0.42891455662719641 6.3883293401684180E-002
0.50 4.60 11.60 0.42165180731783958 6.4330888286281376E-002
0.50 4.60 12.00 0.42696586077310894 6.4578570064845006E-002

0.50 4.80 0.00 0.23448725723761998 7.5344323930705587E-002
0.50 4.80 0.40 0.42175871390649788 6.3781184823022183E-002
0.50 4.80 0.80 0.42273085546642858 6.3386461412886563E-002
0.50 4.80 1.20 0.43010111444930255 6.3707325443950191E-002
0.50 4.80 1.60 0.42750436246270507 6.3668468456767616E-002
0.50 4.80 2.00 0.42659609733661263 6.4228594248760595E-002
0.50 4.80 2.40 0.42440514193065704 6.3619135345189634E-002
0.50 4.80 2.80 0.43168253770465609 6.4247272096185901E-002
0.50 4.80 3.20 0.42947032855381950 6.3569941944321195E-002
0.50 4.80 3.60 0.42924133137603471 6.4145377782732063E-002
0.50 4.80 4.00 0.43442153936039041 6.4207490618771360E-002
0.50 4.80 4.40 0.42932351964265819 6.3905003840112565E-002
0.50 4.80 4.80 0.42694710315726903 6.3837272008536283E-002
0.50 4.80 5.20 0.43182210140703925 6.4032020991301078E-002
0.50 4.80 5.60 0.42804253554239413 6.4071333099549807E-002
0.50 4.80 6.00 0.43272140781152640 6.4018357263219333E-002
0.50 4.80 6.40 0.43130273632608757 6.3906753846089667E-002
0.50 4.80 6.80 0.42877241005502525 6.3798131414956369E-002
0.50 4.80 7.20 0.42747076232751058 6.4648713759706947E-002
0.50 4.80 7.60 0.42550325392372779 6.3541159678948717E-002
0.50 4.80 8.00 0.42768377625803111 6.4126365582870770E-002
0.50 4.80 8.40 0.42779913348959714 6.3995730013279226E-002
0.50 4.80 8.80 0.43109671276914929 6.4294902762233069E-002
0.50 4.80 9.20 0.43042074292961063 6.3986709646391859E-002
0.50 4.80 9.60 0.42793477374181244 6.4085396729784264E-002
0.50 4.80 10.00 0.42846289127006498 6.4060264268822609E-002
0.50 4.80 10.40 0.43092891826830393 6.4333852987109252E-002
0.50 4.80 10.80 0.42891796601950716 6.4470497608082933E-002
0.50 4.80 11.20 0.42712407127630686 6.4370049187352854E-002
0.50 4.80 11.60 0.42466295793670195 6.3903227239531082E-002
0.50 4.80 12.00 0.42557658662103492 6.4717747827503266E-002

0.50 5.00 0.00 0.24033056404414288 7.0644354610777754E-002
0.50 5.00 0.40 0.41901107449813174 6.3645364117077982E-002
0.50 5.00 0.80 0.43101791728983202 6.3300635225976065E-002
0.50 5.00 1.20 0.42476047752420543 6.3557092506167936E-002
0.50 5.00 1.60 0.42025145245886292 6.3420008659910043E-002
0.50 5.00 2.00 0.42786465734912998 6.4020103433231154E-002
0.50 5.00 2.40 0.42873375678411962 6.3650715968836202E-002
0.50 5.00 2.80 0.42544818848103272 6.3634956437884610E-002
0.50 5.00 3.20 0.42464153079192685 6.3995525727129507E-002
0.50 5.00 3.60 0.42798201913230888 6.3750856536203160E-002
0.50 5.00 4.00 0.42767985808047604 6.3899442415029289E-002
0.50 5.00 4.40 0.42190894069889034 6.4145791859551091E-002
0.50 5.00 4.80 0.42980025235680841 6.4334827595536714E-002
0.50 5.00 5.20 0.42964345558413963 6.4084318427030648E-002
0.50 5.00 5.60 0.42474121183353530 6.3804167302774606E-002
0.50 5.00 6.00 0.42991488080490808 6.4226758845582654E-002
0.50 5.00 6.40 0.43281800488046934 6.3861093835329841E-002
0.50 5.00 6.80 0.42822752095952321 6.3662094131882230E-002
0.50 5.00 7.20 0.42879967291993137 6.4458539851010910E-002
0.50 5.00 7.60 0.42486057557674595 6.3675403018912641E-002
0.50 5.00 8.00 0.42679638160690370 6.3733363263077408E-002
0.50 5.00 8.40 0.42927607928563527 6.3767544389329051E-002
0.50 5.00 8.80 0.42942007455283371 6.3793465708522873E-002
0.50 5.00 9.20 0.43038969316340553 6.4273279484452259E-002
0.50 5.00 9.60 0.42677233306975471 6.3923037374118030E-002
0.50 5.00 10.00 0.41969781122697869 6.3585753573538892E-002
0.50 5.00 10.40 0.42152359384538213 6.3205240520234809E-002
0.50 5.00 10.80 0.42145213082811439 6.4277237909863866E-002
0.50 5.00 11.20 0.42575239785311414 6.3705395437244933E-002
0.50 5.00 11.60 0.42072929560708772 6.3954387072243241E-002
0.50 5.00 12.00 0.42668256056663501 6.4160833788271379E-002

0.50 5.20 0.00 0.22670122272725496 5.8237674489492589E-002
0.50 5.20 0.40 0.42284108225853795 6.3816963765294804E-002
0.50 5.20 0.80 0.42896886397965101 6.3247787198423028E-002
0.50 5.20 1.20 0.43043640190553328 6.3679345311781127E-002
0.50 5.20 1.60 0.42516988908553188 6.4261904759524452E-002
0.50 5.20 2.00 0.42679704072908342 6.3557243190580315E-002
0.50 5.20 2.40 0.42143625363801973 6.3520282170481598E-002
0.50 5.20 2.80 0.42211708774441287 6.4269798179194440E-002
0.50 5.20 3.20 0.42483912460657852 6.4005527783686136E-002
0.50 5.20 3.60 0.42025657301717756 6.4066472235131205E-002
0.50 5.20 4.00 0.42577151628021631 6.4109858838194242E-002
0.50 5.20 4.40 0.42138738829078298 6.3962643031674801E-002
0.50 5.20 4.80 0.42114476650542026 6.4593970370254647E-002
0.50 5.20 5.20 0.42984006399494312 6.4095105306495662E-002
0.50 5.20 5.60 0.43339692813869918 6.3711572373747208E-002
0.50 5.20 6.00 0.42549117505213419 6.3792967867456279E-002
0.50 5.20 6.40 0.42714122527770337 6.3893500284172039E-002
0.50 5.20 6.80 0.42121741401196944 6.3599683738134946E-002
0.50 5.20 7.20 0.42992752518977512 6.4217779491676882E-002
0.50 5.20 7.60 0.42248240599366821 6.3768951028302809E-002
0.50 5.20 8.00 0.42589096085655198 6.4185095785750074E-002
0.50 5.20 8.40 0.42394642581089786 6.3974649874711187E-002
0.50 5.20 8.80 0.42841558006786612 6.4209526805832640E-002
0.50 5.20 9.20 0.42589074186959841 6.3917939633628282E-002
0.50 5.20 9.60 0.42810512507187432 6.3835687150631051E-002
0.50 5.20 10.00 0.42655224500500549 6.4670975063178759E-002
0.50 5.20 10.40 0.42144901715770355 6.4235185844295065E-002
0.50 5.20 10.80 0.41883743174836702 6.3877779085659017E-002
0.50 5.20 11.20 0.42407095987196053 6.3615396460884974E-002
0.50 5.20 11.60 0.42316396959223557 6.3910315014774427E-002
0.50 5.20 12.00 0.42183020248532282 6.3502086843822012E-002

0.50 5.40 0.00 0.15655973973711837 4.7437059106353173E-002
0.50 5.40 0.40 0.42337826099170206 6.3811545127567940E-002
0.50 5.40 0.80 0.43055289989235235 6.3912754072189507E-002
0.50 5.40 1.20 0.42282213731977392 6.4184411389583779E-002
0.50 5.40 1.60 0.42465049802088412 6.3576197604107640E-002
0.50 5.40 2.00 0.42224451815837877 6.3563141306519841E-002
0.50 5.40 2.40 0.42161520974995365 6.4808479742788416E-002
0.50 5.40 2.80 0.42174883885048209 6.3843070627349841E-002
0.50 5.40 3.20 0.42600018913157178 6.4139161103037037E-002
0.50 5.40 3.60 0.41896281349654052 6.3491460345152698E-002
0.50 5.40 4.00 0.42179097603187438 6.3741764817747931E-002
0.50 5.40 4.40 0.42501485342737944 6.3632005453881230E-002
0.50 5.40 4.80 0.42094445190108348 6.4160439416025353E-002
0.50 5.40 5.20 0.42585633526052646 6.3642322277175020E-002
0.50 5.40 5.60 0.42409434175020716 6.3944139828785954E-002
0.50 5.40 6.00 0.42155418320123239 6.3898393279781737E-002
0.50 5.40 6.40 0.42353960853822203 6.4065861116930425E-002
0.50 5.40 6.80 0.42814730617818669 6.3614554163459111E-002
0.50 5.40 7.20 0.42410246717131461 6.3890776576968372E-002
0.50 5.40 7.60 0.42385377475028008 6.3829375880135250E-002
0.50 5.40 8.00 0.42968265009294526 6.3814421006931812E-002
0.50 5.40 8.40 0.42002334696542543 6.4214967942325216E-002
0.50 5.40 8.80 0.42677782748665799 6.3811214542333961E-002
0.50 5.40 9.20 0.42579398271793228 6.3818702359771801E-002
0.50 5.40 9.60 0.42812119344414945 6.4838414037183920E-002
0.50 5.40 10.00 0.42822048943445995 6.4356733024238152E-002
0.50 5.40 10.40 0.42979000505047260 6.4185683097995813E-002
0.50 5.40 10.80 0.42570719723294176 6.4106947810892517E-002
0.50 5.40 11.20 0.42309472838938322 6.4093293391137937E-002
0.50 5.40 11.60 0.42198864019019788 6.3734177853379759E-002
0.50 5.40 12.00 0.42654684996458991 6.4683964891659243E-002

0.50 5.60 0.00 0.17027344261789384 3.7906763745771441E-002
0.50 5.60 0.40 0.41596143113670941 6.3750588493449556E-002
0.50 5.60 0.80 0.42828839906599259 6.2803348456858310E-002
0.50 5.60 1.20 0.42365250757340200 6.3913486813831646E-002
0.50 5.60 1.60 0.41846390021744168 6.3640927881566195E-002
0.50 5.60 2.00 0.42013474524609407 6.3824110304771184E-002
0.50 5.60 2.40 0.42141643330449918 6.3861184638562413E-002
0.50 5.60 2.80 0.42571337395217190 6.4041447094464604E-002
0.50 5.60 3.20 0.42139710030616956 6.3597052104543292E-002
0.50 5.60 3.60 0.41651129362858513 6.3461733535311246E-002
0.50 5.60 4.00 0.42400957428657310 6.4353132288656939E-002
0.50 5.60 4.40 0.42720124877517768 6.3833151246899700E-002
0.50 5.60 4.80 0.42269063091870446 6.4479912971895093E-002
0.50 5.60 5.20 0.42365663914001761 6.4300039320082700E-002
0.50 5.60 5.60 0.41943395920720505 6.3478912056287515E-002
0.50 5.60 6.00 0.42400165717947669 6.3890893465314860E-002
0.50 5.60 6.40 0.42050829526935302 6.3184047160827095E-002
0.50 5.60 6.80 0.42446676448255116 6.3532748685340465E-002
0.50 5.60 7.20 0.42652847947350903 6.3916031269986670E-002
0.50 5.60 7.60 0.41937314303172996 6.4301001952293990E-002
0.50 5.60 8.00 0.42123846091179129 6.4330836380655024E-002
0.50 5.60 8.40 0.42734768504452242 6.4230182826357965E-002
0.50 5.60 8.80 0.42668656195350446 6.4252202999007454E-002
0.50 5.60 9.20 0.42477118815590548 6.4002340333626451E-002
0.50 5.60 9.60 0.42400674988588466 6.3328534694863672E-002
0.50 5.60 10.00 0.42250569257124448 6.3967536027943417E-002
0.50 5.60 10.40 0.42875764795581051 6.4410431728640721E-002
0.50 5.60 10.80 0.41772865336093445 6.3845882882112168E-002
0.50 5.60 11.20 0.42462189847681309 6.4114670138570681E-002
0.50 5.60 11.60 0.42233125738258587 6.3841641475429894E-002
0.50 5.60 12.00 0.41924752031693491 6.3968308114840500E-002

0.50 5.80 0.00 0.25184377157006493 6.3497541249330214E-002
0.50 5.80 0.40 0.41940615342515875 6.3959315044592902E-002
0.50 5.80 0.80 0.42914314396075631 6.3947504708897776E-002
0.50 5.80 1.20 0.42636154371206569 6.4130105052858946E-002
0.50 5.80 1.60 0.42521050922694237 6.3796293367213472E-002
0.50 5.80 2.00 0.41849293105514196 6.3682834224755056E-002
0.50 5.80 2.40 0.41942565083247685 6.3991072535924273E-002
0.50 5.80 2.80 0.42301520445270607 6.4176617932825544E-002
0.50 5.80 3.20 0.41505152528148398 6.4177247875989357E-002
0.50 5.80 3.60 0.42457987446535217 6.3909396608770097E-002
0.50 5.80 4.00 0.42106308573005052 6.4127225355048154E-002
0.50 5.80 4.40 0.41984214110248769 6.3813746078136294E-002
0.50 5.80 4.80 0.42070533368199597 6.4289583333388925E-002
0.50 5.80 5.20 0.41697193230184099 6.4033488115978990E-002
0.50 5.80 5.60 0.41900182848773682 6.4103692480069974E-002
0.50 5.80 6.00 0.41960365407841732 6.3626445655289493E-002
0.50 5.80 6.40 0.42889577598463963 6.4130779030207891E-002
0.50 5.80 6.80 0.42646329600140465 6.3438965659150318E-002
0.50 5.80 7.20 0.42514641996876168 6.4447021872808791E-002
0.50 5.80 7.60 0.42268377109223759 6.3790005661349874E-002
0.50 5.80 8.00 0.42884578473438884 6.4360350696985646E-002
0.50 5.80 8.40 0.42133336167257440 6.3875950303886431E-002
0.50 5.80 8.80 0.42251125006090062 6.4073575930713167E-002
0.50 5.80 9.20 0.42541269805030196 6.4096909058573334E-002
0.50 5.80 9.60 0.42157459566149996 6.4092054687836505E-002
0.50 5.80 10.00 0.42115938827316735 6.4262898251190595E-002
0.50 5.80 10.40 0.42135493569881477 6.3811051060495116E-002
0.50 5.80 10.80 0.42304220742659737 6.4492427183915804E-002
0.50 5.80 11.20 0.42512312692708709 6.4319935831594496E-002
0.50 5.80 11.60 0.42137655760190473 6.4212579778689147E-002
0.50 5.80 12.00 0.42534720312326690 6.4274090760395572E-002

0.50 6.00 0.00 0.27443303431408339 7.4358429289278383E-002
0.50 6.00 0.40 0.41550230834594276 6.4051792063588589E-002
0.50 6.00 0.80 0.42114699785236720 6.3496566582811304E-002
0.50 6.00 1.20 0.42259367991820207 6.3931586028056597E-002
0.50 6.00 1.60 0.42049043450335999 6.4633778994769547E-002
0.50 6.00 2.00 0.42203838423023476 6.4246655762256855E-002
0.50 6.00 2.40 0.42339246755617765 6.4333855297947634E-002
0.50 6.00 2.80 0.42161934496892017 6.4246875904698658E-002
0.50 6.00 3.20 0.41924816463548353 6.3963593192321089E-002
0.50 6.00 3.60 0.42241550403252159 6.3933033660925384E-002
0.50 6.00 4.00 0.42560113314796133 6.4206603001079804E-002
0.50 6.00 4.40 0.42045003358521010 6.3756233621864694E-002
0.50 6.00 4.80 0.41933862670830296 6.3623009823781648E-002
0.50 6.00 5.20 0.42657685904890730 6.3526493908128714E-002
0.50 6.00 5.60 0.42338331886497843 6.4011016733726153E-002
0.50 6.00 6.00 0.42240004046407931 6.3794561591693152E-002
0.50 6.00 6.40 0.41834355447697763 6.4159695312971235E-002
0.50 6.00 6.80 0.41783256829681281 6.4009150060097997E-002
0.50 6.00 7.20 0.42715800197435627 6.4143929043670958E-002
0.50 6.00 7.60 Binary file (standard input) matches
0.50 6.00 8.00 0.42416978615930911 6.3828509808009679E-002
0.50 6.00 8.40 0.42036804697828145 6.3369024474231234E-002
0.50 6.00 8.80 0.42579716492760733 6.4409237455703705E-002
0.50 6.00 9.20 0.42180663734044910 6.4046180024902685E-002
0.50 6.00 9.60 0.42003112100099804 6.3412779194425811E-002
0.50 6.00 10.00 0.42796006198994441 6.3680790308119434E-002
0.50 6.00 10.40 0.42251222818368384 6.4169621077143552E-002
0.50 6.00 10.80 0.42277329009105846 6.4037060245681787E-002
0.50 6.00 11.20 0.42702214838155406 6.3890923535986077E-002
0.50 6.00 11.60 0.41907052315319315 6.4094851895106816E-002
0.50 6.00 12.00 0.42553443256463164 6.4674503039881551E-002


