0.50 0.00 0.00 0.36512442056864514 3.4489001990545144E-002
0.50 0.00 0.40 0.49666794027868455 3.1627727064431892E-002
0.50 0.00 0.80 0.50824289676625622 3.1239726143929000E-002
0.50 0.00 1.20 0.50169227612232081 3.1267246103490652E-002
0.50 0.00 1.60 0.48524865464262756 3.1594862227948203E-002
0.50 0.00 2.00 0.47030891458892149 3.2068357008550270E-002
0.50 0.00 2.40 0.45787838318083712 3.2359735947894389E-002
0.50 0.00 2.80 0.44388157295543368 3.2606058746792413E-002
0.50 0.00 3.20 0.44259417498027070 3.2775639242348165E-002
0.50 0.00 3.60 0.43776541824548509 3.2630318758491900E-002
0.50 0.00 4.00 0.43064419911662793 3.3024771193761106E-002
0.50 0.00 4.40 0.42439182677645348 3.3115276469379139E-002
0.50 0.00 4.80 0.42177299363511800 3.2980987774178523E-002
0.50 0.00 5.20 0.41838246858277517 3.3129956331777385E-002
0.50 0.00 5.60 0.42092802083846526 3.3172091996261886E-002
0.50 0.00 6.00 0.41581445005300177 3.3432633226849799E-002
0.50 0.00 6.40 0.41248125891718940 3.3192593241385522E-002
0.50 0.00 6.80 0.41185311437455052 3.3379913081340751E-002
0.50 0.00 7.20 0.41275796496848677 3.3309419557101275E-002
0.50 0.00 7.60 0.40669753837559053 3.3257384400126433E-002
0.50 0.00 8.00 0.40629816103043898 3.3451760598417528E-002
0.50 0.00 8.40 0.40867122304629733 3.3528681291279804E-002
0.50 0.00 8.80 0.40276579858840583 3.3561200301145538E-002
0.50 0.00 9.20 0.40943306845787514 3.3478048433423772E-002
0.50 0.00 9.60 0.39902900735714991 3.3408473955793994E-002
0.50 0.00 10.00 0.40424845167109719 3.3706141210993218E-002
0.50 0.00 10.40 0.40270263347763835 3.3706428426178756E-002
0.50 0.00 10.80 0.40382294997976109 3.3294085465835226E-002
0.50 0.00 11.20 0.39799753408869876 3.3266261257723827E-002
0.50 0.00 11.60 0.39743400852795963 3.3246444175141873E-002
0.50 0.00 12.00 0.39974526430493590 3.3231043564445666E-002

0.50 0.20 0.00 0.42764046429659797 3.4728233476820636E-002
0.50 0.20 0.40 0.50502459415831313 3.1281568995842314E-002
0.50 0.20 0.80 0.52136021611673145 3.0993287961516517E-002
0.50 0.20 1.20 0.51216899076633626 3.1363162309463122E-002
0.50 0.20 1.60 0.49816823652247422 3.1455980141165421E-002
0.50 0.20 2.00 0.49284953101436307 3.1472212505981458E-002
0.50 0.20 2.40 0.47590833279104494 3.1762544269450826E-002
0.50 0.20 2.80 0.47406262587220238 3.1746096888486258E-002
0.50 0.20 3.20 0.46553200351124480 3.2200091054485611E-002
0.50 0.20 3.60 0.45716773636063757 3.1921082870483911E-002
0.50 0.20 4.00 0.45383545371276890 3.2735866765407746E-002
0.50 0.20 4.40 0.45282498925175840 3.2495463437445013E-002
0.50 0.20 4.80 0.44455905569808973 3.2676857019593129E-002
0.50 0.20 5.20 0.44208626378618304 3.2710612269204908E-002
0.50 0.20 5.60 0.43650290864705432 3.2876519035375786E-002
0.50 0.20 6.00 0.43507724396502628 3.2823177811336694E-002
0.50 0.20 6.40 0.43575197310600328 3.2909387536004177E-002
0.50 0.20 6.80 0.42757380541885937 3.2984387447752977E-002
0.50 0.20 7.20 0.43321894484103396 3.3084947180094769E-002
0.50 0.20 7.60 0.42574810808509167 3.3128431451115124E-002
0.50 0.20 8.00 0.43050037228247601 3.3124539412197146E-002
0.50 0.20 8.40 0.42906223754767236 3.3027905040413509E-002
0.50 0.20 8.80 0.42269249481903237 3.2958197346521730E-002
0.50 0.20 9.20 0.42205514187744686 3.3073181129281808E-002
0.50 0.20 9.60 0.42628254439499236 3.3286962514755949E-002
0.50 0.20 10.00 0.42459149713469796 3.3380075001268598E-002
0.50 0.20 10.40 0.42240265034448959 3.3129926932497035E-002
0.50 0.20 10.80 0.42271318252834283 3.3337152891495740E-002
0.50 0.20 11.20 0.42025237986768477 3.3355584499578837E-002
0.50 0.20 11.60 0.41876420789440372 3.3540201949863929E-002
0.50 0.20 12.00 0.41954703435322688 3.3118243200969552E-002

0.50 0.40 0.00 0.40257660455169447 3.4347160622319281E-002
0.50 0.40 0.40 0.51173663772911726 3.1168776815107144E-002
0.50 0.40 0.80 0.52239222432960331 3.1101652453092630E-002
0.50 0.40 1.20 0.51269875053279235 3.1058473467482344E-002
0.50 0.40 1.60 0.50999707536649175 3.1312003645474318E-002
0.50 0.40 2.00 0.50489380539182860 3.1373200023414947E-002
0.50 0.40 2.40 0.49728417910771083 3.1600950265563102E-002
0.50 0.40 2.80 0.48823542067665082 3.1484569629975506E-002
0.50 0.40 3.20 0.48136168416019254 3.1927690400089186E-002
0.50 0.40 3.60 0.47314599025896548 3.2185710444788247E-002
0.50 0.40 4.00 0.46797417075490821 3.2195751930453147E-002
0.50 0.40 4.40 0.46473783540865699 3.2286767239665726E-002
0.50 0.40 4.80 0.45952834823734640 3.2319308394201822E-002
0.50 0.40 5.20 0.45833631098018346 3.2435577362156735E-002
0.50 0.40 5.60 0.45000797088080791 3.2626468567841967E-002
0.50 0.40 6.00 0.45041935700791075 3.2526892495728835E-002
0.50 0.40 6.40 0.44120265528469355 3.2678767168253679E-002
0.50 0.40 6.80 0.44783392188328586 3.2591910165295432E-002
0.50 0.40 7.20 0.43703325364526585 3.2655217192877117E-002
0.50 0.40 7.60 0.43962168260254597 3.2808675604356081E-002
0.50 0.40 8.00 0.43631812006760151 3.2615985400639314E-002
0.50 0.40 8.40 0.43693720025790794 3.2745178672610988E-002
0.50 0.40 8.80 0.43491307022326903 3.3104522234355817E-002
0.50 0.40 9.20 0.43549051220621615 3.3052543207672445E-002
0.50 0.40 9.60 0.43428183768907552 3.2832095374371699E-002
0.50 0.40 10.00 0.43054356533605614 3.3140809570105005E-002
0.50 0.40 10.40 0.42830810246630346 3.3195845050449195E-002
0.50 0.40 10.80 0.42752713527784147 3.2969397953022436E-002
0.50 0.40 11.20 0.42683888333342745 3.3060802922214756E-002
0.50 0.40 11.60 0.42647000352972997 3.2891305549341478E-002
0.50 0.40 12.00 0.42461155248911481 3.3170103264507839E-002

0.50 0.60 0.00 0.37097989580992441 3.1442330333636560E-002
0.50 0.60 0.40 0.52511727817106801 3.0861348784715456E-002
0.50 0.60 0.80 0.52648266530531918 3.0945587991792943E-002
0.50 0.60 1.20 0.51195651409604515 3.0948779341797409E-002
0.50 0.60 1.60 0.50739835589574755 3.1061147123916048E-002
0.50 0.60 2.00 0.50499384012714466 3.1317754903402079E-002
0.50 0.60 2.40 0.49752934096224644 3.1347799029602282E-002
0.50 0.60 2.80 0.49649856363316969 3.1852519705255676E-002
0.50 0.60 3.20 0.48498503431787937 3.1690432189074219E-002
0.50 0.60 3.60 0.48432007454505710 3.2009409650564168E-002
0.50 0.60 4.00 0.47598517842104560 3.1926712149317221E-002
0.50 0.60 4.40 0.47115699392281823 3.2204271172044871E-002
0.50 0.60 4.80 0.46537950650282872 3.1982853211262076E-002
0.50 0.60 5.20 0.47004535099298783 3.2639344623964194E-002
0.50 0.60 5.60 0.46004568040665761 3.2495673298447214E-002
0.50 0.60 6.00 0.45527067055567871 3.2540555346905801E-002
0.50 0.60 6.40 0.45105426504737195 3.2647637193504074E-002
0.50 0.60 6.80 0.45552393636309996 3.2510799050287122E-002
0.50 0.60 7.20 0.44607804259413708 3.2647261719034371E-002
0.50 0.60 7.60 0.44239798061701119 3.2868748543589336E-002
0.50 0.60 8.00 0.43713885371867445 3.2585720171058895E-002
0.50 0.60 8.40 0.44401295147201481 3.2899094109709259E-002
0.50 0.60 8.80 0.43857099234964070 3.2863595344531288E-002
0.50 0.60 9.20 0.43656192407540972 3.2818125435629855E-002
0.50 0.60 9.60 0.43359003656797368 3.2880879061305872E-002
0.50 0.60 10.00 0.43195175428078658 3.2838964969509644E-002
0.50 0.60 10.40 0.43047531657682037 3.3136681291101880E-002
0.50 0.60 10.80 0.43364175776037828 3.3136380899963867E-002
0.50 0.60 11.20 0.43086357511149254 3.3242334623689897E-002
0.50 0.60 11.60 0.43541608964578193 3.3023817929966316E-002
0.50 0.60 12.00 0.42674978454227136 3.2843632916345893E-002

0.50 0.80 0.00 0.34552177667093198 2.9311900310524251E-002
0.50 0.80 0.40 0.51033509294817514 3.1159702651696305E-002
0.50 0.80 0.80 0.51850361464510220 3.1079318991584299E-002
0.50 0.80 1.20 0.51276657162744077 3.0994996928982159E-002
0.50 0.80 1.60 0.51360289109966617 3.1126902999112617E-002
0.50 0.80 2.00 0.50764033238630912 3.1380968347130091E-002
0.50 0.80 2.40 0.50253657109413441 3.1407730675193778E-002
0.50 0.80 2.80 0.49514375650902720 3.1410731897321423E-002
0.50 0.80 3.20 0.48821911512449362 3.1619052367423732E-002
0.50 0.80 3.60 0.48437192020178343 3.1884111430418943E-002
0.50 0.80 4.00 0.47897031271738799 3.1814068257911950E-002
0.50 0.80 4.40 0.47490379251452097 3.1870027162591075E-002
0.50 0.80 4.80 0.47318579132563016 3.2394513812599966E-002
0.50 0.80 5.20 0.46315836664073712 3.2096290831145596E-002
0.50 0.80 5.60 0.45934551806241208 3.2580708242208364E-002
0.50 0.80 6.00 0.45599553140432930 3.2472061199600034E-002
0.50 0.80 6.40 0.45668024129291657 3.2592980243095093E-002
0.50 0.80 6.80 0.45571826609781602 3.2603646543364964E-002
0.50 0.80 7.20 0.44959810186385479 3.2419735578929382E-002
0.50 0.80 7.60 0.44378741929179644 3.2655248149153604E-002
0.50 0.80 8.00 0.44722367304546173 3.2799754244018146E-002
0.50 0.80 8.40 0.44544866212191792 3.2786020278562832E-002
0.50 0.80 8.80 0.43668961592729244 3.2902171728956764E-002
0.50 0.80 9.20 0.43493285578907848 3.2786828474698756E-002
0.50 0.80 9.60 0.43824898002199075 3.2816775500174464E-002
0.50 0.80 10.00 0.43513053449466854 3.2683641227797398E-002
0.50 0.80 10.40 0.42980557793922819 3.3072033928664091E-002
0.50 0.80 10.80 0.43239365341193736 3.3182146082321597E-002
0.50 0.80 11.20 0.43157442527584450 3.3397792306789090E-002
0.50 0.80 11.60 0.42963400131561535 3.3014876500232958E-002
0.50 0.80 12.00 0.42997851047459112 3.3120485968708931E-002

0.50 1.00 0.00 0.36742996343943135 2.9032442420468544E-002
0.50 1.00 0.40 0.51460273169475312 3.1152504452727815E-002
0.50 1.00 0.80 0.50954176290758768 3.1265127732131512E-002
0.50 1.00 1.20 0.50596020687179022 3.1199034794190887E-002
0.50 1.00 1.60 0.50568216158213963 3.1380062610481443E-002
0.50 1.00 2.00 0.50081412468060138 3.1374230704605648E-002
0.50 1.00 2.40 0.50020437413705388 3.1456399308567758E-002
0.50 1.00 2.80 0.49379799390361317 3.1545863284716286E-002
0.50 1.00 3.20 0.48732802170021677 3.1853589838765115E-002
0.50 1.00 3.60 0.47954892260802728 3.1872418376339619E-002
0.50 1.00 4.00 0.47641773827299067 3.2099177751151294E-002
0.50 1.00 4.40 0.47036562576315288 3.2096063675525699E-002
0.50 1.00 4.80 0.46799020094769839 3.2035456158383373E-002
0.50 1.00 5.20 0.46437974976852747 3.2469472749539895E-002
0.50 1.00 5.60 0.46169707924065745 3.2347683087870671E-002
0.50 1.00 6.00 0.45348607431427757 3.2462798518841117E-002
0.50 1.00 6.40 0.45519089694133574 3.2440216520804470E-002
0.50 1.00 6.80 0.45473241220619587 3.2831123583789798E-002
0.50 1.00 7.20 0.44389684474479596 3.2868957335590684E-002
0.50 1.00 7.60 0.45171059921761614 3.2795603500096103E-002
0.50 1.00 8.00 0.44710710969934953 3.2770097975698916E-002
0.50 1.00 8.40 0.44369385050060739 3.2764498275840138E-002
0.50 1.00 8.80 0.43739119947800659 3.2727455264887545E-002
0.50 1.00 9.20 0.43707713134419973 3.2701061247379863E-002
0.50 1.00 9.60 0.43394734732190782 3.3089646620539787E-002
0.50 1.00 10.00 0.42929047516647234 3.3151321373749897E-002
0.50 1.00 10.40 0.42876078716977634 3.2861006659457993E-002
0.50 1.00 10.80 0.43227984740090053 3.3277357815796334E-002
0.50 1.00 11.20 0.43024000383707567 3.3003697180352114E-002
0.50 1.00 11.60 0.42891398615080351 3.2941394415738991E-002
0.50 1.00 12.00 0.42874118765429214 3.3150752813940254E-002

0.50 1.20 0.00 0.41041492122554057 3.7396206668035531E-002
0.50 1.20 0.40 0.49593048351490332 3.1508034642908717E-002
0.50 1.20 0.80 0.49892878510740585 3.1625537794760843E-002
0.50 1.20 1.20 0.50389629763259713 3.1246365363664763E-002
0.50 1.20 1.60 0.50250927731054151 3.1464945913190046E-002
0.50 1.20 2.00 0.49904570614707910 3.1673137298979220E-002
0.50 1.20 2.40 0.49437586817933488 3.1694822516154207E-002
0.50 1.20 2.80 0.48698222278479519 3.1699845610512006E-002
0.50 1.20 3.20 0.48183918576553120 3.1874583863540001E-002
0.50 1.20 3.60 0.48200978725762800 3.1998030100004120E-002
0.50 1.20 4.00 0.47386493256195700 3.2180429741207529E-002
0.50 1.20 4.40 0.46584581590403207 3.2036718420746409E-002
0.50 1.20 4.80 0.46601652555942141 3.2221993928759476E-002
0.50 1.20 5.20 0.46454434181837279 3.2455008360670487E-002
0.50 1.20 5.60 0.45506011739401331 3.2387971684312997E-002
0.50 1.20 6.00 0.45966755687128724 3.2428313077663702E-002
0.50 1.20 6.40 0.44740074622771148 3.2581018885161746E-002
0.50 1.20 6.80 0.45039667037009828 3.2713778450451481E-002
0.50 1.20 7.20 0.44752288611523394 3.2634423916046922E-002
0.50 1.20 7.60 0.44392644686743366 3.2802270671606577E-002
0.50 1.20 8.00 0.44163300119078464 3.2738987948959360E-002
0.50 1.20 8.40 0.44401666701024506 3.2799301448738022E-002
0.50 1.20 8.80 0.43972314515661787 3.2740062983696805E-002
0.50 1.20 9.20 0.44125616000047013 3.3011302250320326E-002
0.50 1.20 9.60 0.42818086827245516 3.2936825328106982E-002
0.50 1.20 10.00 0.43855676738182581 3.2924561341862717E-002
0.50 1.20 10.40 0.43303058222898494 3.3087397727795884E-002
0.50 1.20 10.80 0.43419254520294659 3.3002248263146142E-002
0.50 1.20 11.20 0.42985446088266743 3.3311988475999657E-002
0.50 1.20 11.60 0.42918050294687227 3.3116043298596763E-002
0.50 1.20 12.00 0.42438623058013752 3.3229081528558246E-002

0.50 1.40 0.00 0.32977197453280355 3.4962118550730573E-002
0.50 1.40 0.40 0.48761641756709440 3.1750135746242213E-002
0.50 1.40 0.80 0.49611774559763938 3.1456136400952101E-002
0.50 1.40 1.20 0.49941218080189459 3.1453212295471746E-002
0.50 1.40 1.60 0.49635614702206954 3.1532507964715850E-002
0.50 1.40 2.00 0.49559956856506482 3.1560780756023712E-002
0.50 1.40 2.40 0.48615314355641315 3.1467884427449695E-002
0.50 1.40 2.80 0.48211086563646094 3.1833259734381579E-002
0.50 1.40 3.20 0.48204690406589695 3.2024851430351588E-002
0.50 1.40 3.60 0.47534060986321308 3.1899552245231312E-002
0.50 1.40 4.00 0.47053455386841347 3.2316448243858424E-002
0.50 1.40 4.40 0.46592637116589330 3.2453228878518092E-002
0.50 1.40 4.80 0.46061183987288079 3.2241515404144869E-002
0.50 1.40 5.20 0.46061104445210077 3.2322060757644537E-002
0.50 1.40 5.60 0.45534782334773521 3.2397222411577692E-002
0.50 1.40 6.00 0.44784734040710611 3.2730795789973316E-002
0.50 1.40 6.40 0.44978341316172055 3.2650716744836966E-002
0.50 1.40 6.80 0.44039744231593775 3.2611723521955849E-002
0.50 1.40 7.20 0.44529362578298121 3.2791468104655025E-002
0.50 1.40 7.60 0.43939731346343602 3.2870288860921998E-002
0.50 1.40 8.00 0.43499724895277653 3.2807682608906603E-002
0.50 1.40 8.40 0.43714108355571790 3.3028905108742880E-002
0.50 1.40 8.80 0.43982051603613437 3.2832228079502937E-002
0.50 1.40 9.20 0.43409840898066188 3.2757465725123391E-002
0.50 1.40 9.60 0.43559159926391666 3.3019425006891923E-002
0.50 1.40 10.00 0.43605812157239254 3.3107256866907686E-002
0.50 1.40 10.40 0.43177955414693792 3.3127034241300715E-002
0.50 1.40 10.80 0.42827016139292207 3.3061802635027851E-002
0.50 1.40 11.20 0.42901043453863830 3.3189740253493034E-002
0.50 1.40 11.60 0.42854267376591942 3.3297826727450561E-002
0.50 1.40 12.00 0.42394024060390806 3.3105655410184870E-002

0.50 1.60 0.00 0.32680975046847449 3.5920016056300616E-002
0.50 1.60 0.40 0.48137024059305433 3.1921344560597573E-002
0.50 1.60 0.80 0.49505771757523293 3.1386931250913283E-002
0.50 1.60 1.20 0.49807655438335158 3.1582466738097018E-002
0.50 1.60 1.60 0.49447325766576844 3.1434578158791110E-002
0.50 1.60 2.00 0.48845586093443094 3.1790154956584923E-002
0.50 1.60 2.40 0.48646001598574073 3.1803607154000539E-002
0.50 1.60 2.80 0.47897999341291742 3.2089451070389907E-002
0.50 1.60 3.20 0.47541857559341372 3.2142077903005314E-002
0.50 1.60 3.60 0.47363495567912006 3.2001374771491294E-002
0.50 1.60 4.00 0.46948622347186059 3.2002397994641156E-002
0.50 1.60 4.40 0.46386905121566208 3.2422360176722460E-002
0.50 1.60 4.80 0.45951070545404943 3.2486388252818660E-002
0.50 1.60 5.20 0.45460324301653809 3.2463102453464072E-002
0.50 1.60 5.60 0.45396355967615853 3.2550961500699971E-002
0.50 1.60 6.00 0.44777025916323165 3.2598485880431578E-002
0.50 1.60 6.40 0.44497848765821663 3.2538845615760682E-002
0.50 1.60 6.80 0.44637154504799287 3.2895657331219484E-002
0.50 1.60 7.20 0.44183828051021140 3.2861641086813650E-002
0.50 1.60 7.60 0.43689120182018371 3.2966567886460817E-002
0.50 1.60 8.00 0.43811544496318611 3.2794101665190478E-002
0.50 1.60 8.40 0.43143186658846278 3.3088552399377302E-002
0.50 1.60 8.80 0.43098970387720781 3.3101996458776359E-002
0.50 1.60 9.20 0.42638471133733002 3.3048397534178063E-002
0.50 1.60 9.60 0.42914420145830273 3.3024974120412900E-002
0.50 1.60 10.00 0.43039287229010681 3.3080468445307466E-002
0.50 1.60 10.40 0.42925251902031858 3.3393653360989546E-002
0.50 1.60 10.80 0.42275057698611285 3.3175187867934122E-002
0.50 1.60 11.20 0.42146867322013193 3.3247000223309280E-002
0.50 1.60 11.60 0.42674288688459716 3.3054624104172814E-002
0.50 1.60 12.00 0.42218574546764714 3.3297333422480126E-002

0.50 1.80 0.00 0.27129340203509333 3.6775306027075190E-002
0.50 1.80 0.40 0.48200102803404921 3.1976370804611944E-002
0.50 1.80 0.80 0.48459236827796187 3.2043445903246093E-002
0.50 1.80 1.20 0.48744653062683102 3.1872229586895361E-002
0.50 1.80 1.60 0.48624110788963176 3.1913713323940378E-002
0.50 1.80 2.00 0.48227073927490649 3.1805090603328756E-002
0.50 1.80 2.40 0.47991302305403832 3.1782232135282043E-002
0.50 1.80 2.80 0.48100401847983187 3.1923911128962978E-002
0.50 1.80 3.20 0.47395905926091364 3.1928665652165795E-002
0.50 1.80 3.60 0.46761660766810109 3.2268056589957281E-002
0.50 1.80 4.00 0.46268273976089408 3.2181477281730757E-002
0.50 1.80 4.40 0.46326827961129141 3.2369099205687230E-002
0.50 1.80 4.80 0.45921193748072781 3.2305501968900099E-002
0.50 1.80 5.20 0.45932496630519221 3.2401583073435727E-002
0.50 1.80 5.60 0.45221131720117913 3.2552018783154460E-002
0.50 1.80 6.00 0.44897790308170399 3.2507698505247463E-002
0.50 1.80 6.40 0.44619823502230388 3.2511307167814467E-002
0.50 1.80 6.80 0.44865581908476065 3.2728906973502697E-002
0.50 1.80 7.20 0.44298931032202704 3.2751742179463202E-002
0.50 1.80 7.60 0.44154231714715902 3.2868099677346080E-002
0.50 1.80 8.00 0.43790438775140100 3.2855479341130617E-002
0.50 1.80 8.40 0.43671487608663939 3.2955106314020419E-002
0.50 1.80 8.80 0.43394077604231490 3.2707618376177527E-002
0.50 1.80 9.20 0.43758932625507257 3.3151751999401423E-002
0.50 1.80 9.60 0.42947875202351138 3.3010256372535060E-002
0.50 1.80 10.00 0.42735239835862099 3.2848685461841248E-002
0.50 1.80 10.40 0.42752780219934516 3.2822945329736439E-002
0.50 1.80 10.80 0.42749573195240054 3.2807501612941374E-002
0.50 1.80 11.20 0.42914798812586497 3.2940991721062039E-002
0.50 1.80 11.60 0.42668356911207972 3.3172401859462117E-002
0.50 1.80 12.00 0.42534241870123984 3.3123468042570825E-002

0.50 2.00 0.00 0.33652294480144046 3.4593302557186144E-002
0.50 2.00 0.40 0.48920958477128479 3.1756167496009569E-002
0.50 2.00 0.80 0.48783410435149382 3.1870525612912988E-002
0.50 2.00 1.20 0.48793548338311049 3.1732118893869975E-002
0.50 2.00 1.60 0.47566429937327115 3.1940150265775999E-002
0.50 2.00 2.00 0.48183621305233704 3.2116159838876654E-002
0.50 2.00 2.40 0.47355016335403260 3.2054728222225305E-002
0.50 2.00 2.80 0.47536198190687629 3.1858684229626288E-002
0.50 2.00 3.20 0.46798334098601846 3.1880405565192650E-002
0.50 2.00 3.60 0.46430549674230137 3.2163761560508770E-002
0.50 2.00 4.00 0.46986604930687531 3.2291515846564200E-002
0.50 2.00 4.40 0.46039365747761957 3.2355805470503915E-002
0.50 2.00 4.80 0.46021662139159869 3.2469204215964928E-002
0.50 2.00 5.20 0.45590585490001184 3.2587157445230386E-002
0.50 2.00 5.60 0.45506093308702222 3.2571003506299705E-002
0.50 2.00 6.00 0.44960996809723958 3.2627959776077645E-002
0.50 2.00 6.40 0.44972833834286047 3.2609133828790424E-002
0.50 2.00 6.80 0.44642716625625056 3.2693025091693917E-002
0.50 2.00 7.20 0.44138534559935100 3.2840750872832170E-002
0.50 2.00 7.60 0.44295829950868787 3.2856845510959951E-002
0.50 2.00 8.00 0.44193328873894550 3.2975109754845487E-002
0.50 2.00 8.40 0.43884690884741218 3.2850896355167532E-002
0.50 2.00 8.80 0.43361315320744709 3.2935456652590372E-002
0.50 2.00 9.20 0.43634981039555065 3.2970965529297673E-002
0.50 2.00 9.60 0.43364977015890671 3.2878413010968270E-002
0.50 2.00 10.00 0.43432907187546527 3.3170251580585022E-002
0.50 2.00 10.40 0.43236267326740646 3.2920377124373588E-002
0.50 2.00 10.80 0.43033432253098691 3.2992676704910351E-002
0.50 2.00 11.20 0.42869014743467176 3.2955417607913949E-002
0.50 2.00 11.60 0.42677589949332273 3.3069846336067556E-002
0.50 2.00 12.00 0.42637909960849713 3.3100143039530738E-002

0.50 2.20 0.00 0.28822549050455354 3.0863822950718461E-002
0.50 2.20 0.40 0.47497390384895405 3.1691885901964950E-002
0.50 2.20 0.80 0.47573612749654010 3.2040379248472382E-002
0.50 2.20 1.20 0.47636285499797043 3.2087201560751205E-002
0.50 2.20 1.60 0.47184863022798995 3.1974430545719530E-002
0.50 2.20 2.00 0.47130175491716952 3.2100647844245885E-002
0.50 2.20 2.40 0.47421144216950362 3.2115685867660032E-002
0.50 2.20 2.80 0.46934454254401531 3.2237963826358559E-002
0.50 2.20 3.20 0.46774294657733534 3.2131653303166197E-002
0.50 2.20 3.60 0.46632662708269007 3.2338424887631549E-002
0.50 2.20 4.00 0.45885292338765443 3.2274981442516781E-002
0.50 2.20 4.40 0.46609282229652421 3.2495038719278682E-002
0.50 2.20 4.80 0.45852551137239717 3.2473477068279036E-002
0.50 2.20 5.20 0.45537308566002610 3.2467642471971397E-002
0.50 2.20 5.60 0.45427237881991350 3.2380265359020124E-002
0.50 2.20 6.00 0.45098000676285821 3.2636870494932788E-002
0.50 2.20 6.40 0.44588192850237007 3.2786532410149935E-002
0.50 2.20 6.80 0.45031712826962289 3.2661670624780537E-002
0.50 2.20 7.20 0.44679765919593423 3.2919743466627197E-002
0.50 2.20 7.60 0.44340049897241879 3.2771244467418414E-002
0.50 2.20 8.00 0.44260316678221817 3.2718767064630908E-002
0.50 2.20 8.40 0.43796905978484285 3.2936566469726772E-002
0.50 2.20 8.80 0.43714451274004951 3.2706872937056451E-002
0.50 2.20 9.20 0.43301719000704458 3.2984721673187875E-002
0.50 2.20 9.60 0.43674058802175891 3.2951154124850016E-002
0.50 2.20 10.00 0.43333915286132624 3.2798528343256979E-002
0.50 2.20 10.40 0.43178031037664555 3.2779947756554018E-002
0.50 2.20 10.80 0.43172994634128825 3.3090634421956491E-002
0.50 2.20 11.20 0.43175993743357255 3.3111146842778889E-002
0.50 2.20 11.60 0.42712277503190305 3.3107036894099461E-002
0.50 2.20 12.00 Binary file (standard input) matches

0.50 2.40 0.00 0.28259264123174443 3.5042187756078445E-002
0.50 2.40 0.40 0.47329004801315622 3.2290982189489260E-002
0.50 2.40 0.80 0.46815327554630776 3.2314117588229815E-002
0.50 2.40 1.20 0.46905842123652597 3.2336604802930491E-002
0.50 2.40 1.60 0.46967272665812693 3.2329363856794746E-002
0.50 2.40 2.00 0.47110961035692667 3.2414117234265495E-002
0.50 2.40 2.40 0.46739301844635583 3.2180191911310704E-002
0.50 2.40 2.80 0.46430165351099573 3.2179830351906975E-002
0.50 2.40 3.20 0.46253562811215332 3.2373617008419266E-002
0.50 2.40 3.60 0.46237458270110682 3.2291613955998270E-002
0.50 2.40 4.00 0.46009025404688375 3.2414629063067163E-002
0.50 2.40 4.40 0.46090506342931398 3.2553064357889010E-002
0.50 2.40 4.80 0.45511153875771032 3.2609110583585975E-002
0.50 2.40 5.20 0.45319275716963414 3.2681825705519585E-002
0.50 2.40 5.60 0.45277622679787388 3.2702744556073901E-002
0.50 2.40 6.00 0.44897924132140943 3.2573567402866724E-002
0.50 2.40 6.40 0.44825704442774394 3.2700017469730287E-002
0.50 2.40 6.80 0.44341247251608706 3.2659294057677708E-002
0.50 2.40 7.20 0.44706236632936569 3.2590435618959489E-002
0.50 2.40 7.60 0.44502718148283826 3.2851223244140061E-002
0.50 2.40 8.00 0.43968231471745706 3.2708277620073598E-002
0.50 2.40 8.40 0.44093249679150537 3.2747843408335288E-002
0.50 2.40 8.80 0.44004365241175075 3.2729919822505386E-002
0.50 2.40 9.20 0.44135330455168631 3.3017363447082407E-002
0.50 2.40 9.60 0.43533249627818016 3.2866125429885394E-002
0.50 2.40 10.00 0.43416124818869201 3.2863139710258990E-002
0.50 2.40 10.40 0.43074654820221436 3.2943838530609761E-002
0.50 2.40 10.80 0.42807712294682448 3.3167047455536100E-002
0.50 2.40 11.20 0.43086668540361206 3.2877074739030940E-002
0.50 2.40 11.60 0.42938971421539363 3.2987063474112045E-002
0.50 2.40 12.00 0.42738838846468929 3.3090078713066559E-002

0.50 2.60 0.00 0.25550884324661111 3.1863106314088750E-002
0.50 2.60 0.40 0.47027267011520379 3.2160226589232101E-002
0.50 2.60 0.80 0.47094722832303021 3.2360064151934327E-002
0.50 2.60 1.20 0.46178816018898861 3.2428754297507828E-002
0.50 2.60 1.60 0.46886259733603952 3.2365950885162642E-002
0.50 2.60 2.00 0.45736824266931564 3.2277137640321911E-002
0.50 2.60 2.40 0.46135477193776725 3.2553825864035837E-002
0.50 2.60 2.80 0.45966362732157712 3.2193260023272496E-002
0.50 2.60 3.20 0.45740094208383847 3.2414157637361690E-002
0.50 2.60 3.60 0.45813699471277047 3.2543030968652617E-002
0.50 2.60 4.00 0.45645500609382250 3.2417355050285951E-002
0.50 2.60 4.40 0.45511456463286776 3.2619338974254668E-002
0.50 2.60 4.80 0.45225728320093878 3.2473987055087257E-002
0.50 2.60 5.20 0.45131743988924988 3.2703588233742760E-002
0.50 2.60 5.60 0.44870287283106319 3.2647992425375194E-002
0.50 2.60 6.00 0.44886914302252973 3.2608619157941013E-002
0.50 2.60 6.40 0.44415302344982133 3.2671213836487849E-002
0.50 2.60 6.80 0.44407783277081692 3.2939691207736099E-002
0.50 2.60 7.20 0.44406945039097956 3.2701653471619387E-002
0.50 2.60 7.60 0.43924171128738898 3.2743366732801420E-002
0.50 2.60 8.00 0.44356677101043374 3.2989334208129016E-002
0.50 2.60 8.40 0.43468252432774890 3.2743587459482228E-002
0.50 2.60 8.80 0.43567598484149023 3.2891832236270846E-002
0.50 2.60 9.20 0.43557906822931425 3.3099951167374464E-002
0.50 2.60 9.60 0.43237214841417038 3.3110785117791135E-002
0.50 2.60 10.00 0.43129718215656976 3.2953992198604454E-002
0.50 2.60 10.40 0.42873823397130256 3.2987991335209424E-002
0.50 2.60 10.80 0.42945073611157519 3.2811680051596098E-002
0.50 2.60 11.20 0.43095529292139823 3.3056291886873923E-002
0.50 2.60 11.60 0.43083965972019350 3.3040853366038021E-002
0.50 2.60 12.00 0.42788137401420140 3.2940191955381830E-002

0.50 2.80 0.00 0.26160259119142915 3.2699539539593564E-002
0.50 2.80 0.40 0.45454282862034689 3.2623688899329366E-002
0.50 2.80 0.80 0.45924694629301904 3.2222519517632386E-002
0.50 2.80 1.20 0.45874192407696041 3.2300733514693293E-002
0.50 2.80 1.60 0.45803088857787821 3.2398541376627323E-002
0.50 2.80 2.00 0.45891140614402903 3.2398259566479445E-002
0.50 2.80 2.40 0.45829174537427930 3.2404207587401965E-002
0.50 2.80 2.80 0.45844649750603655 3.2473278382442843E-002
0.50 2.80 3.20 0.45665180105162018 3.2385649938328279E-002
0.50 2.80 3.60 0.45376102097879512 3.2426860808511176E-002
0.50 2.80 4.00 0.45437974826780386 3.2506097562959455E-002
0.50 2.80 4.40 0.45450860362989126 3.2448378030021506E-002
0.50 2.80 4.80 0.45310061230371967 3.2488673427106887E-002
0.50 2.80 5.20 0.45180616664359441 3.2822612192238719E-002
0.50 2.80 5.60 0.44558706129872394 3.2810862628013908E-002
0.50 2.80 6.00 0.44478532258038400 3.2873140611865630E-002
0.50 2.80 6.40 0.44312445021192970 3.2601965532415886E-002
0.50 2.80 6.80 0.44302208939004040 3.2921172935460138E-002
0.50 2.80 7.20 0.44297412726721774 3.2584701633326052E-002
0.50 2.80 7.60 0.43985227032268287 3.3125549960753557E-002
0.50 2.80 8.00 0.43935410285368109 3.3189666539301027E-002
0.50 2.80 8.40 0.43735293245578744 3.2964810323623098E-002
0.50 2.80 8.80 0.43217808102850785 3.2781386829628133E-002
0.50 2.80 9.20 0.43176492467650379 3.2750111158609846E-002
0.50 2.80 9.60 0.43030330786123844 3.2996781865901784E-002
0.50 2.80 10.00 0.43351508331615324 3.3080613173042700E-002
0.50 2.80 10.40 0.43051185185676050 3.3159556380428910E-002
0.50 2.80 10.80 0.43119619226741035 3.3126237081288173E-002
0.50 2.80 11.20 0.42639424017643285 3.2955762479201636E-002
0.50 2.80 11.60 0.42278933593384521 3.3035366398794237E-002
0.50 2.80 12.00 0.42913533771583035 3.3100313841799449E-002

0.50 3.00 0.00 0.24074953331824550 3.2624236313034627E-002
0.50 3.00 0.40 0.42600871703392873 3.3172337786238459E-002
0.50 3.00 0.80 0.43956689196594628 3.2742319551939986E-002
0.50 3.00 1.20 0.44633301750471022 3.2852120410703026E-002
0.50 3.00 1.60 0.45546979407162047 3.2571316563026483E-002
0.50 3.00 2.00 0.45415354086994791 3.2516859903366217E-002
0.50 3.00 2.40 0.45375115109936048 3.2556037259262774E-002
0.50 3.00 2.80 0.45588199768245002 3.2852394343365898E-002
0.50 3.00 3.20 0.45524238473016770 3.2507130333647313E-002
0.50 3.00 3.60 0.45668849430428426 3.2674023672763224E-002
0.50 3.00 4.00 0.45416441142848107 3.2743134532698830E-002
0.50 3.00 4.40 0.45102598320332471 3.2783663638504407E-002
0.50 3.00 4.80 0.44804413507303975 3.2573841219275521E-002
0.50 3.00 5.20 0.44743693171664900 3.2701134179312925E-002
0.50 3.00 5.60 0.44639294233982180 3.2845864032268302E-002
0.50 3.00 6.00 0.44778051965849769 3.2983909932835752E-002
0.50 3.00 6.40 0.44275965208893009 3.2832240948274749E-002
0.50 3.00 6.80 0.44468297175833060 3.2796664491900440E-002
0.50 3.00 7.20 0.44122792625956209 3.2883313838296242E-002
0.50 3.00 7.60 0.43664415225371406 3.3027554170965069E-002
0.50 3.00 8.00 0.43865156605968136 3.2982217329171205E-002
0.50 3.00 8.40 0.43314553187590460 3.2969138711688578E-002
0.50 3.00 8.80 0.43239647118398017 3.2981764979814102E-002
0.50 3.00 9.20 0.43193405052172124 3.2928887450959801E-002
0.50 3.00 9.60 0.43091732408275341 3.3127619841578908E-002
0.50 3.00 10.00 0.43283298028340356 3.2897810171471552E-002
0.50 3.00 10.40 0.43051631627984854 3.3095762612541858E-002
0.50 3.00 10.80 0.42942769895828964 3.3071792621267811E-002
0.50 3.00 11.20 0.42981633454155110 3.3122012095900218E-002
0.50 3.00 11.60 0.42265752573089654 3.2995285853358286E-002
0.50 3.00 12.00 0.42607228350584192 3.3066970009659857E-002

0.50 3.20 0.00 0.18563188265883174 2.6637271180942650E-002
0.50 3.20 0.40 0.43786144421948725 3.2730943503207932E-002
0.50 3.20 0.80 0.44829367323774622 3.2419239050064969E-002
0.50 3.20 1.20 0.45407172939588969 3.2398250439040981E-002
0.50 3.20 1.60 0.45431208876481238 3.2489763301691524E-002
0.50 3.20 2.00 0.45111218290231819 3.2653746347179505E-002
0.50 3.20 2.40 0.45215189534744127 3.2730659615161188E-002
0.50 3.20 2.80 0.45357513243174691 3.2846410103476817E-002
0.50 3.20 3.20 0.44849852871108248 3.2717064246947154E-002
0.50 3.20 3.60 0.44673975467526461 3.2701176319726938E-002
0.50 3.20 4.00 0.45056984795777061 3.2909322647673871E-002
0.50 3.20 4.40 0.44597955009342521 3.2645243957747670E-002
0.50 3.20 4.80 0.44260073048466470 3.2681495484022750E-002
0.50 3.20 5.20 0.44679179730458796 3.2912089921273972E-002
0.50 3.20 5.60 0.44486125088998285 3.2886966739230902E-002
0.50 3.20 6.00 0.43696018408136422 3.2952879514373812E-002
0.50 3.20 6.40 0.44006216633677547 3.3005158706435563E-002
0.50 3.20 6.80 0.43518161116161042 3.2834759122239238E-002
0.50 3.20 7.20 0.43697269219237966 3.2821719956515061E-002
0.50 3.20 7.60 0.43204089914635019 3.3153177971823433E-002
0.50 3.20 8.00 0.43989215559285261 3.3018743105205507E-002
0.50 3.20 8.40 0.43392860786677501 3.3138693843034021E-002
0.50 3.20 8.80 0.43075697573880384 3.2877197500941063E-002
0.50 3.20 9.20 0.43307939783074756 3.3114075414012255E-002
0.50 3.20 9.60 0.42950432538102712 3.3129753967597993E-002
0.50 3.20 10.00 0.42862172499152457 3.3115446788554007E-002
0.50 3.20 10.40 0.42579646287426209 3.3184591116610797E-002
0.50 3.20 10.80 0.42569552873264077 3.3151665200427803E-002
0.50 3.20 11.20 0.42351236416083193 3.3199469555703076E-002
0.50 3.20 11.60 0.42466743999875811 3.3152288697979503E-002
0.50 3.20 12.00 0.42084892437361593 3.3103985442869875E-002

0.50 3.40 0.00 0.23759451530668269 3.5917316111660567E-002
0.50 3.40 0.40 0.44678486079137247 3.2558484283983044E-002
0.50 3.40 0.80 0.45603230414089896 3.2966979859387485E-002
0.50 3.40 1.20 0.45043757758114256 3.2836261266597153E-002
0.50 3.40 1.60 0.45293385252361357 3.2580572156837351E-002
0.50 3.40 2.00 0.44796970330180086 3.2594139064239636E-002
0.50 3.40 2.40 0.44602389498885353 3.2794265278921264E-002
0.50 3.40 2.80 0.44582138042301295 3.2628979437938424E-002
0.50 3.40 3.20 0.44321386787095279 3.2862999422009175E-002
0.50 3.40 3.60 0.44402449217151280 3.2796614425868321E-002
0.50 3.40 4.00 0.44006721040906915 3.2624801375632506E-002
0.50 3.40 4.40 0.44422422378657406 3.2819660815043623E-002
0.50 3.40 4.80 0.44400439391715951 3.2984278258198670E-002
0.50 3.40 5.20 0.44324790382720913 3.2822899649433232E-002
0.50 3.40 5.60 0.43981317583015589 3.2758824333138828E-002
0.50 3.40 6.00 0.44040098011919787 3.2881145178178729E-002
0.50 3.40 6.40 0.43910699862445168 3.2780618538317298E-002
0.50 3.40 6.80 0.43764822843879447 3.2949900110071081E-002
0.50 3.40 7.20 0.43321186603976247 3.2877212541681536E-002
0.50 3.40 7.60 0.43148806149920854 3.2934874988083930E-002
0.50 3.40 8.00 0.43466024732214714 3.2907795353744419E-002
0.50 3.40 8.40 0.43508792342227903 3.3004212853856345E-002
0.50 3.40 8.80 0.42864212434976390 3.3091136120300665E-002
0.50 3.40 9.20 0.43201095308174320 3.3094199730363136E-002
0.50 3.40 9.60 0.42983957370129150 3.3222599657671548E-002
0.50 3.40 10.00 0.42796875970775750 3.3063003725187237E-002
0.50 3.40 10.40 0.42668820645810668 3.3077371888248976E-002
0.50 3.40 10.80 0.42574175838170680 3.3045432460633871E-002
0.50 3.40 11.20 0.42589271148948249 3.3069106766492953E-002
0.50 3.40 11.60 0.42357644433504749 3.3143294978685865E-002
0.50 3.40 12.00 0.42632620560683393 3.3140590755052463E-002

0.50 3.60 0.00 0.18499763411323744 2.7432736779992736E-002
0.50 3.60 0.40 0.45339054916843252 3.2690074012481841E-002
0.50 3.60 0.80 0.45097476083620486 3.2805745798791620E-002
0.50 3.60 1.20 0.45052847293792342 3.2965275662125794E-002
0.50 3.60 1.60 0.45001200154216958 3.2718381696478609E-002
0.50 3.60 2.00 0.45137508426269191 3.2941116224914385E-002
0.50 3.60 2.40 0.44937121940561353 3.2529984516020009E-002
0.50 3.60 2.80 0.44737477628793743 3.2835770131679654E-002
0.50 3.60 3.20 0.44530874236215101 3.2639908350381545E-002
0.50 3.60 3.60 0.44319098348913799 3.2671352206545025E-002
0.50 3.60 4.00 0.44426606849306705 3.2669383695047106E-002
0.50 3.60 4.40 0.44315524731766381 3.2634330763101564E-002
0.50 3.60 4.80 0.44456263444656346 3.2718369341859309E-002
0.50 3.60 5.20 0.44631353081280228 3.2811700620294718E-002
0.50 3.60 5.60 0.44205197805773749 3.2735165488755394E-002
0.50 3.60 6.00 0.43994287654791692 3.2724326186261199E-002
0.50 3.60 6.40 0.44038286292919249 3.3041850968981178E-002
0.50 3.60 6.80 0.43778405864954878 3.3055673593900957E-002
0.50 3.60 7.20 0.43788951973313484 3.2797005099265676E-002
0.50 3.60 7.60 0.43684305226539666 3.2817071895292975E-002
0.50 3.60 8.00 0.43620085730048697 3.2778662278185634E-002
0.50 3.60 8.40 0.43354535610792777 3.3100996639689177E-002
0.50 3.60 8.80 0.43001015956217481 3.3054854941220617E-002
0.50 3.60 9.20 0.43400579886967883 3.3083906803720697E-002
0.50 3.60 9.60 0.42997083092699684 3.3147862695486342E-002
0.50 3.60 10.00 0.42997780140056002 3.3085699074653488E-002
0.50 3.60 10.40 0.42672929426741329 3.3242508771769097E-002
0.50 3.60 10.80 0.42834884482544944 3.3051702284446947E-002
0.50 3.60 11.20 0.42576678393855494 3.2970465646847032E-002
0.50 3.60 11.60 0.42620541291747899 3.3182352544769658E-002
0.50 3.60 12.00 0.42577985014564740 3.3145823110829739E-002

0.50 3.80 0.00 0.21006782637328886 3.0408367497806284E-002
0.50 3.80 0.40 0.46003117528227067 3.2692501058717405E-002
0.50 3.80 0.80 0.45061740411578127 3.2631387943411791E-002
0.50 3.80 1.20 0.44666620380474775 3.2461607374703515E-002
0.50 3.80 1.60 0.44724405042037219 3.2645286111180893E-002
0.50 3.80 2.00 0.44641388992112158 3.2532189700489725E-002
0.50 3.80 2.40 0.44556823320239314 3.2770820075460887E-002
0.50 3.80 2.80 0.44498921077506137 3.2875301908113504E-002
0.50 3.80 3.20 0.44600643348387753 3.2642837577677067E-002
0.50 3.80 3.60 0.44467238135274334 3.2746751452185738E-002
0.50 3.80 4.00 0.44266096986318049 3.2733325048203102E-002
0.50 3.80 4.40 0.44146569393169016 3.2659075555770738E-002
0.50 3.80 4.80 0.44031601225906492 3.2754537464043755E-002
0.50 3.80 5.20 0.44141565826249990 3.2923988368714747E-002
0.50 3.80 5.60 0.44192089462752088 3.2806315944830765E-002
0.50 3.80 6.00 0.44272871001679981 3.2678159449253716E-002
0.50 3.80 6.40 0.43784159975132680 3.2851274046262723E-002
0.50 3.80 6.80 0.43754486649335728 3.3099693248099651E-002
0.50 3.80 7.20 0.43549577439037213 3.2922220093864231E-002
0.50 3.80 7.60 0.43523147105254684 3.2916425502493844E-002
0.50 3.80 8.00 0.43686126921980295 3.2816241262645318E-002
0.50 3.80 8.40 0.43430780517714218 3.2915574968529149E-002
0.50 3.80 8.80 0.43331601908033746 3.3124444519999137E-002
0.50 3.80 9.20 0.43372632291606916 3.3207235666766123E-002
0.50 3.80 9.60 0.43265430139322036 3.3032350702865927E-002
0.50 3.80 10.00 0.43177969257044613 3.3110967417344914E-002
0.50 3.80 10.40 0.43090995960790784 3.3100871634561553E-002
0.50 3.80 10.80 0.43012907699189962 3.3129756236498706E-002
0.50 3.80 11.20 0.42954093191662163 3.2900536689578465E-002
0.50 3.80 11.60 0.42694686491997808 3.3220945293635562E-002
0.50 3.80 12.00 0.42756056571331030 3.3026996568439514E-002

0.50 4.00 0.00 0.18728573578699312 3.0781978733252231E-002
0.50 4.00 0.40 0.44514580333611242 3.2669469209841359E-002
0.50 4.00 0.80 0.45240841099883522 3.2794139401266562E-002
0.50 4.00 1.20 0.44318410479833803 3.2697353185012122E-002
0.50 4.00 1.60 0.44803666704721457 3.2598868920080182E-002
0.50 4.00 2.00 0.44615018174662707 3.2799745987666482E-002
0.50 4.00 2.40 0.44367669505858764 3.2583037888329745E-002
0.50 4.00 2.80 0.44164823975491252 3.2683837706689561E-002
0.50 4.00 3.20 0.44522246379205771 3.2815388993638214E-002
0.50 4.00 3.60 0.43826668428672988 3.2679159962901182E-002
0.50 4.00 4.00 0.44053578609015442 3.2808044079495391E-002
0.50 4.00 4.40 0.43920110541350182 3.2772972213897314E-002
0.50 4.00 4.80 0.44145037424966427 3.2926644435981325E-002
0.50 4.00 5.20 0.43996871384296554 3.2854574724347045E-002
0.50 4.00 5.60 0.43540606430847140 3.2830526328374555E-002
0.50 4.00 6.00 0.44269338205366832 3.3041676958676228E-002
0.50 4.00 6.40 0.43249042986800401 3.2745657162256914E-002
0.50 4.00 6.80 0.43658583784458421 3.2813769657351881E-002
0.50 4.00 7.20 0.43706151068239840 3.2945557987936497E-002
0.50 4.00 7.60 0.43172415034484313 3.2937837120344038E-002
0.50 4.00 8.00 0.43338194680155162 3.2813995542620780E-002
0.50 4.00 8.40 0.43510263730726895 3.3010521682392012E-002
0.50 4.00 8.80 0.43146163313432229 3.2997673297405078E-002
0.50 4.00 9.20 0.43357106890737623 3.3379075045964476E-002
0.50 4.00 9.60 0.43059961132392921 3.2960087332437327E-002
0.50 4.00 10.00 0.43361433844208219 3.3300775729988706E-002
0.50 4.00 10.40 0.43120864021401778 3.3067486437368447E-002
0.50 4.00 10.80 0.42492285911145106 3.3102835373451822E-002
0.50 4.00 11.20 0.42828933508004879 3.3155018005079154E-002
0.50 4.00 11.60 0.42953112649710173 3.3171958205548600E-002
0.50 4.00 12.00 0.42331559164111265 3.3128281161521958E-002

0.50 4.20 0.00 0.18757987177990817 3.1959726262184934E-002
0.50 4.20 0.40 0.43820404276335834 3.2867881604786979E-002
0.50 4.20 0.80 0.44824935557343648 3.2734931921358519E-002
0.50 4.20 1.20 0.44441779795388908 3.2688435509952825E-002
0.50 4.20 1.60 0.44257998651158265 3.2717714147633581E-002
0.50 4.20 2.00 0.44301367097011141 3.2903342314661424E-002
0.50 4.20 2.40 0.44122059914980277 3.2880304214810967E-002
0.50 4.20 2.80 0.43802522667170801 3.2910064701470371E-002
0.50 4.20 3.20 0.44003177643772207 3.2943953908056503E-002
0.50 4.20 3.60 0.43734529140400430 3.2674560979418475E-002
0.50 4.20 4.00 0.43969609380039121 3.3036435226253227E-002
0.50 4.20 4.40 0.44379698531337608 3.2846485283260105E-002
0.50 4.20 4.80 0.44141945723053394 3.2963170752912420E-002
0.50 4.20 5.20 0.43603748433369632 3.3078058769971212E-002
0.50 4.20 5.60 0.43221061812407013 3.2941598896721068E-002
0.50 4.20 6.00 0.44011042270189832 3.3027980964304919E-002
0.50 4.20 6.40 0.43189840710249489 3.2850385396970466E-002
0.50 4.20 6.80 0.42989150619203914 3.3002026066392513E-002
0.50 4.20 7.20 0.43149363996421120 3.2973624360588538E-002
0.50 4.20 7.60 0.43410649189229550 3.3071610872150811E-002
0.50 4.20 8.00 0.43245898780262515 3.3052174639748313E-002
0.50 4.20 8.40 0.42824876859308308 3.3110544760671393E-002
0.50 4.20 8.80 0.43479249169403300 3.3269286464422627E-002
0.50 4.20 9.20 0.42835501687438138 3.2994204977484828E-002
0.50 4.20 9.60 0.43167778307532673 3.3293367586875434E-002
0.50 4.20 10.00 0.43286964946635509 3.3108615136780109E-002
0.50 4.20 10.40 0.42705978981100168 3.3166046253509440E-002
0.50 4.20 10.80 0.42581465955890313 3.3294345955126821E-002
0.50 4.20 11.20 0.42320182546009244 3.2983738454174627E-002
0.50 4.20 11.60 0.42768918328412886 3.3281737580003877E-002
0.50 4.20 12.00 0.42490110070616760 3.3284548475800868E-002

0.50 4.40 0.00 0.16789377310404224 2.6171865648027190E-002
0.50 4.40 0.40 0.43648081399050931 3.2790396502798455E-002
0.50 4.40 0.80 0.44195403236360964 3.2864207951373847E-002
0.50 4.40 1.20 0.44356296987539856 3.2574339675898588E-002
0.50 4.40 1.60 0.44190639265286336 3.2752845377220806E-002
0.50 4.40 2.00 0.43668137772490290 3.2783448907098903E-002
0.50 4.40 2.40 0.43931462386862929 3.2876866807573554E-002
0.50 4.40 2.80 0.43688944607831803 3.2910734703799807E-002
0.50 4.40 3.20 0.43776180599002501 3.2919380243625299E-002
0.50 4.40 3.60 0.43610374472841834 3.2739402187170738E-002
0.50 4.40 4.00 0.43430659101557961 3.2939993390547519E-002
0.50 4.40 4.40 0.43556877041947589 3.3053774224826436E-002
0.50 4.40 4.80 0.43557713844060897 3.3033402956927131E-002
0.50 4.40 5.20 0.43524041170446964 3.2882682530941586E-002
0.50 4.40 5.60 0.43570152189841194 3.2977977696795821E-002
0.50 4.40 6.00 0.43408896104428851 3.3004570491450322E-002
0.50 4.40 6.40 0.43243831696620072 3.3111481972419810E-002
0.50 4.40 6.80 0.43479121474329829 3.2906524352451783E-002
0.50 4.40 7.20 0.43257835889400670 3.3083906685131746E-002
0.50 4.40 7.60 0.42977836412963610 3.3105838110897727E-002
0.50 4.40 8.00 0.43189063988807924 3.3372810044212824E-002
0.50 4.40 8.40 0.43047794853271393 3.3042207327300836E-002
0.50 4.40 8.80 0.43145131726468933 3.2967302227007854E-002
0.50 4.40 9.20 0.42911371753896449 3.3340756187972991E-002
0.50 4.40 9.60 0.42488531175494548 3.3028769644538228E-002
0.50 4.40 10.00 0.42843421851323066 3.2945396068461634E-002
0.50 4.40 10.40 0.42699014720272305 3.3065390705981294E-002
0.50 4.40 10.80 0.42654301288857488 3.3149248633236303E-002
0.50 4.40 11.20 0.42405148217065419 3.3097250301821063E-002
0.50 4.40 11.60 0.42014431403646951 3.2983367683142945E-002
0.50 4.40 12.00 0.42250261852842230 3.3382131873867564E-002

0.50 4.60 0.00 7.6071721814137142E-002 1.7395859183825399E-002
0.50 4.60 0.40 0.43139584678999732 3.2976565892379156E-002
0.50 4.60 0.80 0.44143962180619944 3.2944517281970918E-002
0.50 4.60 1.20 0.44486518112397705 3.2799372583368638E-002
0.50 4.60 1.60 0.44027386371227789 3.2757888400295913E-002
0.50 4.60 2.00 0.44005524496243914 3.2806362923095821E-002
0.50 4.60 2.40 0.43544202743287297 3.2817621891780023E-002
0.50 4.60 2.80 0.43710047027621313 3.2817374028426494E-002
0.50 4.60 3.20 0.43293634142591397 3.2787320789047218E-002
0.50 4.60 3.60 0.43628693879254082 3.2955144114209071E-002
0.50 4.60 4.00 0.43342730968268983 3.2897468197614313E-002
0.50 4.60 4.40 0.43428959863936401 3.2899359684278436E-002
0.50 4.60 4.80 0.43905657800466236 3.3108287481714446E-002
0.50 4.60 5.20 0.43199231468260840 3.2953009755372908E-002
0.50 4.60 5.60 0.43477707968867441 3.3131023904529669E-002
0.50 4.60 6.00 0.43280132750097061 3.2945923121159779E-002
0.50 4.60 6.40 0.43297068005623496 3.2900489958639902E-002
0.50 4.60 6.80 0.42825700177301024 3.3095425839182575E-002
0.50 4.60 7.20 0.43374675003881713 3.2958034042716904E-002
0.50 4.60 7.60 0.43402066629292657 3.2920114932103416E-002
0.50 4.60 8.00 0.43217887377771591 3.3112632925200072E-002
0.50 4.60 8.40 0.42974375223483996 3.3093129307377803E-002
0.50 4.60 8.80 0.43113006950598998 3.3360145439557565E-002
0.50 4.60 9.20 0.42936311250599851 3.3123344101752661E-002
0.50 4.60 9.60 0.42719010275194680 3.3028093670835271E-002
0.50 4.60 10.00 0.42819814189758248 3.3352079801152977E-002
0.50 4.60 10.40 0.42521557659947290 3.3198226869851306E-002
0.50 4.60 10.80 0.42413526690085118 3.3255829875371290E-002
0.50 4.60 11.20 0.42129862770473470 3.3352943807216373E-002
0.50 4.60 11.60 0.42391494589481582 3.3291401833021289E-002
0.50 4.60 12.00 0.42374161142377298 3.3215682906637629E-002

0.50 4.80 0.00 0.12057404128851776 1.9385219462042941E-002
0.50 4.80 0.40 0.42900718632224855 3.2810208434499236E-002
0.50 4.80 0.80 0.44104410845034459 3.2774396817520243E-002
0.50 4.80 1.20 0.44164529944281866 3.2818606623485652E-002
0.50 4.80 1.60 0.43949575700538202 3.2754177976564679E-002
0.50 4.80 2.00 0.43544328257942233 3.2801701347280207E-002
0.50 4.80 2.40 0.43913073438813316 3.2824434308120931E-002
0.50 4.80 2.80 0.43301720317124193 3.2898846721281724E-002
0.50 4.80 3.20 0.43620495862870501 3.3000553871731668E-002
0.50 4.80 3.60 0.43262854899873082 3.2968649553378797E-002
0.50 4.80 4.00 0.43490581947147844 3.2809718727913308E-002
0.50 4.80 4.40 0.42945745758581166 3.2878443244387975E-002
0.50 4.80 4.80 0.43263883155186045 3.3081084220882934E-002
0.50 4.80 5.20 0.43142709506443183 3.2944788830517158E-002
0.50 4.80 5.60 0.43071715717026499 3.2910878592982987E-002
0.50 4.80 6.00 0.43253778294394862 3.3014761260976667E-002
0.50 4.80 6.40 0.43099597364112768 3.3145140587429490E-002
0.50 4.80 6.80 0.42772302657645528 3.3272017686004580E-002
0.50 4.80 7.20 0.43068068694576478 3.3019642937162606E-002
0.50 4.80 7.60 0.43035882821255367 3.3083581342930532E-002
0.50 4.80 8.00 0.43056379129325412 3.3095175223445059E-002
0.50 4.80 8.40 0.43169596077668004 3.3175885524537284E-002
0.50 4.80 8.80 0.43109389050150992 3.3206026671436129E-002
0.50 4.80 9.20 0.42834207092410104 3.3071280717914965E-002
0.50 4.80 9.60 0.42791364139691684 3.3074382003590551E-002
0.50 4.80 10.00 0.42573044494225287 3.3198726705080409E-002
0.50 4.80 10.40 0.42792656655263883 3.3271389461281969E-002
0.50 4.80 10.80 0.42343616802360290 3.3142657277786057E-002
0.50 4.80 11.20 0.42467007674786894 3.3237771231852113E-002
0.50 4.80 11.60 0.42008671945618525 3.3217592967826282E-002
0.50 4.80 12.00 0.42309853324255930 3.3127723279011374E-002

0.50 5.00 0.00 0.19174617848319425 3.1924504743009355E-002
0.50 5.00 0.40 0.43809146162527651 3.2870111142738134E-002
0.50 5.00 0.80 0.43713757469359910 3.3133497306986379E-002
0.50 5.00 1.20 0.43442238119649457 3.2745197974917525E-002
0.50 5.00 1.60 0.43307326638025029 3.2787247084679935E-002
0.50 5.00 2.00 0.43523563840075924 3.2886826003529476E-002
0.50 5.00 2.40 0.43371990774978642 3.2863258276240946E-002
0.50 5.00 2.80 0.42969874106756506 3.2849335681617242E-002
0.50 5.00 3.20 0.43093413192757096 3.2986465275508414E-002
0.50 5.00 3.60 0.43196106581047899 3.3104138790858668E-002
0.50 5.00 4.00 0.43454900881949043 3.3259908616041250E-002
0.50 5.00 4.40 0.42932318060192809 3.2992853165149882E-002
0.50 5.00 4.80 0.43113657586233201 3.2861276258430334E-002
0.50 5.00 5.20 0.43328751178788699 3.3311273909055208E-002
0.50 5.00 5.60 0.42969767757138699 3.3058750204476926E-002
0.50 5.00 6.00 0.42772065905485446 3.2739014038924125E-002
0.50 5.00 6.40 0.43018347057268691 3.2995408982711999E-002
0.50 5.00 6.80 0.42704872024546675 3.3240247147295961E-002
0.50 5.00 7.20 0.42681940800741663 3.3222369982343521E-002
0.50 5.00 7.60 0.42879687157094920 3.2900913843801428E-002
0.50 5.00 8.00 0.43000778750203439 3.3275587276525166E-002
0.50 5.00 8.40 0.42483601227396256 3.3013942760542349E-002
0.50 5.00 8.80 0.42697766981279867 3.3150771113095896E-002
0.50 5.00 9.20 Binary file (standard input) matches
0.50 5.00 9.60 0.42442094971087158 3.3158971004356511E-002
0.50 5.00 10.00 0.42314534793408975 3.3378012798129832E-002
0.50 5.00 10.40 0.42162427552103310 3.3109098904180463E-002
0.50 5.00 10.80 0.42248898964659942 3.3080758435718123E-002
0.50 5.00 11.20 0.41775668013975292 3.3236669761920405E-002
0.50 5.00 11.60 0.42093606075528917 3.3323250803102125E-002
0.50 5.00 12.00 0.41978216938169233 3.3142211574630480E-002

0.50 5.20 0.00 0.13464771505592152 2.6108892541778960E-002
0.50 5.20 0.40 0.43641472772516438 3.2939323598264098E-002
0.50 5.20 0.80 0.44182348486705514 3.3107957326179188E-002
0.50 5.20 1.20 0.43972473565560966 3.3118522009640668E-002
0.50 5.20 1.60 0.43572566318991546 3.2836863680365154E-002
0.50 5.20 2.00 0.43800371182613257 3.2904425426855177E-002
0.50 5.20 2.40 0.43781652753001782 3.3172845978073538E-002
0.50 5.20 2.80 0.43613456792790617 3.3079314626770412E-002
0.50 5.20 3.20 0.43115531778154742 3.2880225390655431E-002
0.50 5.20 3.60 0.43395962203021943 3.3269425173934525E-002
0.50 5.20 4.00 0.43185437832483647 3.2919972380422755E-002
0.50 5.20 4.40 0.43780913483144757 3.3122138612789516E-002
0.50 5.20 4.80 0.43348384167648596 3.3115692367999862E-002
0.50 5.20 5.20 0.42887780727057911 3.2815315232249551E-002
0.50 5.20 5.60 0.43005771139602522 3.3160672184358350E-002
0.50 5.20 6.00 0.43308702058830645 3.3026699173269683E-002
0.50 5.20 6.40 0.43127523119216782 3.3068774381579874E-002
0.50 5.20 6.80 0.42531173642844333 3.2971193682776199E-002
0.50 5.20 7.20 0.43174198816639880 3.3209456628810113E-002
0.50 5.20 7.60 0.42795489399194897 3.3117858368787875E-002
0.50 5.20 8.00 0.42544094718492265 3.3188404381071748E-002
0.50 5.20 8.40 0.42301872473710861 3.3043529100496259E-002
0.50 5.20 8.80 0.42649113130526384 3.3046768243208860E-002
0.50 5.20 9.20 0.42361128456518438 3.3033612484869967E-002
0.50 5.20 9.60 0.42424197801917291 3.3181699950106287E-002
0.50 5.20 10.00 0.42498284837547323 3.3053379828841011E-002
0.50 5.20 10.40 0.42436695840849825 3.2895222844465492E-002
0.50 5.20 10.80 0.42756153086708915 3.3428597212128423E-002
0.50 5.20 11.20 0.42313965498185224 3.3173880471750995E-002
0.50 5.20 11.60 0.42264102192748237 3.3182010683483233E-002
0.50 5.20 12.00 0.41803425004872635 3.3095546871595924E-002

0.50 5.40 0.00 0.16383213591246504 2.6857830184164613E-002
0.50 5.40 0.40 0.44068146776598660 3.2891750414022848E-002
0.50 5.40 0.80 0.43530945337855903 3.2638572675841741E-002
0.50 5.40 1.20 0.43460201532658760 3.2598329276584341E-002
0.50 5.40 1.60 0.43470277055552825 3.2837110362403422E-002
0.50 5.40 2.00 0.44204820771908748 3.2920637189343946E-002
0.50 5.40 2.40 0.43019476263172152 3.2784026111828006E-002
0.50 5.40 2.80 0.43195575752233750 3.2678291519734691E-002
0.50 5.40 3.20 0.43463883310167806 3.3188339419529436E-002
0.50 5.40 3.60 0.43115110526501771 3.2819552854957947E-002
0.50 5.40 4.00 0.43275997118160098 3.3034035254156789E-002
0.50 5.40 4.40 0.42876634336644825 3.3046333381223571E-002
0.50 5.40 4.80 0.42934985658776476 3.2985765848461503E-002
0.50 5.40 5.20 0.43264412194480695 3.2950295925094263E-002
0.50 5.40 5.60 0.43204556629869062 3.2961063162785090E-002
0.50 5.40 6.00 0.43050880789666185 3.2914280096005631E-002
0.50 5.40 6.40 0.43067236639538392 3.3005691040035784E-002
0.50 5.40 6.80 0.43014972435898297 3.2934196823928667E-002
0.50 5.40 7.20 0.42990260777083333 3.3127548228585199E-002
0.50 5.40 7.60 0.42776306808554559 3.3070260078550434E-002
0.50 5.40 8.00 0.43081914899522661 3.3093477398119575E-002
0.50 5.40 8.40 0.42666804291298382 3.2992517021947235E-002
0.50 5.40 8.80 0.42425250717977725 3.2956884155829799E-002
0.50 5.40 9.20 0.42786814385029642 3.3124211132090443E-002
0.50 5.40 9.60 0.42558533092196055 3.3198982799252201E-002
0.50 5.40 10.00 0.42528632037839265 3.3257118950324148E-002
0.50 5.40 10.40 0.42681141256107236 3.3156036310185599E-002
0.50 5.40 10.80 0.42393431855035180 3.3332928149358239E-002
0.50 5.40 11.20 0.42608989630550065 3.3329237248730846E-002
0.50 5.40 11.60 0.42232682714569891 3.2983563918095621E-002
0.50 5.40 12.00 0.42524418506791495 3.3267588788710466E-002

0.50 5.60 0.00 0.14790625453291936 2.5872625546191172E-002
0.50 5.60 0.40 0.43358366806488702 3.2551146565076891E-002
0.50 5.60 0.80 0.43546250065802072 3.2980965395294652E-002
0.50 5.60 1.20 0.43638687187147501 3.3187465300400704E-002
0.50 5.60 1.60 0.43379930982815401 3.2783159380967819E-002
0.50 5.60 2.00 0.43168345496967619 3.2829684636921257E-002
0.50 5.60 2.40 0.43132278313884048 3.3003333068240076E-002
0.50 5.60 2.80 0.43108469586926768 3.2845277102464050E-002
0.50 5.60 3.20 0.43211924629625009 3.3129897467655677E-002
0.50 5.60 3.60 0.43035810269835240 3.2834505782144023E-002
0.50 5.60 4.00 0.42996082273300712 3.3037234381850522E-002
0.50 5.60 4.40 0.42913743759646827 3.3057873409105855E-002
0.50 5.60 4.80 0.43098260383626236 3.3226560559500649E-002
0.50 5.60 5.20 0.42573525954044689 3.2992190570890506E-002
0.50 5.60 5.60 0.42778523680678643 3.3263954939828207E-002
0.50 5.60 6.00 0.42996401390082123 3.3393812885361057E-002
0.50 5.60 6.40 0.43072098077870746 3.2914987071357323E-002
0.50 5.60 6.80 0.43102550353024122 3.2972253960869127E-002
0.50 5.60 7.20 0.42621024225329424 3.3168698420658609E-002
0.50 5.60 7.60 0.42572559706763374 3.2994865163812295E-002
0.50 5.60 8.00 0.42040012626400464 3.3002878690846865E-002
0.50 5.60 8.40 0.42538188140464134 3.3113650717085698E-002
0.50 5.60 8.80 0.43002819955364940 3.3106392317909752E-002
0.50 5.60 9.20 0.42312094558595109 3.2894819298070560E-002
0.50 5.60 9.60 0.42281709546151741 3.3006185208567913E-002
0.50 5.60 10.00 0.42415397691325574 3.3044233172161576E-002
0.50 5.60 10.40 0.42360698578476430 3.3123796591806649E-002
0.50 5.60 10.80 0.42451633259755062 3.3073367430843395E-002
0.50 5.60 11.20 0.42485770269846690 3.3083414021052165E-002
0.50 5.60 11.60 0.42542711528658972 3.3129897806981223E-002
0.50 5.60 12.00 0.42455473156151646 3.3227754973534890E-002

0.50 5.80 0.00 0.20002229135905472 3.3788930321328771E-002
0.50 5.80 0.40 0.43311904116053779 3.3017262957216610E-002
0.50 5.80 0.80 0.43182667699242733 3.2849974747410304E-002
0.50 5.80 1.20 0.43576866273520232 3.2722546662481415E-002
0.50 5.80 1.60 0.43477765119023559 3.2794158280956637E-002
0.50 5.80 2.00 0.43171236287440323 3.2876943140173996E-002
0.50 5.80 2.40 0.43456269374266598 3.2999639088858959E-002
0.50 5.80 2.80 0.42731655539319746 3.3048657589714224E-002
0.50 5.80 3.20 0.42509972221089753 3.2931241760457260E-002
0.50 5.80 3.60 0.43168084627376996 3.3019816393185270E-002
0.50 5.80 4.00 0.42674402325212563 3.3141272581974968E-002
0.50 5.80 4.40 0.42809821759554573 3.2974518931356778E-002
0.50 5.80 4.80 0.42789249019332443 3.3219352859301679E-002
0.50 5.80 5.20 0.42441727249960842 3.3179286118559900E-002
0.50 5.80 5.60 0.42530893655020729 3.3025732786699714E-002
0.50 5.80 6.00 0.42374933755247779 3.3248149325019231E-002
0.50 5.80 6.40 0.42143499036359200 3.3339155701397505E-002
0.50 5.80 6.80 0.42431957321141889 3.3146307159511237E-002
0.50 5.80 7.20 0.42232584864852035 3.3222406721831833E-002
0.50 5.80 7.60 0.42303497281404578 3.3140222195477249E-002
0.50 5.80 8.00 0.42639568305969544 3.3237999680570333E-002
0.50 5.80 8.40 0.42404863365492995 3.3377602006079372E-002
0.50 5.80 8.80 0.42527257348829312 3.3057583066727902E-002
0.50 5.80 9.20 0.42451383998319414 3.3197504400453638E-002
0.50 5.80 9.60 0.42300688832739225 3.3052250914429392E-002
0.50 5.80 10.00 0.42356987999144752 3.3078785449921065E-002
0.50 5.80 10.40 0.42642217923725473 3.3520369263802204E-002
0.50 5.80 10.80 0.42025596843518909 3.3240366312570012E-002
0.50 5.80 11.20 0.42272208453230603 3.3167564434707267E-002
0.50 5.80 11.60 0.42294393012751963 3.3408511676999909E-002
0.50 5.80 12.00 0.41946801349803903 3.3202017621956022E-002

0.50 6.00 0.00 0.15962316996060855 2.9764619409070023E-002
0.50 6.00 0.40 0.42620760497695775 3.2953053304876370E-002
0.50 6.00 0.80 0.43062527792588029 3.2941900387485554E-002
0.50 6.00 1.20 0.43268673060061946 3.3005121013651793E-002
0.50 6.00 1.60 0.43356973204192262 3.2858917518206542E-002
0.50 6.00 2.00 0.43224510706472719 3.2977915762606537E-002
0.50 6.00 2.40 0.43268459064594522 3.3143980246709226E-002
0.50 6.00 2.80 0.42988633674245491 3.3016554504561292E-002
0.50 6.00 3.20 0.42922995963807820 3.3283479164204585E-002
0.50 6.00 3.60 0.42881800017406813 3.3008376804205396E-002
0.50 6.00 4.00 0.42627168699933804 3.2954088004884453E-002
0.50 6.00 4.40 0.42692128906837157 3.2911168314569486E-002
0.50 6.00 4.80 0.42522561083055710 3.3228913612790442E-002
0.50 6.00 5.20 0.42533393541316933 3.3263674440293045E-002
0.50 6.00 5.60 0.42582652831654216 3.2983303054656458E-002
0.50 6.00 6.00 0.42827132843755855 3.3418125033357803E-002
0.50 6.00 6.40 0.42527106403202392 3.3435410468047336E-002
0.50 6.00 6.80 0.42325278076107242 3.3012504035791194E-002
0.50 6.00 7.20 0.42547847591330845 3.3165954151499734E-002
0.50 6.00 7.60 0.42492952799163752 3.3098541006362545E-002
0.50 6.00 8.00 0.42598345982304825 3.3325916389963753E-002
0.50 6.00 8.40 0.41948131723098614 3.3163489256623921E-002
0.50 6.00 8.80 0.42546164494181554 3.3297346578508316E-002
0.50 6.00 9.20 0.42520547177222057 3.3314410473755829E-002
0.50 6.00 9.60 0.42085892100450195 3.3029483381099206E-002
0.50 6.00 10.00 0.42094598428693930 3.3156464776326618E-002
0.50 6.00 10.40 0.42205667067551272 3.3349120596679743E-002
0.50 6.00 10.80 0.42185827793823283 3.3216351935682814E-002
0.50 6.00 11.20 0.42028476039333185 3.3077264881329463E-002
0.50 6.00 11.60 0.41888663744491011 3.3260386489047028E-002
0.50 6.00 12.00 0.42365232605186787 3.3215102997509884E-002

