0.50 0.00 0.00 0.48867880905250927 5.2806667743694663E-002
0.50 0.00 0.40 0.49938368198205219 5.8036487945019602E-002
0.50 0.00 0.80 0.50105579732517957 5.8122026699773545E-002
0.50 0.00 1.20 0.49140832750020502 5.8882576030320918E-002
0.50 0.00 1.60 0.47248876029833003 5.9473539882744841E-002
0.50 0.00 2.00 0.47208073072652229 5.9769080674175273E-002
0.50 0.00 2.40 0.45929466112062556 6.0535077455801917E-002
0.50 0.00 2.80 0.44616678421933520 6.0400036565780385E-002
0.50 0.00 3.20 0.44754065284452693 6.1473528747182871E-002
0.50 0.00 3.60 0.43260667203596059 6.1202640211095838E-002
0.50 0.00 4.00 0.42168270944188457 6.0913949321162529E-002
0.50 0.00 4.40 0.41811054810900733 6.1201708170409014E-002
0.50 0.00 4.80 0.41783371352412635 6.1135706583459203E-002
0.50 0.00 5.20 0.41071070111663843 6.2083026580419601E-002
0.50 0.00 5.60 0.41582060520248715 6.0748262330728942E-002
0.50 0.00 6.00 0.40725781744696760 6.2436281897923392E-002
0.50 0.00 6.40 Binary file (standard input) matches
0.50 0.00 6.80 0.40723266745574571 6.2318720748995950E-002
0.50 0.00 7.20 0.40208757959727198 6.1699127255735037E-002
0.50 0.00 7.60 0.40283850507236724 6.1694736624217573E-002
0.50 0.00 8.00 0.38780842302920904 6.1531761859707969E-002
0.50 0.00 8.40 0.39178456737941264 6.0923817758347536E-002
0.50 0.00 8.80 0.38852010556626093 6.1302298710054250E-002
0.50 0.00 9.20 0.39720597113624290 6.2974602248916711E-002
0.50 0.00 9.60 0.38448514093579883 6.1256242114910188E-002
0.50 0.00 10.00 0.39030569729121639 6.1844871178401331E-002
0.50 0.00 10.40 0.38826255838219387 6.2767643170031487E-002
0.50 0.00 10.80 0.38740086612336344 6.2213069843546999E-002
0.50 0.00 11.20 0.38093410005446454 6.1912245542530553E-002
0.50 0.00 11.60 0.37803277237961352 6.0726514556865202E-002
0.50 0.00 12.00 0.38607135218206384 6.1744213368875624E-002

0.50 0.20 0.00 0.49261840519380395 6.1858897496728710E-002
0.50 0.20 0.40 0.51576995922770286 5.9685730201012109E-002
0.50 0.20 0.80 0.52217377847929169 5.9116617494543777E-002
0.50 0.20 1.20 0.52260753100637025 5.9737671483628615E-002
0.50 0.20 1.60 0.51364209515891990 6.0083868081236363E-002
0.50 0.20 2.00 0.51289234230972447 5.9735066704709815E-002
0.50 0.20 2.40 0.50458565685156342 6.0278132395818251E-002
0.50 0.20 2.80 0.49813671578654473 6.0381202509563157E-002
0.50 0.20 3.20 0.49210719403461328 6.1100971297784003E-002
0.50 0.20 3.60 0.48471199339202437 6.1470090185337764E-002
0.50 0.20 4.00 0.47735822996935318 6.1249039270173472E-002
0.50 0.20 4.40 0.47313844065571492 6.1406760243334267E-002
0.50 0.20 4.80 0.47126517848207800 6.2091075138550750E-002
0.50 0.20 5.20 0.47067104027144469 6.1481743289754136E-002
0.50 0.20 5.60 0.46931853579502281 6.2188859970080258E-002
0.50 0.20 6.00 0.45705078733360738 6.2249990710647497E-002
0.50 0.20 6.40 0.45703118072528592 6.2597008827886977E-002
0.50 0.20 6.80 0.45623882126286996 6.2927310542196663E-002
0.50 0.20 7.20 0.45037289261327224 6.2807317294145876E-002
0.50 0.20 7.60 0.45231847774583389 6.2255533163130941E-002
0.50 0.20 8.00 0.44765339463238440 6.2672672956037637E-002
0.50 0.20 8.40 0.44675935892321395 6.3246880801054853E-002
0.50 0.20 8.80 0.44307788685686722 6.2993460282996752E-002
0.50 0.20 9.20 0.43881676357234695 6.3018626800094207E-002
0.50 0.20 9.60 0.43816463235447756 6.3291514339351845E-002
0.50 0.20 10.00 0.43842049779963227 6.2769467064663659E-002
0.50 0.20 10.40 0.43240186752405740 6.2596471943062226E-002
0.50 0.20 10.80 0.42897068067930189 6.2156309344698485E-002
0.50 0.20 11.20 0.43282716840172830 6.3148788071709996E-002
0.50 0.20 11.60 0.43040697062191874 6.2684617710657572E-002
0.50 0.20 12.00 0.43138785637350086 6.2998089206752733E-002

0.50 0.40 0.00 0.51450261013195031 6.1082182073153107E-002
0.50 0.40 0.40 0.51771215119898895 5.9307925079421397E-002
0.50 0.40 0.80 0.52554796983370455 5.8790371085278757E-002
0.50 0.40 1.20 0.51938891887341521 5.9062696537494977E-002
0.50 0.40 1.60 0.51925006629856107 6.0164660670131397E-002
0.50 0.40 2.00 0.51480151788768014 5.9377984745343095E-002
0.50 0.40 2.40 0.50584448422408745 6.0097595207945588E-002
0.50 0.40 2.80 0.49940844641142068 6.0407847335373278E-002
0.50 0.40 3.20 0.49509167053535863 6.0833375987587458E-002
0.50 0.40 3.60 0.48985949134440665 6.1119547270207790E-002
0.50 0.40 4.00 0.48265673419644550 6.1504625574928314E-002
0.50 0.40 4.40 0.48006111252606176 6.1346253447475782E-002
0.50 0.40 4.80 0.47005465075045016 6.1383474000575824E-002
0.50 0.40 5.20 0.47317435584513279 6.2256565167288398E-002
0.50 0.40 5.60 0.46837637307701296 6.2516168641929437E-002
0.50 0.40 6.00 0.45994665323987310 6.2467005235450034E-002
0.50 0.40 6.40 0.46117588736650639 6.2275529236053929E-002
0.50 0.40 6.80 0.45698378348237856 6.2071230226886959E-002
0.50 0.40 7.20 0.45505899201068312 6.2753572567657914E-002
0.50 0.40 7.60 0.45648384464856867 6.2715897051831032E-002
0.50 0.40 8.00 0.44938097929487342 6.2582818307462554E-002
0.50 0.40 8.40 0.44321347527142885 6.3156407806022080E-002
0.50 0.40 8.80 0.44141763278887802 6.2167814107199522E-002
0.50 0.40 9.20 0.43710583948194071 6.3137320077562245E-002
0.50 0.40 9.60 0.44481259861696881 6.2763596167083990E-002
0.50 0.40 10.00 0.44074773925777783 6.2600077316185040E-002
0.50 0.40 10.40 0.43427239921039734 6.2656958513264374E-002
0.50 0.40 10.80 0.43833956269579211 6.3449569519049689E-002
0.50 0.40 11.20 0.43399397682855778 6.2902660577422859E-002
0.50 0.40 11.60 0.43215045683956238 6.3184928894839315E-002
0.50 0.40 12.00 0.43259506796406405 6.3383378959708442E-002

0.50 0.60 0.00 0.42014430679859699 6.3368391697953677E-002
0.50 0.60 0.40 0.52088093534434021 5.9642705168430024E-002
0.50 0.60 0.80 0.52709436583132807 5.9398763333512856E-002
0.50 0.60 1.20 0.52522869097677671 5.9340267563339121E-002
0.50 0.60 1.60 0.51386712541668422 5.9719935791125202E-002
0.50 0.60 2.00 0.51366869298276940 5.9412789769226843E-002
0.50 0.60 2.40 0.50593203707716661 6.0365399959559911E-002
0.50 0.60 2.80 0.50575498676915631 6.0719674971671453E-002
0.50 0.60 3.20 0.49711019011203328 6.0679270541746246E-002
0.50 0.60 3.60 0.49545031211349783 6.1104610773184229E-002
0.50 0.60 4.00 0.48420593467667927 6.1436111949992080E-002
0.50 0.60 4.40 0.47829667143838794 6.1608816492787932E-002
0.50 0.60 4.80 0.47398162058049448 6.1759193865137403E-002
0.50 0.60 5.20 0.46907058973024851 6.1632741782258429E-002
0.50 0.60 5.60 0.46409588323759648 6.1927398961749459E-002
0.50 0.60 6.00 0.46466437597809807 6.2765588363792535E-002
0.50 0.60 6.40 0.46116254795280887 6.2163284165545826E-002
0.50 0.60 6.80 0.45856763089919028 6.2303093377041721E-002
0.50 0.60 7.20 0.45613215568792337 6.2212189398604963E-002
0.50 0.60 7.60 0.45301104335846398 6.2349801871709049E-002
0.50 0.60 8.00 0.44920298154544430 6.2858606417896340E-002
0.50 0.60 8.40 0.44868151778736987 6.2638838444643283E-002
0.50 0.60 8.80 0.44201077594605742 6.2999516175765172E-002
0.50 0.60 9.20 0.44720640847810200 6.2302071699874943E-002
0.50 0.60 9.60 0.44277328206021560 6.2718582474243237E-002
0.50 0.60 10.00 0.44578936047811446 6.2887663520570930E-002
0.50 0.60 10.40 0.43618916118316353 6.3081802540678231E-002
0.50 0.60 10.80 0.43528969179244675 6.2693528902975512E-002
0.50 0.60 11.20 0.43159589722242098 6.2794325514406654E-002
0.50 0.60 11.60 0.43282275333418330 6.3070444405823448E-002
0.50 0.60 12.00 0.43347526981176737 6.3165020922292703E-002

0.50 0.80 0.00 0.31984433878070995 6.1347260057752789E-002
0.50 0.80 0.40 0.51281921346705972 5.9689742189641147E-002
0.50 0.80 0.80 0.52345269947750439 5.9603813181715190E-002
0.50 0.80 1.20 0.51905574451015191 5.9932473253372177E-002
0.50 0.80 1.60 0.52131766748055164 5.9922845974456317E-002
0.50 0.80 2.00 0.51488318256853227 6.0131658527398893E-002
0.50 0.80 2.40 0.50596838149856105 6.0081653946836885E-002
0.50 0.80 2.80 0.50177303726930877 6.0403196218124400E-002
0.50 0.80 3.20 0.49411030146390267 6.0726924654620068E-002
0.50 0.80 3.60 0.49177218440486853 6.0541113956397122E-002
0.50 0.80 4.00 0.48554494086168953 6.1377002430931277E-002
0.50 0.80 4.40 0.48038373434709680 6.1824228996628913E-002
0.50 0.80 4.80 0.46963849219487364 6.1239054054051979E-002
0.50 0.80 5.20 0.47025722882602616 6.2330066976995897E-002
0.50 0.80 5.60 0.46970296569954534 6.1547618407459238E-002
0.50 0.80 6.00 0.45928303573018303 6.2282588046318761E-002
0.50 0.80 6.40 0.45905191580371402 6.2000448528607921E-002
0.50 0.80 6.80 0.45568453071220272 6.2563343756171244E-002
0.50 0.80 7.20 0.45952228902201819 6.2042078428610661E-002
0.50 0.80 7.60 0.45184450031244350 6.2531987436887440E-002
0.50 0.80 8.00 0.44671688201475490 6.2839695864487399E-002
0.50 0.80 8.40 0.45099866326100313 6.2587644244351134E-002
0.50 0.80 8.80 0.45263435633159316 6.2737347846934605E-002
0.50 0.80 9.20 0.44705570517078758 6.2434596956970637E-002
0.50 0.80 9.60 0.44327671008082287 6.3210175494557291E-002
0.50 0.80 10.00 0.43933230410881424 6.2944955976144634E-002
0.50 0.80 10.40 0.43611090406731312 6.3021918033896576E-002
0.50 0.80 10.80 0.44007480616927352 6.3174014998811742E-002
0.50 0.80 11.20 0.43508018852696040 6.3055776394025834E-002
0.50 0.80 11.60 0.43649688865936975 6.3224357449463073E-002
0.50 0.80 12.00 0.43141604824921059 6.2718678409037970E-002

0.50 1.00 0.00 0.42310240033047053 7.6128369709948393E-002
0.50 1.00 0.40 0.51256228902011813 6.0316534189657843E-002
0.50 1.00 0.80 0.51361355187221647 6.0024728707460513E-002
0.50 1.00 1.20 0.51904074435223280 5.9816766666815444E-002
0.50 1.00 1.60 0.51364007492341357 5.9892690519927683E-002
0.50 1.00 2.00 0.51397845308083645 5.9882466355538060E-002
0.50 1.00 2.40 0.50093602252762359 6.0243728203714299E-002
0.50 1.00 2.80 0.49531739319978890 6.0301392448829885E-002
0.50 1.00 3.20 0.49596633696595865 6.0787245986951038E-002
0.50 1.00 3.60 0.48608883413445370 6.1073812123629091E-002
0.50 1.00 4.00 0.47663667760044748 6.0977994921064343E-002
0.50 1.00 4.40 0.47662344944806784 6.1877944807419143E-002
0.50 1.00 4.80 0.47392247085661748 6.1848233256650252E-002
0.50 1.00 5.20 0.46692443114903909 6.1866098114611072E-002
0.50 1.00 5.60 0.46476305889554226 6.2256061962934622E-002
0.50 1.00 6.00 0.46409759927480965 6.2323847211408032E-002
0.50 1.00 6.40 0.46168670172392179 6.2454315739817856E-002
0.50 1.00 6.80 0.46151112011285661 6.2372805664177515E-002
0.50 1.00 7.20 0.46009079732250002 6.1812634040632267E-002
0.50 1.00 7.60 0.45485395771745474 6.2545373202058677E-002
0.50 1.00 8.00 0.45460890208191646 6.3140656548706722E-002
0.50 1.00 8.40 0.45087802660374920 6.2288192260410324E-002
0.50 1.00 8.80 0.44844333099047845 6.2812117588683922E-002
0.50 1.00 9.20 0.45035051892756350 6.2655623749959893E-002
0.50 1.00 9.60 0.44757824174813382 6.2434464742626608E-002
0.50 1.00 10.00 0.44667714795094071 6.2868219481957199E-002
0.50 1.00 10.40 0.44274754332015859 6.2991044798310719E-002
0.50 1.00 10.80 0.44348246739934660 6.2815990136099731E-002
0.50 1.00 11.20 0.43729308664896793 6.2488168743582567E-002
0.50 1.00 11.60 0.43483833389007848 6.2472841590698831E-002
0.50 1.00 12.00 0.43558803731175388 6.2248419770275398E-002

0.50 1.20 0.00 0.51853039871777851 5.6743154297219892E-002
0.50 1.20 0.40 0.49695786102593387 6.0961321967573562E-002
0.50 1.20 0.80 0.51581476050276376 6.0303598196095633E-002
0.50 1.20 1.20 0.50751312743974253 6.0542112468585624E-002
0.50 1.20 1.60 0.51236293442678726 6.0359135962958992E-002
0.50 1.20 2.00 0.50649452947036200 6.0638604519237083E-002
0.50 1.20 2.40 0.50126889150423137 6.0554931841858846E-002
0.50 1.20 2.80 0.49642622682261528 6.1097471841812689E-002
0.50 1.20 3.20 0.49289970736118088 6.1294985601823622E-002
0.50 1.20 3.60 0.49377102113887200 6.1050937915752092E-002
0.50 1.20 4.00 0.47914870271258936 6.1345484642884432E-002
0.50 1.20 4.40 0.47765497686142755 6.1969805487301917E-002
0.50 1.20 4.80 0.47294341691764685 6.2011470849197836E-002
0.50 1.20 5.20 0.46638619677426274 6.1982087076844265E-002
0.50 1.20 5.60 0.47190548149488043 6.2267071151442428E-002
0.50 1.20 6.00 0.46519775091060367 6.1754181081896911E-002
0.50 1.20 6.40 0.45945751621616848 6.2181156802464860E-002
0.50 1.20 6.80 0.45674204843518168 6.2647234245835223E-002
0.50 1.20 7.20 0.45540658274530532 6.2808913459156693E-002
0.50 1.20 7.60 0.45121862818897124 6.2593637118474724E-002
0.50 1.20 8.00 0.44932742266418035 6.3091111205939243E-002
0.50 1.20 8.40 0.44558438076289109 6.3044515457692948E-002
0.50 1.20 8.80 0.45272229173791018 6.3509951026697334E-002
0.50 1.20 9.20 0.44441724236156127 6.2426935656961849E-002
0.50 1.20 9.60 0.45005651241018968 6.3444009594056203E-002
0.50 1.20 10.00 0.43908566870813071 6.3118267073908482E-002
0.50 1.20 10.40 0.43283828587083883 6.2759641459307236E-002
0.50 1.20 10.80 0.43891301849798670 6.3599304265124779E-002
0.50 1.20 11.20 0.43515748980089181 6.3268538351261103E-002
0.50 1.20 11.60 0.43771087274180837 6.3767416480068756E-002
0.50 1.20 12.00 0.43436054141356256 6.2777380911488587E-002

0.50 1.40 0.00 0.32667817790931514 6.5932590857323073E-002
0.50 1.40 0.40 0.48478362320527674 6.1141390100887066E-002
0.50 1.40 0.80 0.49936802297670679 6.0257690947699699E-002
0.50 1.40 1.20 0.50446854572745303 5.9797790283178713E-002
0.50 1.40 1.60 0.50025731062275880 6.0351639576000496E-002
0.50 1.40 2.00 0.50235040966402233 6.0420915580164963E-002
0.50 1.40 2.40 0.50123366419886861 6.1159122250814574E-002
0.50 1.40 2.80 0.48842768976516487 6.1564823662810693E-002
0.50 1.40 3.20 0.49485273985766981 6.1066414710032588E-002
0.50 1.40 3.60 0.48000502338134610 6.1066410065712833E-002
0.50 1.40 4.00 0.47763110633715328 6.1513756655523125E-002
0.50 1.40 4.40 0.48044492546028011 6.1595330194744773E-002
0.50 1.40 4.80 0.46927764110212677 6.2157757666757525E-002
0.50 1.40 5.20 0.47029258931086770 6.2035315935053757E-002
0.50 1.40 5.60 0.46422051664666658 6.2555305564122074E-002
0.50 1.40 6.00 0.45970161588126768 6.2908545809612401E-002
0.50 1.40 6.40 0.46050284379258555 6.2308427216080146E-002
0.50 1.40 6.80 0.45678266282426405 6.3021063462525506E-002
0.50 1.40 7.20 0.44914772811782189 6.2436562626817266E-002
0.50 1.40 7.60 0.45528784526024335 6.2777283042108833E-002
0.50 1.40 8.00 0.44480660072848199 6.3128289006641108E-002
0.50 1.40 8.40 0.44868369289931787 6.2626016256119646E-002
0.50 1.40 8.80 0.44565391707523905 6.2951258788805670E-002
0.50 1.40 9.20 0.44899320362644479 6.3042021446337651E-002
0.50 1.40 9.60 0.43723639582723167 6.2929430115814811E-002
0.50 1.40 10.00 0.44186724233229935 6.2494948758294533E-002
0.50 1.40 10.40 0.43508168982191292 6.2806845840563563E-002
0.50 1.40 10.80 0.43716360471715515 6.2783623522153983E-002
0.50 1.40 11.20 0.43353535065704174 6.2824732270863506E-002
0.50 1.40 11.60 0.43554200674185156 6.2650334447847691E-002
0.50 1.40 12.00 0.43388625216116494 6.2944541744331131E-002

0.50 1.60 0.00 0.25830612022503197 5.4182742245527105E-002
0.50 1.60 0.40 0.47507978019789138 6.1287399911907070E-002
0.50 1.60 0.80 0.48525069759252198 6.0894093877703018E-002
0.50 1.60 1.20 0.49196991265433176 6.1269582596533707E-002
0.50 1.60 1.60 0.49527261827785773 6.0787956623379838E-002
0.50 1.60 2.00 0.48954912902586178 6.0695547098531262E-002
0.50 1.60 2.40 0.48849961803940600 6.0837292154302704E-002
0.50 1.60 2.80 0.48509736827026623 6.1135591188631259E-002
0.50 1.60 3.20 0.48406933896285731 6.1223607189140702E-002
0.50 1.60 3.60 0.47866036421941327 6.1942021484672358E-002
0.50 1.60 4.00 0.47741779898276260 6.1682424948744985E-002
0.50 1.60 4.40 0.47163949257283777 6.2091867283644603E-002
0.50 1.60 4.80 0.46982998573261864 6.1731092860972947E-002
0.50 1.60 5.20 0.46514796180510531 6.2380147052956483E-002
0.50 1.60 5.60 0.46172583494321701 6.2132433342382734E-002
0.50 1.60 6.00 0.46532642105596328 6.1976850916775302E-002
0.50 1.60 6.40 0.45626305889963925 6.2157759493321460E-002
0.50 1.60 6.80 0.45602613387143709 6.2751811958644488E-002
0.50 1.60 7.20 0.45357516808843706 6.2533322092456503E-002
0.50 1.60 7.60 0.44805320992521924 6.2237318823139619E-002
0.50 1.60 8.00 0.44977444973614605 6.2717421893881201E-002
0.50 1.60 8.40 0.44406541125196125 6.3343195985477357E-002
0.50 1.60 8.80 0.44035072621586274 6.2610618901385889E-002
0.50 1.60 9.20 0.44093738141757510 6.2916133581456174E-002
0.50 1.60 9.60 0.43873953008793209 6.3248965011658137E-002
0.50 1.60 10.00 0.43871129717580731 6.2873832222894693E-002
0.50 1.60 10.40 0.43930788954964906 6.3256219153743368E-002
0.50 1.60 10.80 0.44310109667396541 6.3357521615714715E-002
0.50 1.60 11.20 0.43676979736597482 6.2383776109217234E-002
0.50 1.60 11.60 0.43599292763131359 6.3299988239350735E-002
0.50 1.60 12.00 0.43532821061470051 6.3330912981969106E-002

0.50 1.80 0.00 0.51559854499925450 7.8464707222834856E-002
0.50 1.80 0.40 0.47025155095180776 6.1489202063472047E-002
0.50 1.80 0.80 0.47448883425678517 6.1351013253923961E-002
0.50 1.80 1.20 0.48883902513103916 6.1272870603433824E-002
0.50 1.80 1.60 0.48439281869173384 6.1286298844842539E-002
0.50 1.80 2.00 0.48735938818016933 6.1356784288786395E-002
0.50 1.80 2.40 0.48249490133406459 6.1524449736234867E-002
0.50 1.80 2.80 0.48308499420737105 6.1575564486184384E-002
0.50 1.80 3.20
0.50 1.80 3.60 0.47758992842779485 6.1604910066287343E-002
0.50 1.80 4.00 0.47229334385224753 6.1969509253532180E-002
0.50 1.80 4.40 0.47038660922656367 6.2352650177226888E-002
0.50 1.80 4.80 0.46654708333866568 6.1903384794469593E-002
0.50 1.80 5.20 0.46285973029016736 6.2071213128717113E-002
0.50 1.80 5.60 0.45580793429438105 6.2622542149879376E-002
0.50 1.80 6.00 0.46076084022982444 6.2162719898032875E-002
0.50 1.80 6.40 0.45593130413816552 6.2137794068918867E-002
0.50 1.80 6.80 0.45638080380113621 6.3060205571063066E-002
0.50 1.80 7.20 0.45076187665342732 6.2682518119368313E-002
0.50 1.80 7.60 0.44955512535490366 6.2766255211016253E-002
0.50 1.80 8.00 0.44694317203841283 6.2300520728882945E-002
0.50 1.80 8.40 0.44838015312898560 6.3037547099965535E-002
0.50 1.80 8.80 0.44441669969468967 6.2754249292859318E-002
0.50 1.80 9.20 0.44233381443710595 6.2630730951517222E-002
0.50 1.80 9.60 0.44446954033093755 6.2793051339817788E-002
0.50 1.80 10.00 0.43828365660227969 6.3051074944682997E-002
0.50 1.80 10.40 0.43510126491583606 6.3108043677162981E-002
0.50 1.80 10.80 0.43966728814620587 6.3433219560850698E-002
0.50 1.80 11.20 0.43594445165588003 6.3076328485251715E-002
0.50 1.80 11.60 0.43140243974039827 6.3251021280557942E-002
0.50 1.80 12.00 0.43226906052354269 6.3023583066357636E-002

0.50 2.00 0.00 0.35843670072994555 5.4217805863634332E-002
0.50 2.00 0.40 0.46778974338873863 6.1786625977634103E-002
0.50 2.00 0.80 0.48131103257534197 6.1786759482616645E-002
0.50 2.00 1.20 0.48007551652264135 6.1815153409627857E-002
0.50 2.00 1.60 0.48519955055538222 6.1495443001926026E-002
0.50 2.00 2.00 0.47862284299451296 6.1375452622840491E-002
0.50 2.00 2.40 0.48341424353012635 6.1570389747798014E-002
0.50 2.00 2.80 0.47634596136393920 6.1383840135641465E-002
0.50 2.00 3.20 0.47575828206256415 6.1859893022950745E-002
0.50 2.00 3.60 0.47109076502552971 6.2137621391282580E-002
0.50 2.00 4.00 0.46491829368732185 6.1981711794214023E-002
0.50 2.00 4.40 0.46022244709355337 6.2000160776332601E-002
0.50 2.00 4.80 0.46442897872510408 6.2420747890022020E-002
0.50 2.00 5.20 0.46471984344625145 6.2284012650573546E-002
0.50 2.00 5.60 0.45333644774096948 6.2287441178067081E-002
0.50 2.00 6.00 0.45901841970333351 6.2126368929187055E-002
0.50 2.00 6.40 0.45486544999119233 6.2507755689218181E-002
0.50 2.00 6.80 0.45308253015621364 6.2791976710828659E-002
0.50 2.00 7.20 0.45367145839449180 6.3475883744374809E-002
0.50 2.00 7.60 0.44761441062914009 6.2885301173590674E-002
0.50 2.00 8.00 0.44828305604101315 6.2281405248219832E-002
0.50 2.00 8.40 0.44704058750476772 6.2722205272696299E-002
0.50 2.00 8.80 0.44185515649478024 6.3041006255716278E-002
0.50 2.00 9.20 0.43969302775696334 6.3241944074276774E-002
0.50 2.00 9.60 0.44489539730178462 6.2875206577318390E-002
0.50 2.00 10.00 0.44439599845823352 6.2495687180602388E-002
0.50 2.00 10.40 0.43561143818963161 6.3249830218535266E-002
0.50 2.00 10.80 0.43331027685896839 6.2235141173311304E-002
0.50 2.00 11.20 0.43051979826081083 6.3013692453295175E-002
0.50 2.00 11.60 0.43263870534525778 6.3709560209104357E-002
0.50 2.00 12.00 0.43653678323398565 6.3118754909809449E-002

0.50 2.20 0.00 0.33363537464003062 6.8225512593916973E-002
0.50 2.20 0.40 0.45757544665791744 6.1610139217855603E-002
0.50 2.20 0.80 0.46327936255684604 6.1944775413911052E-002
0.50 2.20 1.20 0.47135493465187139 6.1844721878046550E-002
0.50 2.20 1.60 0.47435677012514066 6.1625318935930928E-002
0.50 2.20 2.00 0.47199177557107130 6.1722143103657368E-002
0.50 2.20 2.40 0.47219437479147491 6.1602106677458697E-002
0.50 2.20 2.80 0.47152391915367547 6.0824219628369543E-002
0.50 2.20 3.20 0.46912341725337409 6.2242450905580046E-002
0.50 2.20 3.60 0.47257960932535364 6.2763873973140386E-002
0.50 2.20 4.00 0.46217854704022870 6.1991223142428317E-002
0.50 2.20 4.40 0.45954606428008227 6.2181607347930816E-002
0.50 2.20 4.80 0.46331936794877632 6.2517181292064045E-002
0.50 2.20 5.20 0.45760348884241769 6.3196767313157223E-002
0.50 2.20 5.60 0.45982142038739865 6.2657387490778302E-002
0.50 2.20 6.00 0.45798048009199527 6.2398234278989474E-002
0.50 2.20 6.40 0.45758416454954548 6.2197981323778670E-002
0.50 2.20 6.80 0.44947824502363565 6.2090839636292222E-002
0.50 2.20 7.20 0.45257959409671794 6.2573427630240805E-002
0.50 2.20 7.60 0.44690726330281833 6.2827392104384108E-002
0.50 2.20 8.00 0.44528381397025923 6.3262338325124803E-002
0.50 2.20 8.40 0.44607799408292337 6.2786703570360022E-002
0.50 2.20 8.80 0.44516260084107406 6.2835694266210870E-002
0.50 2.20 9.20 0.44209728091807027 6.3481149448862559E-002
0.50 2.20 9.60 0.43683298117641556 6.2885030360660107E-002
0.50 2.20 10.00 0.43720600805897886 6.2955360882361783E-002
0.50 2.20 10.40 0.43964935276246148 6.3360616929208136E-002
0.50 2.20 10.80 0.43493992680176286 6.3487000860902906E-002
0.50 2.20 11.20 0.43575468561504033 6.3572897348113014E-002
0.50 2.20 11.60 0.43587498375527234 6.2863818608283023E-002
0.50 2.20 12.00 0.43616761545790828 6.3293109095976657E-002

0.50 2.40 0.00 0.38546562512510674 7.6231199056039256E-002
0.50 2.40 0.40 0.44313068271353301 6.2304194410929804E-002
0.50 2.40 0.80 0.45188650387235080 6.2374703422453055E-002
0.50 2.40 1.20 0.46432616753308686 6.2413671734158481E-002
0.50 2.40 1.60 0.46612371911798195 6.1798952781842491E-002
0.50 2.40 2.00 0.47244539610867520 6.1986365628049364E-002
0.50 2.40 2.40 0.46682502157703232 6.2159582224684658E-002
0.50 2.40 2.80 0.46342797903536503 6.1585520940240501E-002
0.50 2.40 3.20 0.46357677161707278 6.2125548050219977E-002
0.50 2.40 3.60 0.47064050199695934 6.2679273554326384E-002
0.50 2.40 4.00 0.46324621776632852 6.2723253399686527E-002
0.50 2.40 4.40 0.46373204379682276 6.1907985628029349E-002
0.50 2.40 4.80 0.46133368827984655 6.3123666120447799E-002
0.50 2.40 5.20 0.45877435878787243 6.2237080015931263E-002
0.50 2.40 5.60 0.45850416630153140 6.2804567288099106E-002
0.50 2.40 6.00 0.45751196386364662 6.3053645906263445E-002
0.50 2.40 6.40 0.44998123269614798 6.2663609740835680E-002
0.50 2.40 6.80 0.45270748462491700 6.3091862601028323E-002
0.50 2.40 7.20 0.44784994027848823 6.2898840320002064E-002
0.50 2.40 7.60 0.44824445847738126 6.2155655613981967E-002
0.50 2.40 8.00 0.44733267308572267 6.2656606217755553E-002
0.50 2.40 8.40 0.44551207072828725 6.2900513303072197E-002
0.50 2.40 8.80 0.44366831325112066 6.2765184260675205E-002
0.50 2.40 9.20 0.44482919286373079 6.3200529848039130E-002
0.50 2.40 9.60 0.44133889852800934 6.2929918269289564E-002
0.50 2.40 10.00 0.43899357623985236 6.3314223409955656E-002
0.50 2.40 10.40 0.43788157294550151 6.2949984366045847E-002
0.50 2.40 10.80 0.43939062650625482 6.3526791690317483E-002
0.50 2.40 11.20 0.43288981897091078 6.3268598584248978E-002
0.50 2.40 11.60 0.43725253429627858 6.3514431540341365E-002
0.50 2.40 12.00 0.43716890785644580 6.3120172396449292E-002

0.50 2.60 0.00 0.33961574641172970 6.3643001067716115E-002
0.50 2.60 0.40 0.44292017722878524 6.2280294509131008E-002
0.50 2.60 0.80 0.45511007019774813 6.2332800767692896E-002
0.50 2.60 1.20 0.45770402722338410 6.1469147899754342E-002
0.50 2.60 1.60 0.46230958122486870 6.2883081818025960E-002
0.50 2.60 2.00 0.46306530520085271 6.1963386099080621E-002
0.50 2.60 2.40 0.46346368445576991 6.2244918102738196E-002
0.50 2.60 2.80 0.46207452360521717 6.2462008191001589E-002
0.50 2.60 3.20 0.46059649928257357 6.2693221726779699E-002
0.50 2.60 3.60 0.46451997089327141 6.2469991916924206E-002
0.50 2.60 4.00 0.46403190661188259 6.2197894562718029E-002
0.50 2.60 4.40 0.46466711319519360 6.2447592480147029E-002
0.50 2.60 4.80 0.45746401247698343 6.2332156194459115E-002
0.50 2.60 5.20 0.45941657311144757 6.2360692846355488E-002
0.50 2.60 5.60 0.45253661134569584 6.2612718416682520E-002
0.50 2.60 6.00 0.45491558931923481 6.2640545543611870E-002
0.50 2.60 6.40 0.45146716973101392 6.3023010150915992E-002
0.50 2.60 6.80 0.44934368912631556 6.2677573714347359E-002
0.50 2.60 7.20 0.45101953379634602 6.3294656006277150E-002
0.50 2.60 7.60 0.44506844697334336 6.2808196842831648E-002
0.50 2.60 8.00 0.44810449847489153 6.3332633710418015E-002
0.50 2.60 8.40 0.44194934688882814 6.2751195183064892E-002
0.50 2.60 8.80 0.44127727179605775 6.3120619070877473E-002
0.50 2.60 9.20 0.43750136409674167 6.3216527204116815E-002
0.50 2.60 9.60 0.43912448298787393 6.3580522025262445E-002
0.50 2.60 10.00 0.43680277160305547 6.3032384520837398E-002
0.50 2.60 10.40 0.43303364946507317 6.3372040279482275E-002
0.50 2.60 10.80 0.43809206507424403 6.3676303444077403E-002
0.50 2.60 11.20 0.43081071197431459 6.2837369681173760E-002
0.50 2.60 11.60 0.43952780511238548 6.3344340439506236E-002
0.50 2.60 12.00 0.43112570512169474 6.2940601975601487E-002

0.50 2.80 0.00 0.22186416552568505 4.7947284254777699E-002
0.50 2.80 0.40 0.43931538343413568 6.2154756083834389E-002
0.50 2.80 0.80 0.45228084100418542 6.2857966837687088E-002
0.50 2.80 1.20 0.45595229014739713 6.2238428871428574E-002
0.50 2.80 1.60 0.46088730816620077 6.2160664794222623E-002
0.50 2.80 2.00 0.45885920876093139 6.2530954370323730E-002
0.50 2.80 2.40 0.45594932785031805 6.2352682616872795E-002
0.50 2.80 2.80 0.45794876120251693 6.2873030921497389E-002
0.50 2.80 3.20 0.46127259429220030 6.2616632177247181E-002
0.50 2.80 3.60 0.45730397750066387 6.3058383243722121E-002
0.50 2.80 4.00 0.45728011017286063 6.1713174952735518E-002
0.50 2.80 4.40 0.46031374284565513 6.2805357676975648E-002
0.50 2.80 4.80 0.45120558984050724 6.2444226530123589E-002
0.50 2.80 5.20 0.45036212959492306 6.2338576391161804E-002
0.50 2.80 5.60 0.45138643098842357 6.2592524658169460E-002
0.50 2.80 6.00 0.45292566145311053 6.3115254247201893E-002
0.50 2.80 6.40 0.44246474495367610 6.2403814592365499E-002
0.50 2.80 6.80 0.44775398497862018 6.2944931460911624E-002
0.50 2.80 7.20 0.44674581577225947 6.3274796974433542E-002
0.50 2.80 7.60 0.43959565782932619 6.2966382843177168E-002
0.50 2.80 8.00 0.44191253231506689 6.2976742369159885E-002
0.50 2.80 8.40 0.44346990980139073 6.3025695956673206E-002
0.50 2.80 8.80 0.44114952725892287 6.2815471114720925E-002
0.50 2.80 9.20 0.44084661491583033 6.3387806083625001E-002
0.50 2.80 9.60 0.44021558479824813 6.2996114163843625E-002
0.50 2.80 10.00 0.43171762594832047 6.2918846004195714E-002
0.50 2.80 10.40 0.43416227927322748 6.3264856075611081E-002
0.50 2.80 10.80 0.43350130965657219 6.3524671970414615E-002
0.50 2.80 11.20 0.43161231617086848 6.3245745750138624E-002
0.50 2.80 11.60 0.43100674008254725 6.3980224786788165E-002
0.50 2.80 12.00 0.43246962118984145 6.3280248943157369E-002

0.50 3.00 0.00 0.32548089053121593 6.3929901803092076E-002
0.50 3.00 0.40 0.44299914272275231 6.2524176343000643E-002
0.50 3.00 0.80 0.44622152618971167 6.2168081956168318E-002
0.50 3.00 1.20 0.44818946836663648 6.2302154293900201E-002
0.50 3.00 1.60 0.44977344590334606 6.2459809985557613E-002
0.50 3.00 2.00 0.46035217266128470 6.3060150921463567E-002
0.50 3.00 2.40 0.45147631173071445 6.2829831577427844E-002
0.50 3.00 2.80 0.45463146463458254 6.2115762095014557E-002
0.50 3.00 3.20 0.45612795205445833 6.2441444094385498E-002
0.50 3.00 3.60 0.45604800173730908 6.2582615321422064E-002
0.50 3.00 4.00 0.45195406780166547 6.2598703501204417E-002
0.50 3.00 4.40 0.45495797009895639 6.2872097388120329E-002
0.50 3.00 4.80 0.45255295647470356 6.3053929433618622E-002
0.50 3.00 5.20 0.44951349895829285 6.3248192179929469E-002
0.50 3.00 5.60 0.45008493698794333 6.2663835838452142E-002
0.50 3.00 6.00 0.44844247746301358 6.2991785800032299E-002
0.50 3.00 6.40 0.44451269076651573 6.3160180037727554E-002
0.50 3.00 6.80 0.44737426213665643 6.3234722450677489E-002
0.50 3.00 7.20 0.44494955519120660 6.2849270806061008E-002
0.50 3.00 7.60 0.44456739034247394 6.2528908851564716E-002
0.50 3.00 8.00 0.43832118711320112 6.3255083754004071E-002
0.50 3.00 8.40 0.44287753305483690 6.3434566502448442E-002
0.50 3.00 8.80 0.43888302905248217 6.3156143254293987E-002
0.50 3.00 9.20 0.44642964014639713 6.3498123652945743E-002
0.50 3.00 9.60 0.44111610847436056 6.3549957040879332E-002
0.50 3.00 10.00 0.43758772647077321 6.3241552447854357E-002
0.50 3.00 10.40 0.43975235713819671 6.3614847665549645E-002
0.50 3.00 10.80 0.43255911520768786 6.3127455194976631E-002
0.50 3.00 11.20 0.43221291128137318 6.3102900810388204E-002
0.50 3.00 11.60 0.43303653984553908 6.3574987111991485E-002
0.50 3.00 12.00 0.42932158104869578 6.3129182958926985E-002

0.50 3.20 0.00 0.25701565700800616 4.1598254345151825E-002
0.50 3.20 0.40 0.43454239061634625 6.3111432854264002E-002
0.50 3.20 0.80 0.43920143805573586 6.2614781141802411E-002
0.50 3.20 1.20 0.44864908285750982 6.2752826553582983E-002
0.50 3.20 1.60 0.44675663667135862 6.2525228954742176E-002
0.50 3.20 2.00 0.44955083420492004 6.3033294078308724E-002
0.50 3.20 2.40 0.45676635878356731 6.3094722798361577E-002
0.50 3.20 2.80 0.45351987505417546 6.3115424941878800E-002
0.50 3.20 3.20 0.45239289392578630 6.2750397400926750E-002
0.50 3.20 3.60 0.45144013893410423 6.2746713572726917E-002
0.50 3.20 4.00 0.45143728206749001 6.2676863370413838E-002
0.50 3.20 4.40 0.44976596509427180 6.3621208891167555E-002
0.50 3.20 4.80 0.45555900573630820 6.2629203413285234E-002
0.50 3.20 5.20 0.45464703414772956 6.2824974364385777E-002
0.50 3.20 5.60 0.44808844342576604 6.3108741526186271E-002
0.50 3.20 6.00 0.44700700558430639 6.3544043643185097E-002
0.50 3.20 6.40 0.44682235627127892 6.3106899049872156E-002
0.50 3.20 6.80 0.44991964932176254 6.2909572658655627E-002
0.50 3.20 7.20 0.43952050027533057 6.3238753628031746E-002
0.50 3.20 7.60 0.44308579340456006 6.3004603657201369E-002
0.50 3.20 8.00 0.44095978913284872 6.3671577505206467E-002
0.50 3.20 8.40 0.43653054039382144 6.3222850531536867E-002
0.50 3.20 8.80 0.43879262098548927 6.3074052554126916E-002
0.50 3.20 9.20 0.43798760780742774 6.2933212164106592E-002
0.50 3.20 9.60 0.43665341167460070 6.3073905794899479E-002
0.50 3.20 10.00 0.44205171513159991 6.3334235731603170E-002
0.50 3.20 10.40 0.43645299401365439 6.3176473407295555E-002
0.50 3.20 10.80 0.43277485678610256 6.2989167251534070E-002
0.50 3.20 11.20 0.43333068258352475 6.2977539760740109E-002
0.50 3.20 11.60 0.43468839605850401 6.2934481856182251E-002
0.50 3.20 12.00 0.43002479602437632 6.3581409323207855E-002

0.50 3.40 0.00 0.25878622913823451 5.7121655290764316E-002
0.50 3.40 0.40 0.43261595379545276 6.2967248686152458E-002
0.50 3.40 0.80 0.44044658640842804 6.2758899211104280E-002
0.50 3.40 1.20 0.44546501912167569 6.2384741415807243E-002
0.50 3.40 1.60 0.44211094671233209 6.2201111347802096E-002
0.50 3.40 2.00 0.45303051848717601 6.3022523062318481E-002
0.50 3.40 2.40 0.44472488228491880 6.2423737576586646E-002
0.50 3.40 2.80 0.44663983891623610 6.2544996288636787E-002
0.50 3.40 3.20 0.45065735145885399 6.3059264730428277E-002
0.50 3.40 3.60 0.45516105138915169 6.2809730602263178E-002
0.50 3.40 4.00 0.45096425667357770 6.3025911739032520E-002
0.50 3.40 4.40 0.44862704274580434 6.3211169811008841E-002
0.50 3.40 4.80 0.45088739906919600 6.3249298990686237E-002
0.50 3.40 5.20 0.45061975939063492 6.2416052182654759E-002
0.50 3.40 5.60 0.44449406881212977 6.3206711769272297E-002
0.50 3.40 6.00 0.44607519273831392 6.2509479493799328E-002
0.50 3.40 6.40 0.44033544488575799 6.3193142513349954E-002
0.50 3.40 6.80 0.44450999481364467 6.3244113048097420E-002
0.50 3.40 7.20 0.43937387938149641 6.3433287029538446E-002
0.50 3.40 7.60 0.43575986645251091 6.2760396464801055E-002
0.50 3.40 8.00 0.44007367621344889 6.3181736973868807E-002
0.50 3.40 8.40 0.44034658891605893 6.3025522577926651E-002
0.50 3.40 8.80 0.44016571521654252 6.3932854370290310E-002
0.50 3.40 9.20 0.43701451246919865 6.3663828911822998E-002
0.50 3.40 9.60 0.43437935326117338 6.3192746541722425E-002
0.50 3.40 10.00 0.43885301083491346 6.3517604166254210E-002
0.50 3.40 10.40 0.43080729071952406 6.3163555551300862E-002
0.50 3.40 10.80 0.43941407994965481 6.3561844469982046E-002
0.50 3.40 11.20 0.43250965955769577 6.3192813146186771E-002
0.50 3.40 11.60 0.43083466620951782 6.3000673525165737E-002
0.50 3.40 12.00 0.42453944419571965 6.3749582783842795E-002

0.50 3.60 0.00 Binary file (standard input) matches
0.50 3.60 0.40 0.43813904801412412 6.3204785837324015E-002
0.50 3.60 0.80 0.44078234108408376 6.3422576121452134E-002
0.50 3.60 1.20 0.44269374479258705 6.3439223930716687E-002
0.50 3.60 1.60 0.43981961761370592 6.2614986741962808E-002
0.50 3.60 2.00 0.44136694391722503 6.2736688938844362E-002
0.50 3.60 2.40 0.44534780893633102 6.2792364135756937E-002
0.50 3.60 2.80 0.44544824179416909 6.2891329521335984E-002
0.50 3.60 3.20 0.44509656822651500 6.3355591469745384E-002
0.50 3.60 3.60 0.44808051538423810 6.3031633790952515E-002
0.50 3.60 4.00 0.44649407676901331 6.2513279023027890E-002
0.50 3.60 4.40 0.44947769844978447 6.3575834955905464E-002
0.50 3.60 4.80 0.44103733429877190 6.2379901731955470E-002
0.50 3.60 5.20 0.44759145447235432 6.3024012175744493E-002
0.50 3.60 5.60 0.44616190119765325 6.2874745422723852E-002
0.50 3.60 6.00 0.43992857051175005 6.3031071637929731E-002
0.50 3.60 6.40 0.44599331368274664 6.3040093369613290E-002
0.50 3.60 6.80 0.44042383301224691 6.3787491458582216E-002
0.50 3.60 7.20 0.44679257125698513 6.3131028598497452E-002
0.50 3.60 7.60 0.44206139589053439 6.3143735659334635E-002
0.50 3.60 8.00 0.43693989481791962 6.3145643874889745E-002
0.50 3.60 8.40 0.43820764843819510 6.2844272212745259E-002
0.50 3.60 8.80 0.43929615366606789 6.3321685312693790E-002
0.50 3.60 9.20 0.43499386767447223 6.3648952091877556E-002
0.50 3.60 9.60 0.43142332024021507 6.3123319790354293E-002
0.50 3.60 10.00 0.43489083642494963 6.3624508920581122E-002
0.50 3.60 10.40 0.43506287814373062 6.3234984429804728E-002
0.50 3.60 10.80 0.43051294644929355 6.2946799950161544E-002
0.50 3.60 11.20 0.43357353974898549 6.3716857868686583E-002
0.50 3.60 11.60 0.42809456722797207 6.3883030646802938E-002
0.50 3.60 12.00 0.43394248921598050 6.3920993475639412E-002

0.50 3.80 0.00 0.11162749877570984 3.2015486383642898E-002
0.50 3.80 0.40 0.41729786295763127 6.2443059828363449E-002
0.50 3.80 0.80 0.42112694675141044 6.2775156439533381E-002
0.50 3.80 1.20 0.42564850017588152 6.3019269930254598E-002
0.50 3.80 1.60 0.42760491710014836 6.2925843459784178E-002
0.50 3.80 2.00 0.43010549052972563 6.2602677813866803E-002
0.50 3.80 2.40 0.43537262239006713 6.3339679055550560E-002
0.50 3.80 2.80 0.43949858569563094 6.2469887527128357E-002
0.50 3.80 3.20 0.44097140496507803 6.2909780231900372E-002
0.50 3.80 3.60 0.44396149140106866 6.3773728376549974E-002
0.50 3.80 4.00 0.44418053903664562 6.2735278596519256E-002
0.50 3.80 4.40 0.44468998251690578 6.2793336469227246E-002
0.50 3.80 4.80 0.44456820313054085 6.3479963540240672E-002
0.50 3.80 5.20 0.44194562431709761 6.2963537879151488E-002
0.50 3.80 5.60 0.43855759083999413 6.2904715495149324E-002
0.50 3.80 6.00 0.44023421868322171 6.2638760347639058E-002
0.50 3.80 6.40 0.44482312786537437 6.3525137755317970E-002
0.50 3.80 6.80 0.44159759459275671 6.2617337823772032E-002
0.50 3.80 7.20 0.44327008317230809 6.3318587695113254E-002
0.50 3.80 7.60 0.43810879974482930 6.3426698249746935E-002
0.50 3.80 8.00 0.44837299522609070 6.3765995634735700E-002
0.50 3.80 8.40 0.43883052994418958 6.3205923228929428E-002
0.50 3.80 8.80 0.43678188573705012 6.3992702151001155E-002
0.50 3.80 9.20 0.43710884116561299 6.2736192308979269E-002
0.50 3.80 9.60 0.43404385635168818 6.3259866719435232E-002
0.50 3.80 10.00 0.43628189340242746 6.2942418278532100E-002
0.50 3.80 10.40 0.43213963816079870 6.2866528237271693E-002
0.50 3.80 10.80 0.43436516662951147 6.3318277639532003E-002
0.50 3.80 11.20 0.43151840671994179 6.2873936397646477E-002
0.50 3.80 11.60 0.42851823732119343 6.2764954799867573E-002
0.50 3.80 12.00 0.43168097926788862 6.3177144473347421E-002

0.50 4.00 0.00 0.15420592174809741 5.3574385040591047E-002
0.50 4.00 0.40 0.41652423901866731 6.3837122432474261E-002
0.50 4.00 0.80 0.42260003929690021 6.3263433441861749E-002
0.50 4.00 1.20 0.43345890960943317 6.2572547335858777E-002
0.50 4.00 1.60 0.43436872959071832 6.2674350578917862E-002
0.50 4.00 2.00 0.44233517961110086 6.2835257486121898E-002
0.50 4.00 2.40 0.43880218829978090 6.2267675908204180E-002
0.50 4.00 2.80 0.44041211699583965 6.2726383030846225E-002
0.50 4.00 3.20 0.44159785780463290 6.3358733854605137E-002
0.50 4.00 3.60 0.44208220658082753 6.2452832864622831E-002
0.50 4.00 4.00 0.44214774558180869 6.3236042347248750E-002
0.50 4.00 4.40 0.44334668647413106 6.3282575607521679E-002
0.50 4.00 4.80 0.43998023739476838 6.2991403698741774E-002
0.50 4.00 5.20 0.44231436714216227 6.2790737512012251E-002
0.50 4.00 5.60 0.44210689398541347 6.2583682632388435E-002
0.50 4.00 6.00 0.44132677390349012 6.3476013378081383E-002
0.50 4.00 6.40 0.44032265997883169 6.3034130705343777E-002
0.50 4.00 6.80 0.44090929219632946 6.3771799087235570E-002
0.50 4.00 7.20 0.43821105654238168 6.2838335714616403E-002
0.50 4.00 7.60 0.43955095783351883 6.3416141629865808E-002
0.50 4.00 8.00 0.43886953893456387 6.2851351338808786E-002
0.50 4.00 8.40 0.43323070713269979 6.3080503993791878E-002
0.50 4.00 8.80 0.43596210594736318 6.3509511390122536E-002
0.50 4.00 9.20 0.43660915943168099 6.3380763975699417E-002
0.50 4.00 9.60 0.43750078421299737 6.3976511522065016E-002
0.50 4.00 10.00 0.43321806673345692 6.3242698317859503E-002
0.50 4.00 10.40 0.43211624923806163 6.3318937811166529E-002
0.50 4.00 10.80 0.43188021506040475 6.3353413639348558E-002
0.50 4.00 11.20 0.43261043626669898 6.4065075948627329E-002
0.50 4.00 11.60 0.42748251434515094 6.3575269077174104E-002
0.50 4.00 12.00 0.42621496884099647 6.2904013684463467E-002

0.50 4.20 0.00 0.26900011450769257 7.1229629552949397E-002
0.50 4.20 0.40 0.42240461156993669 6.3142166606934919E-002
0.50 4.20 0.80 0.42915037939462952 6.3040621720893128E-002
0.50 4.20 1.20 0.43385341524021542 6.2975623542187373E-002
0.50 4.20 1.60 0.43681575360460545 6.2960029658725089E-002
0.50 4.20 2.00 0.43537830439931058 6.3261370396161198E-002
0.50 4.20 2.40 0.43294488777015372 6.3421296760819659E-002
0.50 4.20 2.80 0.43956168934840700 6.3181557249511314E-002
0.50 4.20 3.20 0.43811249186991291 6.3179311346010333E-002
0.50 4.20 3.60 0.43801249856022090 6.3280633843015924E-002
0.50 4.20 4.00 0.43766342886568532 6.2884257296233259E-002
0.50 4.20 4.40 0.44225434022365329 6.3261693523333995E-002
0.50 4.20 4.80 0.44001627542455896 6.2928532570402734E-002
0.50 4.20 5.20 0.44058330750852220 6.3377937348247385E-002
0.50 4.20 5.60 0.44546508057530654 6.3310709920674779E-002
0.50 4.20 6.00 0.43751751599553196 6.2961082021435813E-002
0.50 4.20 6.40 0.43178962508200758 6.2917307379631124E-002
0.50 4.20 6.80 0.44655024656204095 6.3557537264353647E-002
0.50 4.20 7.20 0.43530474210871589 6.2883498127159057E-002
0.50 4.20 7.60 0.43872517160522839 6.3749611560684039E-002
0.50 4.20 8.00 0.43282804360865673 6.3251266463601213E-002
0.50 4.20 8.40 0.43621087379757145 6.3383301000130801E-002
0.50 4.20 8.80 0.43722226980384288 6.3030040119447225E-002
0.50 4.20 9.20 0.43049426651265926 6.3527732820925623E-002
0.50 4.20 9.60 0.42972455355042821 6.3910181247257877E-002
0.50 4.20 10.00 0.42885409703371929 6.3003082250713327E-002
0.50 4.20 10.40 0.43164437257087240 6.3181058809248278E-002
0.50 4.20 10.80 0.43181878213360331 6.3514661204591746E-002
0.50 4.20 11.20 0.42203409498692634 6.3219355999673127E-002
0.50 4.20 11.60 0.43059388436088525 6.4007884248627314E-002
0.50 4.20 12.00 0.43260335550379869 6.3578881634579573E-002

0.50 4.40 0.00 0.26309877147454841 7.2107699794228347E-002
0.50 4.40 0.40 0.42875551339575352 6.3282634099188342E-002
0.50 4.40 0.80 0.42617693316977112 6.3027444243143410E-002
0.50 4.40 1.20 0.42800864692313878 6.2486903119978364E-002
0.50 4.40 1.60 0.42799743580897676 6.2980644219325879E-002
0.50 4.40 2.00 0.42488533002483359 6.2839422297088360E-002
0.50 4.40 2.40 0.43060158145826233 6.3133802409586423E-002
0.50 4.40 2.80 0.43431789921536473 6.2478039064667402E-002
0.50 4.40 3.20 0.43375853163166428 6.3277447037618978E-002
0.50 4.40 3.60 0.44080133095287444 6.3272336900380824E-002
0.50 4.40 4.00 0.43310572456292329 6.2779114972638286E-002
0.50 4.40 4.40 0.43503438639066117 6.2411631972790572E-002
0.50 4.40 4.80 0.43887821782969122 6.3192742904345636E-002
0.50 4.40 5.20 0.44860441596490885 6.3426701436829117E-002
0.50 4.40 5.60 0.43672783493100537 6.3291420283842575E-002
0.50 4.40 6.00 0.43424039110878077 6.2921967883744545E-002
0.50 4.40 6.40 0.43730468710954984 6.3102558726584407E-002
0.50 4.40 6.80 0.43381732381980137 6.3465612094629448E-002
0.50 4.40 7.20 0.43338240383504123 6.3506959456081091E-002
0.50 4.40 7.60 0.43729982091154396 6.3229446388603547E-002
0.50 4.40 8.00 0.43288331085498727 6.3467998222091510E-002
0.50 4.40 8.40 0.43508613812016311 6.3531457417757828E-002
0.50 4.40 8.80 0.43985538327324714 6.3207434861455650E-002
0.50 4.40 9.20 0.43104904791397736 6.3066349539851713E-002
0.50 4.40 9.60 0.43989664977649373 6.3550668274199112E-002
0.50 4.40 10.00 0.43410835113689850 6.3013384785078605E-002
0.50 4.40 10.40 0.43124904815545956 6.3245928245279345E-002
0.50 4.40 10.80 0.43335666783734406 6.3565028302542750E-002
0.50 4.40 11.20 0.42341312594369551 6.3397524807054101E-002
0.50 4.40 11.60 0.42887542783323651 6.3556704287030169E-002
0.50 4.40 12.00 0.42838727227767481 6.3317184082926831E-002

0.50 4.60 0.00 0.18142725148298963 4.4446841063189579E-002
0.50 4.60 0.40 0.41858840276844134 6.3250734811946166E-002
0.50 4.60 0.80 0.41934484074906714 6.3366474941395246E-002
0.50 4.60 1.20 0.42455239724652205 6.2570439232859237E-002
0.50 4.60 1.60 0.42435476509760806 6.3334428097244572E-002
0.50 4.60 2.00 0.42321192490806903 6.2480090385012364E-002
0.50 4.60 2.40 0.42586594116094456 6.3134229698260450E-002
0.50 4.60 2.80 0.42868793836090929 6.3284865166830115E-002
0.50 4.60 3.20 0.43313908606642704 6.3656777148837482E-002
0.50 4.60 3.60 0.43050281215097475 6.3248663371701458E-002
0.50 4.60 4.00 0.43413196785853714 6.3394220432712201E-002
0.50 4.60 4.40 0.43465267218131454 6.2921269167675556E-002
0.50 4.60 4.80 0.43174853213814235 6.3070719520806992E-002
0.50 4.60 5.20 0.43390438517726071 6.2807708678251056E-002
0.50 4.60 5.60 0.43455552987540758 6.2720913450888344E-002
0.50 4.60 6.00 0.43292051749983573 6.2798013224683966E-002
0.50 4.60 6.40 0.43699038005902108 6.3953211794911397E-002
0.50 4.60 6.80 0.44240230298266275 6.4239611755052384E-002
0.50 4.60 7.20 0.43942105702929196 6.2942603028863439E-002
0.50 4.60 7.60 0.43826359413751803 6.3436780881757804E-002
0.50 4.60 8.00 0.42777449529489664 6.3454104724486288E-002
0.50 4.60 8.40 0.42993973439969835 6.3431441015632084E-002
0.50 4.60 8.80 0.43359286980317246 6.3801315571978212E-002
0.50 4.60 9.20 0.42899382714861439 6.3822971364657879E-002
0.50 4.60 9.60 0.42791496944615515 6.3378283874139213E-002
0.50 4.60 10.00 0.42914880072457534 6.3815364123792392E-002
0.50 4.60 10.40 0.42920714471114862 6.4062892691502379E-002
0.50 4.60 10.80 0.42982475622336891 6.3598396074122626E-002
0.50 4.60 11.20 0.42877287308892120 6.2669774061328815E-002
0.50 4.60 11.60 0.42539918496920459 6.3351205858754894E-002
0.50 4.60 12.00 0.42399321434394477 6.3342691954282340E-002

0.50 4.80 0.00 0.28412175479841534 6.5636366768965518E-002
0.50 4.80 0.40 0.41645787181922833 6.2909609164114408E-002
0.50 4.80 0.80 0.42385528912410386 6.3540660129066021E-002
0.50 4.80 1.20 0.42836700904350800 6.2974955658730777E-002
0.50 4.80 1.60 0.42564035991895643 6.3077180387499265E-002
0.50 4.80 2.00 0.42525052385531892 6.3265574034416350E-002
0.50 4.80 2.40 0.42832871132923689 6.3165383299807337E-002
0.50 4.80 2.80 0.43000169192759269 6.3345972608122067E-002
0.50 4.80 3.20 0.42613554538111797 6.3566163373142748E-002
0.50 4.80 3.60 0.43710408008560420 6.3311989557938181E-002
0.50 4.80 4.00 0.43653029928607640 6.3320432146648578E-002
0.50 4.80 4.40 0.43348239935567207 6.3088770416975193E-002
0.50 4.80 4.80 0.43503728395220048 6.3181916247316922E-002
0.50 4.80 5.20 0.43820544874849771 6.3854005074704859E-002
0.50 4.80 5.60 0.43239893698713916 6.2938064300081253E-002
0.50 4.80 6.00 0.43540087538176164 6.3414858057337112E-002
0.50 4.80 6.40 0.43449230813690320 6.2918027825095174E-002
0.50 4.80 6.80 0.43523052400807616 6.3374709409911911E-002
0.50 4.80 7.20 0.42913286818524776 6.2942058022541478E-002
0.50 4.80 7.60 0.43645882545885789 6.3486961773504311E-002
0.50 4.80 8.00 0.43407816533920218 6.3416700981910684E-002
0.50 4.80 8.40 0.43493247344841751 6.3784342846391159E-002
0.50 4.80 8.80 0.43577047532705143 6.3223442269496680E-002
0.50 4.80 9.20 0.43226309726791712 6.3153117685730426E-002
0.50 4.80 9.60 0.43316630216978896 6.3553575874246260E-002
0.50 4.80 10.00 0.42776640761434787 6.2742400113786984E-002
0.50 4.80 10.40 0.43167039710479049 6.3593548629225116E-002
0.50 4.80 10.80 0.42830578122128637 6.3329499300354822E-002
0.50 4.80 11.20 0.42778565259881224 6.3263893443049848E-002
0.50 4.80 11.60 0.42690322194287517 6.3196050150465921E-002
0.50 4.80 12.00 0.42736686066027063 6.3868678123371880E-002

0.50 5.00 0.00 0.20317259468163562 6.0606544147517948E-002
0.50 5.00 0.40 0.41116966160158225 6.3222384324487749E-002
0.50 5.00 0.80 0.41452553567547729 6.3609080179519342E-002
0.50 5.00 1.20 0.42587274101282829 6.3190363582597803E-002
0.50 5.00 1.60 0.42538878032683491 6.3132320296243938E-002
0.50 5.00 2.00 0.42649539695000271 6.3129928154462375E-002
0.50 5.00 2.40 0.42742914815345417 6.3054980733713656E-002
0.50 5.00 2.80 0.43274753842970498 6.3179035089337879E-002
0.50 5.00 3.20 0.43125905917931295 6.3504899002404649E-002
0.50 5.00 3.60 0.42750584383177459 6.3400336970730012E-002
0.50 5.00 4.00 0.42868951034657243 6.3212190615096434E-002
0.50 5.00 4.40 0.43361859599411190 6.3050815935726756E-002
0.50 5.00 4.80 0.43453853078236715 6.3387208483576651E-002
0.50 5.00 5.20 0.43243379329351350 6.3470707835461340E-002
0.50 5.00 5.60 0.43280740626844316 6.3415535965187619E-002
0.50 5.00 6.00 0.43542645799751040 6.3622375258292771E-002
0.50 5.00 6.40 Binary file (standard input) matches
0.50 5.00 6.80 0.42865982431035954 6.3104921731397548E-002
0.50 5.00 7.20 0.43135327227910630 6.3061356311621852E-002
0.50 5.00 7.60 0.43253653181858187 6.4000856593784572E-002
0.50 5.00 8.00 0.43281029861365550 6.3623548709780764E-002
0.50 5.00 8.40 0.43284542278665344 6.3284333421154221E-002
0.50 5.00 8.80 0.43058250468238823 6.3691686562002123E-002
0.50 5.00 9.20 0.43447355518475617 6.3284981731102377E-002
0.50 5.00 9.60 0.43058870589729342 6.3637883861748387E-002
0.50 5.00 10.00 0.43833560416935080 6.4006713887245464E-002
0.50 5.00 10.40 0.42624074741693835 6.3400612738408468E-002
0.50 5.00 10.80 0.43179549779175519 6.3299401352541723E-002
0.50 5.00 11.20 0.43302567964919270 6.3455597502731290E-002
0.50 5.00 11.60 0.42735154866767833 6.3904199914608356E-002
0.50 5.00 12.00 0.41918306041929310 6.3487041662119659E-002

0.50 5.20 0.00 0.22674566313229380 5.7134871400222137E-002
0.50 5.20 0.40 0.41837963282235424 6.3908422643347729E-002
0.50 5.20 0.80 0.42591053689150293 6.3342424552331314E-002
0.50 5.20 1.20 0.43144609788550004 6.2781352866031120E-002
0.50 5.20 1.60 0.43300965102291328 6.3256953925955012E-002
0.50 5.20 2.00 0.42401605844162865 6.2637816939594027E-002
0.50 5.20 2.40 0.42578233129010784 6.2869720923213052E-002
0.50 5.20 2.80 0.43018207114743534 6.3009158950910998E-002
0.50 5.20 3.20 0.42665980314075852 6.3070564542509103E-002
0.50 5.20 3.60 0.42817631410236495 6.3180993757486772E-002
0.50 5.20 4.00 0.42549073694179473 6.2797861679897274E-002
0.50 5.20 4.40 0.42430760589817523 6.3926888881301797E-002
0.50 5.20 4.80 0.42862513116165391 6.3180503564895907E-002
0.50 5.20 5.20 0.43003296721151169 6.2909259543695153E-002
0.50 5.20 5.60 0.43721567141287221 6.3705555139577014E-002
0.50 5.20 6.00 0.43325388824223571 6.3366606476861737E-002
0.50 5.20 6.40 0.43552172550883633 6.3876495301840211E-002
0.50 5.20 6.80 0.42252259100948664 6.3142319303092859E-002
0.50 5.20 7.20 0.42581607971154273 6.3818061501424356E-002
0.50 5.20 7.60 0.43098859211902985 6.3015301562455384E-002
0.50 5.20 8.00 0.42908202974769499 6.3036153681087476E-002
0.50 5.20 8.40 0.43415276503501177 6.3581227027420209E-002
0.50 5.20 8.80 0.42666396130000594 6.2877591834403071E-002
0.50 5.20 9.20 0.42385748774530452 6.3501418490701511E-002
0.50 5.20 9.60 0.42951722825555666 6.3999984229366966E-002
0.50 5.20 10.00 0.43118052709487092 6.3344715904480556E-002
0.50 5.20 10.40 0.42444350857460922 6.2932639064348678E-002
0.50 5.20 10.80 0.42757183644196478 6.3223200091236387E-002
0.50 5.20 11.20 0.43349297306751672 6.4027681864547714E-002
0.50 5.20 11.60 0.42574322089585748 6.3435840315917161E-002
0.50 5.20 12.00 0.42422602565720641 6.4064974068797589E-002

0.50 5.40 0.00 0.24416061202020894 6.4496539118848256E-002
0.50 5.40 0.40 0.41236764889771071 6.3432804116340211E-002
0.50 5.40 0.80 0.41362118623603211 6.3170377964271815E-002
0.50 5.40 1.20 0.41415947716930984 6.2393445473218033E-002
0.50 5.40 1.60 0.42905889489357535 6.2923058524078146E-002
0.50 5.40 2.00 0.42866424983566437 6.3233427658715577E-002
0.50 5.40 2.40 0.42620465972592197 6.2697912447337661E-002
0.50 5.40 2.80 0.42039051307886099 6.3519779281768898E-002
0.50 5.40 3.20 0.42229530439784335 6.3625815372726005E-002
0.50 5.40 3.60 0.42559480942818179 6.3319630944069893E-002
0.50 5.40 4.00 0.42339187748953239 6.2734459249108365E-002
0.50 5.40 4.40 0.42576352459653838 6.3768012232122348E-002
0.50 5.40 4.80 0.42785781617877039 6.3027225128276368E-002
0.50 5.40 5.20 0.43083115033122088 6.3409133924471256E-002
0.50 5.40 5.60 0.42745567883062974 6.3974664195915298E-002
0.50 5.40 6.00 0.43041842591634560 6.3253315236638963E-002
0.50 5.40 6.40 0.42782677885883957 6.3556496469567472E-002
0.50 5.40 6.80 0.43291084018615161 6.3716685828583738E-002
0.50 5.40 7.20 0.42710446189249102 6.3422304380213679E-002
0.50 5.40 7.60 0.43403376535944316 6.3273089847176958E-002
0.50 5.40 8.00 0.43459119459404327 6.3049965063176588E-002
0.50 5.40 8.40 0.42844897661253761 6.3239682917081860E-002
0.50 5.40 8.80 0.42952665418576597 6.3777330638868854E-002
0.50 5.40 9.20 0.42945800884840918 6.4004366524701248E-002
0.50 5.40 9.60 0.42231720788239668 6.3004643018489792E-002
0.50 5.40 10.00 0.42813550049518156 6.4065195947890813E-002
0.50 5.40 10.40 0.42738686608393212 6.3481443270064858E-002
0.50 5.40 10.80 0.42467530666135883 6.2997106924692597E-002
0.50 5.40 11.20 0.42426473421008992 6.3386380186028629E-002
0.50 5.40 11.60 0.42869106867309281 6.3800903466833397E-002
0.50 5.40 12.00 0.42205828412734131 6.3298009378800063E-002

0.50 5.60 0.00 0.24131130326159403 7.1000704164074183E-002
0.50 5.60 0.40 0.40053000701310520 6.4424804691749604E-002
0.50 5.60 0.80 0.39532766319104334 6.3967606399685129E-002
0.50 5.60 1.20 0.41157663860227478 6.4101140359268935E-002
0.50 5.60 1.60 0.41105155286360279 6.3017108307746608E-002
0.50 5.60 2.00 0.42000156420572871 6.3537514484222055E-002
0.50 5.60 2.40 0.41883109558005288 6.2964255392942162E-002
0.50 5.60 2.80 0.42303118336440226 6.3372308137310485E-002
0.50 5.60 3.20 0.42661820898282893 6.2903210015077454E-002
0.50 5.60 3.60 0.42536851698880318 6.3009435981354486E-002
0.50 5.60 4.00 0.42703402178308492 6.3498819536088075E-002
0.50 5.60 4.40 0.42315222574234135 6.3307870534849500E-002
0.50 5.60 4.80 0.42891503127067743 6.3808472829551655E-002
0.50 5.60 5.20 0.42772043997239217 6.3901988459655182E-002
0.50 5.60 5.60 0.42849253310557572 6.3078489324714868E-002
0.50 5.60 6.00 0.42218655772795860 6.3153067640979055E-002
0.50 5.60 6.40 0.42843477472632341 6.2905697860701978E-002
0.50 5.60 6.80 0.42686175909687413 6.2777921123273364E-002
0.50 5.60 7.20 0.42927948577826769 6.3494221389151659E-002
0.50 5.60 7.60 0.42978918717647752 6.3626371431012435E-002
0.50 5.60 8.00 0.43430301031175145 6.3690164944646480E-002
0.50 5.60 8.40 0.43592345677925709 6.3135482769440684E-002
0.50 5.60 8.80 0.43103647282170315 6.2867922021311237E-002
0.50 5.60 9.20 0.42917541321279645 6.3391565831210875E-002
0.50 5.60 9.60 0.42362850770261568 6.3148227965177009E-002
0.50 5.60 10.00 0.42520811016319265 6.3112069259022227E-002
0.50 5.60 10.40 0.41901833258058430 6.3339018155196769E-002
0.50 5.60 10.80 0.42109445183057970 6.3658965773964599E-002
0.50 5.60 11.20 0.42790272259136292 6.3765479693006527E-002
0.50 5.60 11.60 0.42643391337369624 6.3617128948793525E-002
0.50 5.60 12.00 0.42277205433462528 6.2742615199655988E-002

0.50 5.80 0.00 0.26107766575742686 7.0190858044410276E-002
0.50 5.80 0.40 0.40979718193531511 6.3734610613203624E-002
0.50 5.80 0.80 0.41817126873577803 6.3868509720841585E-002
0.50 5.80 1.20 0.41869366477850889 6.3548371896935754E-002
0.50 5.80 1.60 0.42556467816042465 6.3035563671617736E-002
0.50 5.80 2.00 0.42492577075879484 6.3192951143451220E-002
0.50 5.80 2.40 0.42629616960833322 6.3101794529638669E-002
0.50 5.80 2.80 0.42501491248015555 6.2858740917447337E-002
0.50 5.80 3.20 0.42400697416734456 6.3079050343483101E-002
0.50 5.80 3.60 0.43257329946919054 6.3840925530771600E-002
0.50 5.80 4.00 0.43176140938649443 6.3413319054710537E-002
0.50 5.80 4.40 0.43073574873355180 6.3091076079033234E-002
0.50 5.80 4.80 0.43302083749096376 6.3182428687101111E-002
0.50 5.80 5.20 0.42485348096468173 6.3240168587537171E-002
0.50 5.80 5.60 0.43015289288970388 6.3849919470697403E-002
0.50 5.80 6.00 0.43896985539252692 6.3355190938054445E-002
0.50 5.80 6.40 0.42990076728535093 6.3689754259457110E-002
0.50 5.80 6.80 0.42745523518719575 6.3690078679958101E-002
0.50 5.80 7.20 0.42264483600081659 6.3561216740405449E-002
0.50 5.80 7.60 0.43150045145427507 6.3726929683657993E-002
0.50 5.80 8.00 0.42629788741237179 6.3335383552820465E-002
0.50 5.80 8.40 0.43151565918279233 6.3550230330501029E-002
0.50 5.80 8.80 0.42800385583766032 6.3598408858243041E-002
0.50 5.80 9.20 0.42783163152498760 6.3121737758379051E-002
0.50 5.80 9.60 0.42970434197664814 6.3637893085568872E-002
0.50 5.80 10.00 0.42562482032988813 6.3978057218336534E-002
0.50 5.80 10.40 0.42509978165892626 6.3408760501309558E-002
0.50 5.80 10.80 0.43011716396240274 6.4213307591620750E-002
0.50 5.80 11.20 0.42660093056622844 6.3516670735621936E-002
0.50 5.80 11.60 0.42844375594174683 6.3300397165666808E-002
0.50 5.80 12.00 0.42393178599843750 6.3970115031977706E-002

0.50 6.00 0.00 0.18694813553103912 5.9143796648999020E-002
0.50 6.00 0.40 0.39765327602374229 6.2713910540535656E-002
0.50 6.00 0.80 0.39759761269727306 6.3964313775509804E-002
0.50 6.00 1.20 0.40236565704389243 6.3680200555735006E-002
0.50 6.00 1.60 0.40958031507386272 6.3180919873892655E-002
0.50 6.00 2.00 0.41674252850497384 6.3404078274406972E-002
0.50 6.00 2.40 0.41926141211057955 6.3073243817368813E-002
0.50 6.00 2.80 0.42783177926385474 6.3195765086587918E-002
0.50 6.00 3.20 0.42849368130107923 6.3092831270845223E-002
0.50 6.00 3.60 0.42779785586608599 6.3349828520477089E-002
0.50 6.00 4.00 0.42247104693208781 6.3588393629623971E-002
0.50 6.00 4.40 0.42556604057291614 6.3946311645814796E-002
0.50 6.00 4.80 0.42702230590012275 6.3175670770941855E-002
0.50 6.00 5.20 0.42049709582761163 6.3277852274973054E-002
0.50 6.00 5.60 0.42566432047322927 6.3563551776274665E-002
0.50 6.00 6.00 0.42186673905188343 6.3539707657329539E-002
0.50 6.00 6.40 0.42612202251174214 6.3297313903891303E-002
0.50 6.00 6.80 0.42637956194314935 6.3355262638918469E-002
0.50 6.00 7.20 0.42210693009903888 6.3790778330327369E-002
0.50 6.00 7.60 0.42536342080314204 6.2966104257243374E-002
0.50 6.00 8.00 0.42539788559366426 6.3815708501749807E-002
0.50 6.00 8.40 0.42175384371187030 6.4063205450135483E-002
0.50 6.00 8.80 0.42289172010212317 6.3582407287650619E-002
0.50 6.00 9.20 0.42761368829943952 6.3601086372580426E-002
0.50 6.00 9.60 0.42595386288029469 6.3422039488620727E-002
0.50 6.00 10.00 0.42638967603939532 6.3549211454321936E-002
0.50 6.00 10.40 0.42718311359395245 6.3632307257158668E-002
0.50 6.00 10.80 0.42780360402482998 6.3454816088715657E-002
0.50 6.00 11.20 0.43036212560445097 6.4164499616732554E-002
0.50 6.00 11.60 0.42259565067771632 6.3166850013938874E-002
0.50 6.00 12.00 0.42467876918577285 6.3089525247892700E-002

