200 -4.7068545424892741E-004 NaN 0.50 1.00 0.00
200 -9.1916599896115725E-002 4.7162468443255230E-002 0.50 1.00 0.20
200 -0.17355015804262014 4.1997901974452773E-002 0.50 1.00 0.40
200 -0.20602327203120641 4.1123027393529972E-002 0.50 1.00 0.60
200 -0.21142845951387937 3.8754434386184207E-002 0.50 1.00 0.80
200 -0.25210268440234967 4.2649005210227534E-002 0.50 1.00 1.00
200 -0.27563275559118200 4.3350343853083617E-002 0.50 1.00 1.20
200 -0.25804951290882072 3.8124846670516653E-002 0.50 1.00 1.40
200 -0.37090488986564868 4.2348000650800223E-002 0.50 1.00 1.60
200 -0.34067968310070262 4.1967562835368927E-002 0.50 1.00 1.80
200 -0.32709931434756068 4.0272416994779243E-002 0.50 1.00 2.00
200 -0.34937231504894206 4.0292192312898045E-002 0.50 1.00 2.20
200 -0.38977544879639703 3.7169896011543732E-002 0.50 1.00 2.40
200 -0.37611825032176144 3.4049355533297784E-002 0.50 1.00 2.60
200 -0.44542775090054976 3.9457272825406946E-002 0.50 1.00 2.80
200 -0.51350970278048613 3.9017364386946952E-002 0.50 1.00 3.00
200 -0.44741509769018756 3.6899992258158806E-002 0.50 1.00 3.20
200 -0.45859001902704721 3.7591593159646580E-002 0.50 1.00 3.40
200 -0.53994566085764950 3.5843691748268874E-002 0.50 1.00 3.60
200 -0.51856171521890471 4.0504571399764558E-002 0.50 1.00 3.80
200 -0.58785141356607795 3.5367035070307848E-002 0.50 1.00 4.00
200 -0.58931849434184158 3.6520189424304191E-002 0.50 1.00 4.20
200 -0.58937166765967119 3.7115952308971821E-002 0.50 1.00 4.40
200 -0.56440460687667071 4.2695944657047555E-002 0.50 1.00 4.60
200 -0.65423926681831945 3.4235848260270450E-002 0.50 1.00 4.80
200 -0.62068261019694659 3.4749972459352969E-002 0.50 1.00 5.00
200 -0.57777722090727535 4.0826612165966537E-002 0.50 1.00 5.20
200 -0.63410530383955133 3.3467364417131718E-002 0.50 1.00 5.40
200 -0.59615616678137007 3.8027532117561054E-002 0.50 1.00 5.60
200 -0.71501872961255841 3.6291089655900680E-002 0.50 1.00 5.80
200 -0.61131465060977574 3.9455485910648562E-002 0.50 1.00 6.00
