0.50 0.00 0.00 0.34563444849099156 6.1205001580375541E-002
0.50 0.00 0.40 0.46213681359243586 5.8215801062219824E-002
0.50 0.00 0.80 0.48354189532815656 5.9654276928722098E-002
0.50 0.00 1.20
0.50 0.00 1.60 0.47593645850922500 5.9765882898200874E-002
0.50 0.00 2.00 0.46259636273045207 6.0326143408757298E-002
0.50 0.00 2.40 0.44584446598267247 6.1243889467270836E-002
0.50 0.00 2.80 0.44491029209771432 6.0745769990545768E-002
0.50 0.00 3.20 0.43234934034350420 6.1277375641790408E-002
0.50 0.00 3.60 0.42299164240756015 6.0801392748039633E-002
0.50 0.00 4.00 0.42387233471147512 6.1708778101088053E-002
0.50 0.00 4.40 0.41822097268408021 6.1651002901528043E-002
0.50 0.00 4.80 0.41415507552122877 6.1226998413516455E-002
0.50 0.00 5.20 0.40702412212679889 6.1437013143706691E-002
0.50 0.00 5.60 0.41014000155602687 6.2039173307580506E-002
0.50 0.00 6.00 0.40616962164534004 6.1413917174095452E-002
0.50 0.00 6.40 0.39200440561322530 6.1808549091665575E-002
0.50 0.00 6.80 0.39521235854964698 6.2059542284905657E-002
0.50 0.00 7.20 0.39720161186157144 6.1460736456660760E-002
0.50 0.00 7.60 0.39082556982034528 6.1808229358748051E-002
0.50 0.00 8.00 0.39846107971733713 6.1597010033402101E-002
0.50 0.00 8.40 0.39082020127971279 6.1952957111149932E-002
0.50 0.00 8.80 0.39035268863216610 6.2146931382422832E-002
0.50 0.00 9.20 0.38153355022027935 6.1153807616032022E-002
0.50 0.00 9.60 0.38164416759110570 6.1954180032412765E-002
0.50 0.00 10.00 0.37645899161309582 6.0818431479204182E-002
0.50 0.00 10.40 0.39482152495316153 6.2490197484674694E-002
0.50 0.00 10.80 0.38075163916330423 6.0942239363561572E-002
0.50 0.00 11.20 0.38472744421611410 6.2389088456431187E-002
0.50 0.00 11.60 0.38286929617923138 6.1495515965660240E-002
0.50 0.00 12.00 0.38884520076386225 6.1480522797826134E-002

0.50 0.20 0.00 0.34902764442504208 6.0056430127592340E-002
0.50 0.20 0.40 0.53994468463609691 5.6167008197671633E-002
0.50 0.20 0.80 0.52331578092362252 5.9684705777342022E-002
0.50 0.20 1.20 0.49854316628664791 5.9682813291652183E-002
0.50 0.20 1.60 0.49177131618352538 6.0684456986933630E-002
0.50 0.20 2.00 0.48498352033294656 6.0785817503220804E-002
0.50 0.20 2.40 0.47539893029363534 6.1365916742975465E-002
0.50 0.20 2.80 0.46715254675480261 6.1836731805501387E-002
0.50 0.20 3.20 0.46905482232375695 6.2140288633353039E-002
0.50 0.20 3.60 0.45999020436803095 6.1280861790219236E-002
0.50 0.20 4.00 0.45691582904795514 6.2543765153560929E-002
0.50 0.20 4.40 0.45630348655181530 6.2358604133811918E-002
0.50 0.20 4.80 0.45378378824599563 6.2319825782788649E-002
0.50 0.20 5.20 0.45165038076146136 6.3007503151401037E-002
0.50 0.20 5.60 0.44690750900624715 6.2677633298402244E-002
0.50 0.20 6.00 0.44818193072372547 6.3051980287773882E-002
0.50 0.20 6.40 0.44556749603591478 6.2887973496175711E-002
0.50 0.20 6.80 0.44504343425069298 6.2360403871622706E-002
0.50 0.20 7.20 0.44504800288416552 6.2761605891865024E-002
0.50 0.20 7.60 0.44394387683177589 6.2777298670564280E-002
0.50 0.20 8.00 0.43633671389991130 6.3207335580298021E-002
0.50 0.20 8.40 0.43595698669635735 6.2625534055279944E-002
0.50 0.20 8.80 0.43783467654916575 6.2887350983925519E-002
0.50 0.20 9.20 0.43593860053623013 6.2709651978971936E-002
0.50 0.20 9.60 0.43708503805557342 6.2645523526180219E-002
0.50 0.20 10.00 0.43510152864394069 6.2033874561217957E-002
0.50 0.20 10.40 0.43377941702505735 6.3484674011662037E-002
0.50 0.20 10.80 0.42487183593170919 6.2216658363164049E-002
0.50 0.20 11.20 0.42964242986445572 6.2286234518573715E-002
0.50 0.20 11.60 0.42805439293214426 6.2539771268225755E-002
0.50 0.20 12.00 0.42375400684204151 6.2622730793296250E-002

0.50 0.40 0.00 0.33162631422163913 5.7696948113923299E-002
0.50 0.40 0.40 0.50547244347500964 5.9614852249632595E-002
0.50 0.40 0.80 0.52635478603581765 5.9735039352307194E-002
0.50 0.40 1.20 0.50837849917266786 6.0313303997169235E-002
0.50 0.40 1.60 0.50439636251202769 6.0542506928125871E-002
0.50 0.40 2.00 0.50167003202320248 6.0850899190913590E-002
0.50 0.40 2.40 0.49463483872062880 6.1027617985750827E-002
0.50 0.40 2.80 0.49005365257958039 6.0983578981935724E-002
0.50 0.40 3.20 0.49162482925544798 6.1186968303316519E-002
0.50 0.40 3.60 0.47607732696283289 6.1713886419527207E-002
0.50 0.40 4.00 0.46995807394759986 6.1829639421068304E-002
0.50 0.40 4.40 0.47153255555112833 6.1488597923123292E-002
0.50 0.40 4.80 0.46769637812217663 6.2227297664165585E-002
0.50 0.40 5.20 0.46623903062467964 6.1728154073854020E-002
0.50 0.40 5.60 0.45388652531240031 6.2199894043113005E-002
0.50 0.40 6.00 0.45884780995578306 6.2609554056523672E-002
0.50 0.40 6.40 0.45038203099377921 6.2361127429548704E-002
0.50 0.40 6.80 0.44980680782515015 6.2341815022198016E-002
0.50 0.40 7.20 0.44682290989214168 6.2454803841205046E-002
0.50 0.40 7.60 0.44000521855307168 6.2515537067427560E-002
0.50 0.40 8.00 0.44417131053022640 6.2546129164087777E-002
0.50 0.40 8.40 0.43747990027541450 6.2214860433472026E-002
0.50 0.40 8.80 0.44148406240567689 6.2851917804972443E-002
0.50 0.40 9.20 0.43643081987248750 6.2500820777645572E-002
0.50 0.40 9.60 0.43612769663835171 6.2646559208370908E-002
0.50 0.40 10.00 0.43355193446828622 6.2692333366412195E-002
0.50 0.40 10.40 0.42960827328479184 6.2910450117590888E-002
0.50 0.40 10.80 0.43832523402015200 6.3076479638310173E-002
0.50 0.40 11.20 0.43335465113240917 6.2839498916574948E-002
0.50 0.40 11.60 0.42503157593673030 6.2784065250095278E-002
0.50 0.40 12.00 0.42026817449601311 6.2483800065006229E-002

0.50 0.60 0.00 0.35854610296746664 7.1051752162111639E-002
0.50 0.60 0.40 0.49882877162491052 6.3510307834713481E-002
0.50 0.60 0.80 0.50161893484832631 6.1054582536568716E-002
0.50 0.60 1.20 0.49813563560224178 6.0164553791494907E-002
0.50 0.60 1.60 0.50441475283365567 6.1030170196605192E-002
0.50 0.60 2.00 0.49971910826065907 6.0935503756191237E-002
0.50 0.60 2.40 0.49741351348236140 6.0201424739039701E-002
0.50 0.60 2.80 0.48943226722847688 6.1426672351645964E-002
0.50 0.60 3.20 0.48487556951538197 6.0896554837155434E-002
0.50 0.60 3.60 0.47930604685304357 6.1856092359570881E-002
0.50 0.60 4.00 0.47466096408445735 6.1733396750636535E-002
0.50 0.60 4.40 0.46808522441520123 6.1672623224592264E-002
0.50 0.60 4.80 0.46747942931536446 6.2656880642778107E-002
0.50 0.60 5.20 0.46119762730020186 6.1836199344017163E-002
0.50 0.60 5.60 0.45287903739346030 6.2425839192223748E-002
0.50 0.60 6.00 0.45809636303453016 6.2829829721978647E-002
0.50 0.60 6.40 0.44687540906222090 6.2242850774075591E-002
0.50 0.60 6.80 0.44863882787215437 6.2387549371083983E-002
0.50 0.60 7.20 0.44461049499564903 6.2818473954168008E-002
0.50 0.60 7.60 0.44699159024758012 6.2681460720207180E-002
0.50 0.60 8.00 0.43706117437491887 6.2433877204639512E-002
0.50 0.60 8.40 0.43972211387342358 6.2770286496182395E-002
0.50 0.60 8.80 0.42909634701400517 6.2894868714230751E-002
0.50 0.60 9.20 0.43176784035680515 6.1921614019217697E-002
0.50 0.60 9.60 0.43014884038544682 6.2582298050469470E-002
0.50 0.60 10.00 0.43302663273614683 6.2920622028038956E-002
0.50 0.60 10.40 0.42518149767680569 6.3506935472177090E-002
0.50 0.60 10.80 0.42778538659339871 6.2986581783111339E-002
0.50 0.60 11.20 0.42849479143627389 6.3726634819954109E-002
0.50 0.60 11.60 0.42227713705163561 6.2726934473935639E-002
0.50 0.60 12.00 0.42067678873222525 6.3237147466958243E-002

0.50 0.80 0.00 0.38168804483368746 7.3182583451340821E-002
0.50 0.80 0.40 0.48549697002991854 6.0876213402948506E-002
0.50 0.80 0.80 0.48843055596724289 6.1441994647990432E-002
0.50 0.80 1.20 0.48851724582994205 6.1275037612031936E-002
0.50 0.80 1.60 0.48681994045209365 6.1043528749212504E-002
0.50 0.80 2.00 0.49790423248188620 6.1137554362121239E-002
0.50 0.80 2.40 0.48983585872288016 6.0908899892844703E-002
0.50 0.80 2.80 0.48768639358757576 6.1215669617301710E-002
0.50 0.80 3.20 0.48017297937102138 6.1597534737263579E-002
0.50 0.80 3.60 0.48545258363847410 6.0719869485216911E-002
0.50 0.80 4.00 0.47511549755278482 6.1826798334966321E-002
0.50 0.80 4.40 0.47370813391536776 6.1910240234576627E-002
0.50 0.80 4.80 0.47264889471384064 6.2265135730317792E-002
0.50 0.80 5.20 0.46150035385730914 6.1643755738539911E-002
0.50 0.80 5.60 0.46394618950056471 6.2113035316995684E-002
0.50 0.80 6.00 0.45830274159684131 6.1522616111723882E-002
0.50 0.80 6.40 0.45159412192064990 6.1957863604838986E-002
0.50 0.80 6.80 0.45298013762904282 6.2359452641821557E-002
0.50 0.80 7.20 0.45648775840025824 6.2453452652189358E-002
0.50 0.80 7.60 0.45357088097835180 6.3113187634731269E-002
0.50 0.80 8.00 0.44792468868019092 6.2633247977266826E-002
0.50 0.80 8.40 0.44093988265185280 6.2449446012531031E-002
0.50 0.80 8.80 0.44221990113362653 6.2902950338546815E-002
0.50 0.80 9.20 0.44074056290851854 6.2538532542165751E-002
0.50 0.80 9.60 0.44295786250660474 6.3397457991854284E-002
0.50 0.80 10.00 0.43901992649232291 6.2251868803752601E-002
0.50 0.80 10.40 0.43159902849786685 6.2570743408575311E-002
0.50 0.80 10.80 0.43227347757726664 6.2834660609669815E-002
0.50 0.80 11.20 0.43201152896239747 6.2873047345324937E-002
0.50 0.80 11.60 0.42784654423055618 6.2740915938014188E-002
0.50 0.80 12.00 0.42468466286551498 6.3126092947024218E-002

0.50 1.00 0.00 0.31205358552843732 7.0584764094532640E-002
0.50 1.00 0.40 0.49855958403177103 6.2358166591987549E-002
0.50 1.00 0.80 0.48649304651489633 6.1104793760377467E-002
0.50 1.00 1.20 0.48895179238625497 6.0688003710828102E-002
0.50 1.00 1.60 0.48227259923255827 6.0945334598502467E-002
0.50 1.00 2.00 0.48942287443673083 6.1043957391261255E-002
0.50 1.00 2.40 0.48280530841148001 6.0987881454510860E-002
0.50 1.00 2.80 0.48605718691682664 6.0829010381724752E-002
0.50 1.00 3.20 0.47856236535473806 6.1368016626537146E-002
0.50 1.00 3.60 0.47909321140197508 6.2008936948559107E-002
0.50 1.00 4.00 0.47419190965748542 6.2004804451373532E-002
0.50 1.00 4.40 0.46840405363563081 6.2158254012848753E-002
0.50 1.00 4.80 0.46262535099048963 6.1772971528517517E-002
0.50 1.00 5.20 0.46265638669987136 6.2083065900704636E-002
0.50 1.00 5.60 0.45610526577847504 6.2488191444694530E-002
0.50 1.00 6.00 0.45807413994135293 6.2784745303401779E-002
0.50 1.00 6.40 0.45504482064956964 6.2258705658096908E-002
0.50 1.00 6.80 0.44963944976087350 6.2444967872069455E-002
0.50 1.00 7.20 0.44639692640542822 6.2247593286883195E-002
0.50 1.00 7.60 0.44136661917636805 6.2495445624670007E-002
0.50 1.00 8.00 0.44376477279895543 6.3323582253150337E-002
0.50 1.00 8.40 0.44250210575188031 6.2604880722634523E-002
0.50 1.00 8.80 0.43549245104092343 6.3403620598561361E-002
0.50 1.00 9.20 0.44470390145205291 6.3512446384859492E-002
0.50 1.00 9.60 0.43470299461572176 6.3155619383855846E-002
0.50 1.00 10.00 0.42797796313852132 6.3504548816745443E-002
0.50 1.00 10.40 0.43209364009818618 6.3436177965019380E-002
0.50 1.00 10.80 0.43705366465014261 6.2997086532268778E-002
0.50 1.00 11.20 0.42538478803926638 6.3213030434468229E-002
0.50 1.00 11.60 0.42824969361871423 6.3738947840239257E-002
0.50 1.00 12.00 0.42491540079200157 6.3511316564292222E-002

0.50 1.20 0.00 0.39744577101945433 7.5059051732860718E-002
0.50 1.20 0.40 0.54090224012551436 6.1699239527935427E-002
0.50 1.20 0.80 0.50685438005623318 6.0702549653357127E-002
0.50 1.20 1.20 0.49911751380953284 6.0997515360297683E-002
0.50 1.20 1.60 0.49102643876044183 6.1026020251199992E-002
0.50 1.20 2.00 0.49215158491235889 6.1144907633239563E-002
0.50 1.20 2.40 0.48288021530052505 6.1458459957602345E-002
0.50 1.20 2.80 0.47807373065478637 6.1491631280777351E-002
0.50 1.20 3.20 0.47652796156453114 6.2010381399172393E-002
0.50 1.20 3.60 0.47004674244966405 6.1484741783235417E-002
0.50 1.20 4.00 0.46720951792182452 6.1713310438875117E-002
0.50 1.20 4.40 0.46017058873347094 6.1631414033274587E-002
0.50 1.20 4.80 0.46465398217620502 6.2313148451558428E-002
0.50 1.20 5.20 0.45580443952444033 6.1977166481868372E-002
0.50 1.20 5.60 0.45702420086041584 6.2619614769688969E-002
0.50 1.20 6.00 0.44946895174402079 6.2365686883058748E-002
0.50 1.20 6.40 0.44706292341353027 6.2340645989617215E-002
0.50 1.20 6.80 0.44609715481481482 6.2756925093559929E-002
0.50 1.20 7.20 0.44603527156594919 6.2195163115775887E-002
0.50 1.20 7.60 0.44318780300350669 6.2749099500172198E-002
0.50 1.20 8.00 0.44140540596155831 6.2603362551701305E-002
0.50 1.20 8.40 0.44001209760488375 6.3216180339013203E-002
0.50 1.20 8.80 0.44041984460983025 6.3121920805662604E-002
0.50 1.20 9.20 0.43758411083363402 6.2824213794217862E-002
0.50 1.20 9.60 0.43814080110294212 6.2851426648533160E-002
0.50 1.20 10.00 0.43798960252993896 6.3470878174212292E-002
0.50 1.20 10.40 0.43598097071785541 6.2727620632660075E-002
0.50 1.20 10.80 0.42811779861173493 6.2985551600449344E-002
0.50 1.20 11.20 0.42634035071927112 6.2680273342910514E-002
0.50 1.20 11.60 0.42689853835420460 6.3051496797406237E-002
0.50 1.20 12.00 0.42407747987391931 6.3391567387627981E-002

0.50 1.40 0.00 0.34481625093593438 6.8977045297777123E-002
0.50 1.40 0.40 0.48483575869761691 5.9934302379384033E-002
0.50 1.40 0.80 0.49165862457530018 6.0411078826985029E-002
0.50 1.40 1.20 0.48609942238661352 6.1141080469608672E-002
0.50 1.40 1.60 0.49178011760345630 6.0366901504855991E-002
0.50 1.40 2.00 0.48723242273183753 6.1544305365760756E-002
0.50 1.40 2.40 0.48888409614518624 6.1539379404292174E-002
0.50 1.40 2.80 0.47936106453399085 6.1376632208734856E-002
0.50 1.40 3.20 0.47815843209324205 6.1870945395515124E-002
0.50 1.40 3.60 0.47625135253549694 6.1786755989589819E-002
0.50 1.40 4.00 0.47181491441862555 6.1819743561597217E-002
0.50 1.40 4.40 0.46690925498872626 6.1913377339150644E-002
0.50 1.40 4.80 0.46472216635275110 6.1750835424696518E-002
0.50 1.40 5.20 0.46015528960347013 6.2046257221437320E-002
0.50 1.40 5.60 0.45932677664722810 6.2251795779637423E-002
0.50 1.40 6.00 0.45562910337075646 6.2296008181524330E-002
0.50 1.40 6.40 0.46147459765813581 6.2341641865152501E-002
0.50 1.40 6.80 0.45790125860032094 6.2508038695990059E-002
0.50 1.40 7.20 0.45585458979907545 6.2575183820482147E-002
0.50 1.40 7.60 0.45368779874358350 6.2300754741847479E-002
0.50 1.40 8.00 0.45080823049037122 6.2713117686665584E-002
0.50 1.40 8.40 0.44693180516024728 6.3134266002496997E-002
0.50 1.40 8.80 0.45171013137371574 6.2406998172149813E-002
0.50 1.40 9.20 0.44493245063277420 6.2716095658830143E-002
0.50 1.40 9.60 0.44892217286341990 6.2929046951745823E-002
0.50 1.40 10.00 0.44345273569249422 6.2995784318614981E-002
0.50 1.40 10.40 0.44079825414489671 6.2673218953220894E-002
0.50 1.40 10.80 0.44699414045529595 6.2616756811564436E-002
0.50 1.40 11.20 0.43903524746328265 6.2472648222213954E-002
0.50 1.40 11.60 0.43636622329581271 6.2496215635987624E-002
0.50 1.40 12.00 0.43445430456117523 6.2470523771402699E-002

0.50 1.60 0.00 0.24635383269091218 5.7950549292467020E-002
0.50 1.60 0.40 0.48383922735596263 6.1918478444079925E-002
0.50 1.60 0.80 0.49079429269464259 6.1380518923753541E-002
0.50 1.60 1.20 Binary file (standard input) matches
0.50 1.60 1.60 0.48997684091374510 6.1160628181639053E-002
0.50 1.60 2.00 0.48157993935090204 6.1548730027482908E-002
0.50 1.60 2.40 0.47954244190822742 6.0737541371986788E-002
0.50 1.60 2.80 0.47900637260382783 6.1298036327548773E-002
0.50 1.60 3.20 0.47375536806783991 6.2264633691403157E-002
0.50 1.60 3.60 0.47350742757905967 6.1840655056266076E-002
0.50 1.60 4.00 0.45873696264082009 6.1675692928283066E-002
0.50 1.60 4.40 0.46317435513776795 6.1572470228668838E-002
0.50 1.60 4.80 0.45769327947496014 6.2581296449160065E-002
0.50 1.60 5.20 0.45447652556684320 6.2565197732441666E-002
0.50 1.60 5.60 0.46123736456498976 6.2180596383590470E-002
0.50 1.60 6.00 0.44893260414969871 6.2760730242188936E-002
0.50 1.60 6.40 0.45175458446555811 6.2893661853450328E-002
0.50 1.60 6.80 0.44158939108116935 6.2369938673684552E-002
0.50 1.60 7.20 0.44331868363276594 6.2415328821563518E-002
0.50 1.60 7.60 0.44191517349940107 6.2600786936784392E-002
0.50 1.60 8.00 0.43887991864940751 6.2954046807260522E-002
0.50 1.60 8.40 0.43882196811766788 6.2961032403472103E-002
0.50 1.60 8.80 0.43459841553903544 6.2638543132167546E-002
0.50 1.60 9.20 0.43610801056677195 6.3123100091641918E-002
0.50 1.60 9.60 0.43277457740864483 6.2866419670566678E-002
0.50 1.60 10.00 0.43366134693815628 6.3154688041847012E-002
0.50 1.60 10.40 0.42464052400850799 6.2446065507966129E-002
0.50 1.60 10.80 0.43256454942680761 6.2946562304910331E-002
0.50 1.60 11.20 0.42699750941031195 6.2897949766674635E-002
0.50 1.60 11.60 0.42509093197601899 6.3082986885919512E-002
0.50 1.60 12.00 0.41740411137037964 6.2490690110039160E-002

0.50 1.80 0.00 0.37214407707216374 7.1690254925995955E-002
0.50 1.80 0.40 0.48451482721792705 6.2064516244864927E-002
0.50 1.80 0.80 0.47578228588158822 6.1018557594517839E-002
0.50 1.80 1.20 0.47426961033198456 6.1391782887859583E-002
0.50 1.80 1.60 0.47390497440015072 6.1819892092082669E-002
0.50 1.80 2.00 0.47440357609179962 6.1297631360168192E-002
0.50 1.80 2.40 0.47034639326800198 6.2137561577832096E-002
0.50 1.80 2.80 0.46993102360130762 6.1299106633293167E-002
0.50 1.80 3.20 0.46854908693785813 6.1776531713903307E-002
0.50 1.80 3.60 0.46708825318211955 6.2186587029690196E-002
0.50 1.80 4.00 0.46308339015073730 6.2014476157778990E-002
0.50 1.80 4.40 0.45988724952406335 6.2420995773114350E-002
0.50 1.80 4.80 0.46103031079986795 6.2777822340831291E-002
0.50 1.80 5.20 0.45563726219327538 6.2664404315505379E-002
0.50 1.80 5.60 0.45547379158886636 6.2311454515013520E-002
0.50 1.80 6.00 0.45507541570606203 6.3507565374252797E-002
0.50 1.80 6.40 0.45744287199349276 6.2790524856935676E-002
0.50 1.80 6.80 0.44717561635663589 6.2875889649064085E-002
0.50 1.80 7.20 0.44932061329570933 6.2739878351246739E-002
0.50 1.80 7.60 0.44945309757519825 6.3106721850478248E-002
0.50 1.80 8.00 0.44609856968677164 6.2915935116769864E-002
0.50 1.80 8.40 0.44458432853649549 6.2776474011052422E-002
0.50 1.80 8.80 0.43960538508259156 6.2890346769011951E-002
0.50 1.80 9.20 0.44263874168343148 6.2449265534268480E-002
0.50 1.80 9.60 0.44338333172176830 6.3137536446786546E-002
0.50 1.80 10.00 0.43879545337622528 6.2915203605646300E-002
0.50 1.80 10.40 0.43963826434077113 6.3378757024063828E-002
0.50 1.80 10.80 0.43863465868535156 6.2874294421607371E-002
0.50 1.80 11.20 0.43734969287336989 6.3617737540341529E-002
0.50 1.80 11.60 0.44236435707887356 6.2677043003546123E-002
0.50 1.80 12.00 0.43896004801618005 6.3098442479879044E-002

0.50 2.00 0.00 0.31145823154545155 4.7685666326799159E-002
0.50 2.00 0.40 0.45127451367071131 6.2599293305977063E-002
0.50 2.00 0.80 0.47627691848078618 6.2849446055084052E-002
0.50 2.00 1.20 0.46566482556463107 6.1267604820728190E-002
0.50 2.00 1.60 0.46464965521813140 6.1811689144196692E-002
0.50 2.00 2.00 0.46725176316591666 6.2013556072623224E-002
0.50 2.00 2.40 0.46664550099249363 6.1964147946476179E-002
0.50 2.00 2.80 0.46697489570074407 6.2193557034759685E-002
0.50 2.00 3.20 0.46859413170426184 6.2185008388464288E-002
0.50 2.00 3.60 0.45961216352020584 6.2647225728699532E-002
0.50 2.00 4.00 0.45835666918446671 6.1928934034222026E-002
0.50 2.00 4.40 0.46063918600251857 6.2617664134790835E-002
0.50 2.00 4.80 0.45562153427139729 6.2462595907065814E-002
0.50 2.00 5.20 0.45829481340936695 6.3067030967661405E-002
0.50 2.00 5.60 0.45542432108731318 6.2871074734763707E-002
0.50 2.00 6.00 0.44569510375176558 6.3076243975462798E-002
0.50 2.00 6.40 0.45176718239433961 6.2380353612109828E-002
0.50 2.00 6.80 0.44573436816287471 6.2929596100063490E-002
0.50 2.00 7.20 0.44883381948652812 6.2626911405172042E-002
0.50 2.00 7.60 0.44284595739763699 6.2765851741804990E-002
0.50 2.00 8.00 0.44260680566734345 6.2870625854242981E-002
0.50 2.00 8.40 0.43660874014849221 6.3058173366542569E-002
0.50 2.00 8.80 0.43434790586710326 6.2985230465371092E-002
0.50 2.00 9.20 0.43369099892565488 6.3058877234119987E-002
0.50 2.00 9.60 0.43519857967282088 6.2451596092132092E-002
0.50 2.00 10.00 0.42831803371105509 6.2950487438636002E-002
0.50 2.00 10.40 0.43089820996124012 6.3060154453228226E-002
0.50 2.00 10.80 0.42888533493996073 6.2945015743359575E-002
0.50 2.00 11.20 0.42899242379764341 6.3381227845005772E-002
0.50 2.00 11.60 0.42817661738415647 6.3027905865815068E-002
0.50 2.00 12.00 0.42613707975524218 6.3954179898594782E-002

0.50 2.20 0.00 0.20567890522356752 5.1040816645109469E-002
0.50 2.20 0.40 0.45921724985546286 6.5537831004227373E-002
0.50 2.20 0.80 0.45855765878981625 6.2253831060293655E-002
0.50 2.20 1.20 0.46205626248097598 6.2120090734144109E-002
0.50 2.20 1.60 0.46602336250756454 6.1896119773403292E-002
0.50 2.20 2.00 0.46150262967068140 6.1732816032992972E-002
0.50 2.20 2.40 0.46117477683269248 6.2180069349979362E-002
0.50 2.20 2.80 0.46126557291805714 6.2815015945825364E-002
0.50 2.20 3.20 0.46299412788367755 6.1831902282264178E-002
0.50 2.20 3.60 0.46119748811380135 6.2816120349379695E-002
0.50 2.20 4.00 0.46007343618976160 6.2741765666982807E-002
0.50 2.20 4.40 0.45464935547883290 6.1990979182341283E-002
0.50 2.20 4.80 0.45922006380342240 6.2193857470232629E-002
0.50 2.20 5.20 0.45578384036695169 6.2460966922295420E-002
0.50 2.20 5.60 0.45156784017419893 6.2575103220440548E-002
0.50 2.20 6.00 0.45283166679706238 6.2458120770348693E-002
0.50 2.20 6.40 0.44823932691873936 6.3012759662813597E-002
0.50 2.20 6.80 0.44151064176210603 6.2357371175715638E-002
0.50 2.20 7.20 0.44184530045473114 6.2444354245639842E-002
0.50 2.20 7.60 0.44078745885030307 6.2783231466128506E-002
0.50 2.20 8.00 0.44532289881576670 6.2903309281719985E-002
0.50 2.20 8.40 0.43801566144201987 6.3713718997213481E-002
0.50 2.20 8.80 0.44010531723101254 6.3232180328150450E-002
0.50 2.20 9.20 0.43424302449529567 6.2965069579243402E-002
0.50 2.20 9.60 0.43359290936925338 6.2805087461612702E-002
0.50 2.20 10.00 0.43024952605004385 6.2795447215796385E-002
0.50 2.20 10.40 0.43376173518706790 6.2896467724641608E-002
0.50 2.20 10.80 0.43159763917391619 6.2915618083780808E-002
0.50 2.20 11.20 0.43235478117531734 6.3500006465447928E-002
0.50 2.20 11.60 0.43057383712368280 6.3255418208746778E-002
0.50 2.20 12.00 0.42913130702940111 6.3374920210061123E-002

0.50 2.40 0.00 0.25282669331952878 6.5192096277947489E-002
0.50 2.40 0.40 0.44565712748109820 5.9650380984234218E-002
0.50 2.40 0.80 0.44878491285352407 6.3105979242661342E-002
0.50 2.40 1.20 0.45092761278987920 6.3342839109084795E-002
0.50 2.40 1.60 0.45816026623689099 6.2290039411258755E-002
0.50 2.40 2.00 0.45390018522783226 6.2029249175347335E-002
0.50 2.40 2.40 0.45283943144956107 6.1990991547042115E-002
0.50 2.40 2.80 0.45501262545682514 6.2515370416635754E-002
0.50 2.40 3.20 0.45648614402688359 6.2536942321332570E-002
0.50 2.40 3.60 0.45603780600052363 6.2236280766158877E-002
0.50 2.40 4.00 0.45305184849119196 6.2243075159062022E-002
0.50 2.40 4.40 0.45170993946187954 6.2502788196956774E-002
0.50 2.40 4.80 0.45213876763850464 6.2537199125852455E-002
0.50 2.40 5.20 0.44688847341333399 6.2691369805669972E-002
0.50 2.40 5.60 0.44920539818360466 6.2649001160556772E-002
0.50 2.40 6.00 0.44835814982574729 6.2667181358421184E-002
0.50 2.40 6.40 0.45125966102939358 6.2440548715273624E-002
0.50 2.40 6.80 0.44435567596966397 6.2990502420367508E-002
0.50 2.40 7.20 0.44556619377411294 6.2894255168467056E-002
0.50 2.40 7.60 0.44732965101821953 6.2989416523357267E-002
0.50 2.40 8.00 0.43693368327745163 6.2789935640016281E-002
0.50 2.40 8.40 0.43973114246930772 6.2733251238472981E-002
0.50 2.40 8.80 0.43464366299605511 6.3423724204097864E-002
0.50 2.40 9.20 0.43463996774480479 6.3486826016026551E-002
0.50 2.40 9.60 0.43497786431578322 6.2579502710888135E-002
0.50 2.40 10.00 0.42993563607725449 6.3549647085396010E-002
0.50 2.40 10.40 0.43099485777381341 6.3480341692504189E-002
0.50 2.40 10.80 0.43249861157696695 6.3223933651900585E-002
0.50 2.40 11.20 0.42903069740953059 6.3053366936817415E-002
0.50 2.40 11.60 0.42827029049056559 6.2803936403934835E-002
0.50 2.40 12.00 0.43091648061220750 6.3440742235586448E-002

0.50 2.60 0.00 0.26549772649741443 6.0568170339002955E-002
0.50 2.60 0.40 0.41894898162118999 5.9439990688384250E-002
0.50 2.60 0.80 0.43302612723751521 6.1611258158691860E-002
0.50 2.60 1.20 0.44570136346674322 6.1803359798977227E-002
0.50 2.60 1.60 0.44860612029152591 6.2175960762315810E-002
0.50 2.60 2.00 0.45867221320074442 6.1858508891202257E-002
0.50 2.60 2.40 0.45506392383370509 6.2708987761687346E-002
0.50 2.60 2.80 0.45953209124368810 6.2636406774003520E-002
0.50 2.60 3.20 0.45078816688531875 6.2822816573857715E-002
0.50 2.60 3.60 0.45813590356495171 6.2238062816920459E-002
0.50 2.60 4.00 0.45367550512054294 6.2180891634256302E-002
0.50 2.60 4.40 0.45251423830426096 6.2532774758156232E-002
0.50 2.60 4.80 0.44741309516788619 6.2695735884840856E-002
0.50 2.60 5.20 0.45602780719602831 6.2704609981322157E-002
0.50 2.60 5.60 0.45639772825037445 6.3051638639260776E-002
0.50 2.60 6.00 0.45125535936622141 6.3402241963965336E-002
0.50 2.60 6.40 0.44254978352757740 6.2984234463171945E-002
0.50 2.60 6.80 0.44918350856888967 6.2893663330561456E-002
0.50 2.60 7.20 0.44310738284926127 6.2942570525935854E-002
0.50 2.60 7.60 0.43896105990287398 6.2601275345133656E-002
0.50 2.60 8.00 0.44164280959918417 6.2514635806796282E-002
0.50 2.60 8.40 0.43363834109619076 6.2761217110553685E-002
0.50 2.60 8.80 0.43840311822201083 6.3381247305596911E-002
0.50 2.60 9.20 0.43303089795570715 6.2862870609799629E-002
0.50 2.60 9.60 0.43135083458832968 6.2721006120520367E-002
0.50 2.60 10.00 0.43571008981673920 6.3444645965340704E-002
0.50 2.60 10.40 0.43078369764824798 6.2604599022496807E-002
0.50 2.60 10.80 0.43211473332763584 6.3605691012410398E-002
0.50 2.60 11.20 0.43356827052278313 6.3051893923961003E-002
0.50 2.60 11.60 0.42823210187725919 6.2770446478576464E-002
0.50 2.60 12.00 0.43063663765844040 6.3024980227111796E-002

0.50 2.80 0.00 0.21497271665362963 6.6146212335335061E-002
0.50 2.80 0.40 0.41833034823306203 6.0932083674048003E-002
0.50 2.80 0.80 0.44395059113119995 6.1704238405949970E-002
0.50 2.80 1.20 0.45109473891151186 6.1983473134761137E-002
0.50 2.80 1.60 0.46076904550921827 6.2032172214123570E-002
0.50 2.80 2.00 0.45900794818395318 6.2283130652573057E-002
0.50 2.80 2.40 0.45119194108242072 6.2656286606031911E-002
0.50 2.80 2.80 0.45766438161045614 6.2497393990813770E-002
0.50 2.80 3.20 0.45111901596406578 6.2914565917083734E-002
0.50 2.80 3.60 0.45143132420613252 6.2216817008484117E-002
0.50 2.80 4.00 0.45890863909475837 6.2787491874077977E-002
0.50 2.80 4.40 0.45390857159667936 6.2929524141173851E-002
0.50 2.80 4.80 0.44998109601816483 6.2609480773965054E-002
0.50 2.80 5.20 0.45150800899007743 6.2956642597463558E-002
0.50 2.80 5.60 0.45201309713103155 6.3199504869321507E-002
0.50 2.80 6.00 0.44715586069473173 6.3089422767594841E-002
0.50 2.80 6.40 0.44955229609998143 6.2984861926839900E-002
0.50 2.80 6.80 0.45085342127424283 6.3117692402795952E-002
0.50 2.80 7.20 0.44453339071012499 6.3328582558701982E-002
0.50 2.80 7.60 0.44680737952629812 6.3041141268951412E-002
0.50 2.80 8.00 0.44746172411301161 6.3612216868106142E-002
0.50 2.80 8.40 0.44896399431871786 6.3579025625380231E-002
0.50 2.80 8.80 0.43996078039524000 6.3490104977676584E-002
0.50 2.80 9.20 0.45142304208599138 6.3346745509271676E-002
0.50 2.80 9.60 0.43900377143739561 6.2697523433875885E-002
0.50 2.80 10.00 0.44006547167031840 6.3956146461636221E-002
0.50 2.80 10.40 0.44261335673867946 6.2945514574179004E-002
0.50 2.80 10.80 0.44027386446578831 6.3614336597045351E-002
0.50 2.80 11.20 0.42672582616638016 6.3089817191876729E-002
0.50 2.80 11.60 0.43673672015313103 6.3780548288388236E-002
0.50 2.80 12.00 0.43710476163587331 6.3980463520161984E-002

0.50 3.00 0.00 0.25882522123676804 7.2521971091946164E-002
0.50 3.00 0.40 0.44469917904729561 6.6482080484885075E-002
0.50 3.00 0.80 0.44344992215125928 6.5015196143497669E-002
0.50 3.00 1.20 0.44368010504777822 6.3376411256823570E-002
0.50 3.00 1.60 0.44887488769229184 6.3291783833763507E-002
0.50 3.00 2.00 0.44475964164991905 6.3491049885371922E-002
0.50 3.00 2.40 0.44562164373587193 6.3627573636410958E-002
0.50 3.00 2.80 0.44593052675541467 6.2918217508897006E-002
0.50 3.00 3.20 0.44837647865093067 6.2899698763216647E-002
0.50 3.00 3.60 0.45079054496014132 6.3342423038920570E-002
0.50 3.00 4.00 0.44532716446577547 6.2667674963874861E-002
0.50 3.00 4.40 0.44346904081503347 6.3341999414728442E-002
0.50 3.00 4.80 0.44472362420208134 6.3673216338342595E-002
0.50 3.00 5.20 0.43885518657714007 6.2946678701252062E-002
0.50 3.00 5.60 0.44145417668717313 6.2778784151107450E-002
0.50 3.00 6.00 0.43585658241204034 6.2669561503373217E-002
0.50 3.00 6.40 0.44230788793609677 6.3039783008087102E-002
0.50 3.00 6.80 0.43908121732800015 6.3126509029823044E-002
0.50 3.00 7.20 0.44147220510218793 6.3941676244209225E-002
0.50 3.00 7.60 0.43434607512754325 6.3557286971761648E-002
0.50 3.00 8.00 0.42980603409025814 6.3840670236090066E-002
0.50 3.00 8.40 0.43862197521075413 6.2890492079645838E-002
0.50 3.00 8.80 0.43233152325643376 6.3253841420896836E-002
0.50 3.00 9.20 0.43272280987022516 6.3194304461854409E-002
0.50 3.00 9.60 0.43388138304317297 6.3174860417904863E-002
0.50 3.00 10.00 0.42320887382670430 6.3053401176883420E-002
0.50 3.00 10.40 0.42663101635902301 6.3665042599812677E-002
0.50 3.00 10.80 0.43002766987813706 6.3166198153353018E-002
0.50 3.00 11.20 0.43039918736556204 6.3207020799201555E-002
0.50 3.00 11.60 0.42391502559767769 6.3623410523584403E-002
0.50 3.00 12.00 0.42641829042539703 6.2715154039396384E-002

0.50 3.20 0.00 0.24786805315380614 6.5163921923854340E-002
0.50 3.20 0.40 0.40402487873717374 6.1379797748989426E-002
0.50 3.20 0.80 0.42684956999543411 6.2327793637803559E-002
0.50 3.20 1.20 0.43720348355183203 6.2753381351566842E-002
0.50 3.20 1.60 0.43852900563381414 6.2739406506586021E-002
0.50 3.20 2.00 0.44122134359333431 6.2913315429494882E-002
0.50 3.20 2.40 0.44000958168314108 6.3012035983365786E-002
0.50 3.20 2.80 0.44261770147427376 6.2386409701461115E-002
0.50 3.20 3.20 0.44301913944661758 6.3004875212098854E-002
0.50 3.20 3.60 0.44520903827246905 6.3429548486187162E-002
0.50 3.20 4.00 0.44049362924465207 6.3192193281928460E-002
0.50 3.20 4.40 0.44201971622016839 6.2492508950278434E-002
0.50 3.20 4.80 0.44411907227755121 6.3519462192818787E-002
0.50 3.20 5.20 0.44423176719691471 6.2927012700020227E-002
0.50 3.20 5.60 0.44489669743108590 6.3532859584823506E-002
0.50 3.20 6.00 0.44474544009798561 6.3113481877252117E-002
0.50 3.20 6.40 0.44202428054408693 6.3190028840506812E-002
0.50 3.20 6.80 0.43916016172601119 6.3533078268384294E-002
0.50 3.20 7.20 0.44139127168156189 6.3326386494515052E-002
0.50 3.20 7.60 0.43463227031030316 6.3252897711723127E-002
0.50 3.20 8.00 0.43456295257938554 6.3124825868200299E-002
0.50 3.20 8.40 Binary file (standard input) matches
0.50 3.20 8.80 0.43748891799238027 6.3484644483400091E-002
0.50 3.20 9.20 0.42786605384739540 6.2627803949560662E-002
0.50 3.20 9.60 0.42671187034467611 6.3646799736022469E-002
0.50 3.20 10.00 0.42895333785287215 6.3100659907862025E-002
0.50 3.20 10.40 0.42177260400773281 6.2998840954696489E-002
0.50 3.20 10.80 0.43134069018816723 6.3486467474161895E-002
0.50 3.20 11.20 0.42468490669940745 6.3727773047731334E-002
0.50 3.20 11.60 0.41797664716908267 6.3457752255543717E-002
0.50 3.20 12.00 0.42401409052016581 6.3765531999550581E-002

0.50 3.40 0.00 0.14826432093902425 5.2544195656104589E-002
0.50 3.40 0.40 0.39674685493900708 6.2009092074233239E-002
0.50 3.40 0.80 0.41493531464956279 6.2732319041132925E-002
0.50 3.40 1.20 0.43253395394637983 6.3323509696706387E-002
0.50 3.40 1.60 0.43816936806581808 6.2745644094350392E-002
0.50 3.40 2.00 0.43491710572529352 6.2898874537491989E-002
0.50 3.40 2.40 0.44203003630945270 6.2795029161856128E-002
0.50 3.40 2.80 0.43636861681062422 6.2320991914767948E-002
0.50 3.40 3.20 0.44030616410415335 6.2881401709771814E-002
0.50 3.40 3.60 0.44804618078741737 6.3134990471717820E-002
0.50 3.40 4.00 0.44112777714940909 6.3714049225514810E-002
0.50 3.40 4.40 0.44544266034509505 6.3073824318180358E-002
0.50 3.40 4.80 0.44074353643117359 6.3021830305008256E-002
0.50 3.40 5.20 0.44419620146108552 6.3108311337303505E-002
0.50 3.40 5.60 0.44420021309661689 6.3094155776425936E-002
0.50 3.40 6.00 0.44433480610036130 6.3420011291120917E-002
0.50 3.40 6.40 0.44400035453453324 6.3287478968824876E-002
0.50 3.40 6.80 0.44605230486740205 6.3236716229821563E-002
0.50 3.40 7.20 0.43910596500152987 6.3475779669385224E-002
0.50 3.40 7.60 0.44044015877378306 6.3310061439590753E-002
0.50 3.40 8.00 0.44190760378250699 6.3544129317877299E-002
0.50 3.40 8.40 0.43790954179138863 6.3638782576682221E-002
0.50 3.40 8.80 0.43773040583057166 6.3065637486495518E-002
0.50 3.40 9.20 0.43957254381951377 6.3485606936907191E-002
0.50 3.40 9.60 0.43723853006196078 6.3282331977046843E-002
0.50 3.40 10.00 0.43947100321951699 6.3423505649652351E-002
0.50 3.40 10.40 0.43960036738110497 6.3816950901308636E-002
0.50 3.40 10.80 0.43692768876975502 6.3219319474889291E-002
0.50 3.40 11.20 0.43410793634325290 6.2762085328052705E-002
0.50 3.40 11.60 0.42852534044167917 6.2889360416014894E-002
0.50 3.40 12.00 0.43871341125447250 6.3356395870099433E-002

0.50 3.60 0.00 0.21175291301664298 6.1261136714737277E-002
0.50 3.60 0.40 0.40791821924206040 6.4783192446443844E-002
0.50 3.60 0.80 0.42526756588669989 6.2964079622497129E-002
0.50 3.60 1.20 0.43287502356244945 6.3138824238114760E-002
0.50 3.60 1.60 0.42840298294266416 6.2966563584629404E-002
0.50 3.60 2.00 0.43879886216136421 6.2532358815372793E-002
0.50 3.60 2.40 0.43417361598745696 6.3050807183486310E-002
0.50 3.60 2.80 0.43947586414202700 6.2826019407396363E-002
0.50 3.60 3.20 0.43384443628947444 6.2288149013676131E-002
0.50 3.60 3.60 0.43945232056729122 6.2538535412153234E-002
0.50 3.60 4.00 0.43725999028718904 6.2969991610069331E-002
0.50 3.60 4.40 0.43953669602468642 6.3513564064454672E-002
0.50 3.60 4.80 0.43557262286162207 6.3292859737327373E-002
0.50 3.60 5.20 0.43414711828526481 6.2568698273451337E-002
0.50 3.60 5.60 0.43728737028197562 6.3924122151694143E-002
0.50 3.60 6.00 0.43636892002412520 6.3259477790582233E-002
0.50 3.60 6.40 0.44186846059305729 6.3146764772173181E-002
0.50 3.60 6.80 0.44064352577872523 6.3737750638029875E-002
0.50 3.60 7.20 0.43532084877160687 6.3195075322077368E-002
0.50 3.60 7.60 0.43653083644824209 6.3430451418765313E-002
0.50 3.60 8.00 0.43399181631909955 6.2660567652530835E-002
0.50 3.60 8.40 0.43417144802344154 6.3384256820980742E-002
0.50 3.60 8.80 0.43478959355787261 6.3270725302878195E-002
0.50 3.60 9.20 0.42964802847327943 6.3039937943484295E-002
0.50 3.60 9.60 0.42814357317337348 6.2853568939518684E-002
0.50 3.60 10.00 0.42936198276483717 6.3718155471823648E-002
0.50 3.60 10.40 0.42960653140785310 6.3110156453887983E-002
0.50 3.60 10.80 0.42652694042227690 6.3384263779823577E-002
0.50 3.60 11.20 0.42694903568157827 6.2937688505076334E-002
0.50 3.60 11.60 0.42335896849256194 6.2720544113151380E-002
0.50 3.60 12.00 0.42268942864145737 6.2902923693685886E-002

0.50 3.80 0.00 0.28028776512654929 6.6223493634390909E-002
0.50 3.80 0.40 0.45504770298690878 5.9649486670122563E-002
0.50 3.80 0.80 0.43755095528536769 6.2727351700583411E-002
0.50 3.80 1.20 0.44063452291762129 6.1947531896666741E-002
0.50 3.80 1.60 0.43512169035949383 6.2860523069657198E-002
0.50 3.80 2.00 0.43406273109934179 6.3239627066523724E-002
0.50 3.80 2.40 0.43476314832241014 6.3512147398470886E-002
0.50 3.80 2.80 0.43046014790509612 6.2652243511078551E-002
0.50 3.80 3.20 0.43804161427524518 6.3359279586714959E-002
0.50 3.80 3.60 0.43396901865760540 6.2450092598430054E-002
0.50 3.80 4.00 0.43420469706399639 6.2731652635514251E-002
0.50 3.80 4.40 0.43352890657087101 6.2958121586197013E-002
0.50 3.80 4.80 0.43775693334807270 6.2673436072465324E-002
0.50 3.80 5.20 0.43824936294531402 6.3002184035225978E-002
0.50 3.80 5.60 0.43720991893296546 6.2408205942517822E-002
0.50 3.80 6.00 0.43265677352300891 6.3630821251877009E-002
0.50 3.80 6.40 0.43761266800131315 6.3452262637449602E-002
0.50 3.80 6.80 0.43272385372492678 6.3539537923651551E-002
0.50 3.80 7.20 0.43425591421664222 6.3391138603179117E-002
0.50 3.80 7.60 0.42681138576271571 6.2888670361091734E-002
0.50 3.80 8.00 0.42837311417873680 6.2766422871348787E-002
0.50 3.80 8.40 0.42972434079344052 6.3311895433869322E-002
0.50 3.80 8.80 0.42224010892145480 6.3504848891324364E-002
0.50 3.80 9.20 0.42500495417944845 6.2767589916952207E-002
0.50 3.80 9.60 0.42933708138553506 6.3395636496252572E-002
0.50 3.80 10.00 0.42833969422759577 6.3552585131191053E-002
0.50 3.80 10.40 0.42197262156457083 6.3598589757440052E-002
0.50 3.80 10.80 0.42823121811708809 6.3238635402006263E-002
0.50 3.80 11.20 0.42487192398783558 6.3718302996457934E-002
0.50 3.80 11.60 0.42245902080124359 6.3569890853260896E-002
0.50 3.80 12.00 0.42520025337304562 6.2942461546949643E-002

0.50 4.00 0.00 0.13961132271078797 4.6618339638010022E-002
0.50 4.00 0.40 0.39823264024346455 6.6084779789017459E-002
0.50 4.00 0.80 0.42211662910070091 6.2545189523381131E-002
0.50 4.00 1.20 0.43041504519085028 6.2704855574026830E-002
0.50 4.00 1.60 0.43054463324146786 6.3200074561965677E-002
0.50 4.00 2.00 0.43046107392261340 6.3011472500057647E-002
0.50 4.00 2.40 0.43021103706085195 6.2602954927167193E-002
0.50 4.00 2.80 0.43344071049219818 6.2800942639229376E-002
0.50 4.00 3.20 0.43354911139620017 6.3401039396262474E-002
0.50 4.00 3.60 0.43394264698432383 6.2869595925523714E-002
0.50 4.00 4.00 0.42928632161837726 6.2963358093630087E-002
0.50 4.00 4.40 0.44063106728973900 6.3402695560705907E-002
0.50 4.00 4.80 0.44121714285654684 6.3158224545416849E-002
0.50 4.00 5.20 0.43598061870843552 6.3236097783337622E-002
0.50 4.00 5.60 0.43870484350977978 6.3143535264908984E-002
0.50 4.00 6.00 0.43749378460276933 6.3300377574813008E-002
0.50 4.00 6.40 0.43357095877928398 6.2254416622347222E-002
0.50 4.00 6.80 0.43557097499364295 6.3555673906168064E-002
0.50 4.00 7.20 0.43808029977810758 6.3322241793339756E-002
0.50 4.00 7.60 0.43608352529698441 6.2738511085843607E-002
0.50 4.00 8.00 0.43861610962377684 6.3967093000587505E-002
0.50 4.00 8.40 0.43484520083481010 6.3372155677923633E-002
0.50 4.00 8.80 0.44073586261590647 6.3160014895787556E-002
0.50 4.00 9.20 0.43633352054108132 6.3241060550682626E-002
0.50 4.00 9.60 0.42949784256775780 6.2899230052979718E-002
0.50 4.00 10.00 0.42974984447054732 6.3192959584985914E-002
0.50 4.00 10.40 0.42870311181589849 6.3248209156847562E-002
0.50 4.00 10.80 0.43614563290734737 6.3768872397226409E-002
0.50 4.00 11.20 0.43360207062722489 6.3837483984231336E-002
0.50 4.00 11.60 0.42618445352116152 6.3229536006716353E-002
0.50 4.00 12.00 0.42326033650317491 6.3369730448092965E-002

0.50 4.20 0.00 0.21988779616323337 6.0736332908376676E-002
0.50 4.20 0.40 0.46681696799855626 5.7807468647956925E-002
0.50 4.20 0.80 0.42510491662202288 6.1266078916056725E-002
0.50 4.20 1.20 0.42947075411984964 6.2889709391698356E-002
0.50 4.20 1.60 0.42402799083484427 6.3213332030090705E-002
0.50 4.20 2.00 0.42922283904977698 6.3154042018844017E-002
0.50 4.20 2.40 0.43584632401868867 6.3463102235344376E-002
0.50 4.20 2.80 0.43078067260775665 6.3531874562700569E-002
0.50 4.20 3.20 0.43375574144958023 6.2851224861525445E-002
0.50 4.20 3.60 0.43036694151348120 6.3030107049585199E-002
0.50 4.20 4.00 0.43211786136753449 6.3129475479054273E-002
0.50 4.20 4.40 0.43426463633048307 6.3857436226704603E-002
0.50 4.20 4.80 0.43304570471360471 6.3125604633094107E-002
0.50 4.20 5.20 0.42973989170929305 6.3494629830737115E-002
0.50 4.20 5.60 0.42933333627939108 6.3121906758850974E-002
0.50 4.20 6.00 0.43127878793521407 6.3036053775623796E-002
0.50 4.20 6.40 0.43163396992659636 6.3046410689111460E-002
0.50 4.20 6.80 0.43128143848929656 6.3013609374126894E-002
0.50 4.20 7.20 0.43282970891009986 6.2885754727362214E-002
0.50 4.20 7.60 0.42729945663826757 6.3864100485811051E-002
0.50 4.20 8.00 0.42691241561868409 6.3423362305382314E-002
0.50 4.20 8.40 0.42999219323122978 6.3289002809077330E-002
0.50 4.20 8.80 0.42868137087524405 6.3353902994816552E-002
0.50 4.20 9.20 0.42612757394024492 6.2967474021805012E-002
0.50 4.20 9.60 0.42707295407191898 6.2849116360477297E-002
0.50 4.20 10.00 0.42794113731665728 6.3099796612520145E-002
0.50 4.20 10.40 0.41560055806789203 6.3268305082945453E-002
0.50 4.20 10.80 0.42468421410601387 6.3227123163604321E-002
0.50 4.20 11.20 0.42303481758689915 6.3907581702011704E-002
0.50 4.20 11.60 0.42050626794012630 6.3301012025502354E-002
0.50 4.20 12.00 0.41740977326721235 6.3386546080169304E-002

0.50 4.40 0.00 0.25569107628062304 6.5395191442438411E-002
0.50 4.40 0.40 0.44744868248856545 6.5646147802443641E-002
0.50 4.40 0.80 0.42127016097064257 6.2851373946004901E-002
0.50 4.40 1.20 0.42627613237654016 6.2509520158868029E-002
0.50 4.40 1.60 0.43427653129208432 6.2930242508440176E-002
0.50 4.40 2.00 0.43425842219554533 6.3366164838496955E-002
0.50 4.40 2.40 0.43983569287706803 6.3697611600157786E-002
0.50 4.40 2.80 0.43726542684695086 6.3662081996620129E-002
0.50 4.40 3.20 0.43872179029213110 6.3154301549668196E-002
0.50 4.40 3.60 0.43920238357676694 6.3565759923565807E-002
0.50 4.40 4.00 0.43547340614841196 6.2966679846779339E-002
0.50 4.40 4.40 0.43239603420743328 6.3597608147607232E-002
0.50 4.40 4.80 0.44057757413219278 6.3939597085162669E-002
0.50 4.40 5.20 0.43558464457944135 6.2772891242055456E-002
0.50 4.40 5.60 0.43752595346671297 6.3530624477688133E-002
0.50 4.40 6.00 0.43511190612721296 6.3832769110451770E-002
0.50 4.40 6.40 0.43959571310369761 6.3350974609320376E-002
0.50 4.40 6.80 0.43434479186163910 6.3410435059845130E-002
0.50 4.40 7.20 0.43779254193968364 6.3264654137411058E-002
0.50 4.40 7.60 0.44292359955418481 6.3403900273110422E-002
0.50 4.40 8.00 0.43713413538258344 6.3794129314781081E-002
0.50 4.40 8.40 0.43296685795710144 6.3622839828269592E-002
0.50 4.40 8.80 0.43510797657306971 6.3255579204796783E-002
0.50 4.40 9.20 0.43777982932554693 6.3280115848102683E-002
0.50 4.40 9.60 0.43337510210591057 6.3001558270584623E-002
0.50 4.40 10.00 0.43481551330567775 6.3097007034275107E-002
0.50 4.40 10.40 0.43514064502140049 6.3951403562140380E-002
0.50 4.40 10.80 0.43289128473200167 6.3662247908615091E-002
0.50 4.40 11.20 0.43208584716530324 6.3767625904738084E-002
0.50 4.40 11.60 0.42627281106407827 6.3810753898712685E-002
0.50 4.40 12.00 0.42986086929247208 6.3199622738673772E-002

0.50 4.60 0.00 0.22729357831961577 7.0038745380913967E-002
0.50 4.60 0.40 0.40402659426870302 6.3377621907441409E-002
0.50 4.60 0.80 0.42011575643780424 6.1737493388684554E-002
0.50 4.60 1.20 0.42488669634585230 6.1825337088556670E-002
0.50 4.60 1.60 0.43203112880608729 6.1681220434792704E-002
0.50 4.60 2.00 0.43403418875076882 6.2157015855212147E-002
0.50 4.60 2.40 0.43024723187676228 6.2221813877013185E-002
0.50 4.60 2.80 0.43223390426653607 6.2871152882471096E-002
0.50 4.60 3.20 0.43683085407900046 6.3184593189821600E-002
0.50 4.60 3.60 0.43186090732125065 6.2795334462172780E-002
0.50 4.60 4.00 0.42971466328105079 6.2713835733194487E-002
0.50 4.60 4.40 0.43326339913480838 6.3303123691445445E-002
0.50 4.60 4.80 0.43350074145970235 6.3076802496677659E-002
0.50 4.60 5.20 0.42932645375124706 6.3206152427443263E-002
0.50 4.60 5.60 0.43409898447370365 6.2713627665193700E-002
0.50 4.60 6.00 0.43631754601298300 6.2914512537808984E-002
0.50 4.60 6.40 0.43974880680775835 6.3284974287773771E-002
0.50 4.60 6.80 0.43247175204078558 6.2793544376619367E-002
0.50 4.60 7.20 0.43508090045923897 6.2897727052223212E-002
0.50 4.60 7.60 0.43182483533797650 6.3103041747469335E-002
0.50 4.60 8.00 0.43342505179937152 6.3518204284812196E-002
0.50 4.60 8.40 0.43057142184052044 6.3293788427050857E-002
0.50 4.60 8.80 0.43151253942141532 6.3164130509734295E-002
0.50 4.60 9.20 0.42875282178724916 6.2994820758535436E-002
0.50 4.60 9.60 0.42941391636701365 6.3940038789577797E-002
0.50 4.60 10.00 0.43392872973674124 6.3318133311535019E-002
0.50 4.60 10.40 0.42948506194410285 6.3595986248048339E-002
0.50 4.60 10.80 0.43172934570625349 6.3362407787459565E-002
0.50 4.60 11.20 0.42726486576624811 6.2886524204151431E-002
0.50 4.60 11.60 0.42578047738959324 6.2763411766818558E-002
0.50 4.60 12.00 0.42516961931105896 6.2827114523894292E-002

0.50 4.80 0.00 0.24613617712127495 6.0401702196042420E-002
0.50 4.80 0.40 0.43345508447378611 6.0228698396770940E-002
0.50 4.80 0.80 0.42475279895689005 6.0963756698702180E-002
0.50 4.80 1.20 0.41474528922217385 6.0896114430515111E-002
0.50 4.80 1.60 0.42370756318063429 6.1953834069563063E-002
0.50 4.80 2.00 0.42336269982133556 6.1549416682075329E-002
0.50 4.80 2.40 0.42775486554732656 6.2499831265513638E-002
0.50 4.80 2.80 0.43211042412330497 6.2771975659670798E-002
0.50 4.80 3.20 0.43435677610231627 6.2860504222872496E-002
0.50 4.80 3.60 0.44147355631401197 6.2748529951357143E-002
0.50 4.80 4.00 0.43740541098476404 6.3267516465591186E-002
0.50 4.80 4.40 0.43690106230463177 6.3737479284377771E-002
0.50 4.80 4.80 0.43922948317271626 6.3459659289148804E-002
0.50 4.80 5.20 0.44305951773631225 6.3136104637106311E-002
0.50 4.80 5.60 0.43937254837267287 6.3726518929910048E-002
0.50 4.80 6.00 0.44138730409863813 6.3520047735869084E-002
0.50 4.80 6.40 0.43666810825175328 6.3744831223857754E-002
0.50 4.80 6.80 0.40790170393581393 1.7461372350933937E-002
0.50 4.80 7.20 0.43875039382692205 6.3345807884308075E-002
0.50 4.80 7.60 0.43896331080943751 6.3834951718547112E-002
0.50 4.80 8.00 0.44213601678278458 6.3192648022321399E-002
0.50 4.80 8.40 0.44355565775168282 6.3079329737334044E-002
0.50 4.80 8.80 Binary file (standard input) matches
0.50 4.80 9.20 0.43379836479866885 6.3307558238917025E-002
0.50 4.80 9.60 0.43955392540526728 6.4152851284447754E-002
0.50 4.80 10.00 0.43628204438907969 6.3770824398653891E-002
0.50 4.80 10.40 0.43888111876647279 6.3278390328654857E-002
0.50 4.80 10.80 0.42992186707818381 6.3544230182185107E-002
0.50 4.80 11.20 0.43120024382897437 6.3676114282198576E-002
0.50 4.80 11.60 0.43304708028472361 6.2507507561063741E-002
0.50 4.80 12.00 0.42854314060462412 6.3052289766077227E-002

0.50 5.00 0.00 0.12645411541766707 4.7931857438233881E-002
0.50 5.00 0.40 0.35494834667027841 6.3661901140694088E-002
0.50 5.00 0.80 0.37278825690692330 6.2913611103124822E-002
0.50 5.00 1.20 0.38581107299072448 6.2330940792101441E-002
0.50 5.00 1.60 0.40126414640540753 6.2360004058052441E-002
0.50 5.00 2.00 0.40992207205285058 6.3539070896877770E-002
0.50 5.00 2.40 0.41588547638471951 6.2573116746759291E-002
0.50 5.00 2.80 0.42194116241325152 6.2866218856100012E-002
0.50 5.00 3.20 0.42437910732558387 6.3259439005447241E-002
0.50 5.00 3.60 0.42112140610576559 6.3313830597988091E-002
0.50 5.00 4.00 0.42705991446782604 6.3066779753088803E-002
0.50 5.00 4.40 0.42963756203843539 6.2988586685498144E-002
0.50 5.00 4.80 0.42443270382156612 6.3245569729306839E-002
0.50 5.00 5.20 0.42238235337116264 6.3885737092920600E-002
0.50 5.00 5.60 0.42342048931339632 6.3282294348800117E-002
0.50 5.00 6.00 0.42575654818027386 6.3495612298014370E-002
0.50 5.00 6.40 0.42935957456438756 6.4135133267563621E-002
0.50 5.00 6.80 0.43857904813865006 6.3830842764249607E-002
0.50 5.00 7.20 0.42877006964131203 6.4061897836694415E-002
0.50 5.00 7.60 0.42748170043018963 6.3361394348079206E-002
0.50 5.00 8.00 0.42810333075557666 6.3488358707488077E-002
0.50 5.00 8.40 0.42915322549025914 6.3415856890536360E-002
0.50 5.00 8.80 0.42539934516998656 6.3379201182866884E-002
0.50 5.00 9.20 0.42712016515487028 6.3090954769494625E-002
0.50 5.00 9.60 0.42825193076853274 6.3640223774411420E-002
0.50 5.00 10.00 0.42864050271071108 6.4003424563392072E-002
0.50 5.00 10.40 0.43163195704581592 6.3683594695329901E-002
0.50 5.00 10.80 0.43431754428577135 6.2922461829852047E-002
0.50 5.00 11.20 0.43014047796111915 6.3433660168594794E-002
0.50 5.00 11.60 0.42681809047024249 6.3335408040790464E-002
0.50 5.00 12.00 0.42625547400428826 6.3354300213329662E-002

0.50 5.20 0.00 0.20050988322982444 6.2442912831184604E-002
0.50 5.20 0.40 0.47192542259084852 6.2890264422054684E-002
0.50 5.20 0.80 0.43702198293518951 6.3810337437605349E-002
0.50 5.20 1.20 0.43443059647911753 6.3288223132503485E-002
0.50 5.20 1.60 0.42974245627528829 6.3798013725011024E-002
0.50 5.20 2.00 0.42334413240971980 6.3313041162314329E-002
0.50 5.20 2.40 0.42542066708950588 6.3354887653909953E-002
0.50 5.20 2.80 0.43104762935695773 6.4233214788135665E-002
0.50 5.20 3.20 0.43609061675460303 6.3603777763428682E-002
0.50 5.20 3.60 0.42822540932694764 6.3103016450654831E-002
0.50 5.20 4.00 0.41865170228368154 6.3139258498769682E-002
0.50 5.20 4.40 0.43141688858907357 6.3207981740914354E-002
0.50 5.20 4.80 0.42357961094110541 6.3190217462613191E-002
0.50 5.20 5.20 0.42680030186240875 6.3635240714837005E-002
0.50 5.20 5.60 0.42511779435164521 6.3470273412268047E-002
0.50 5.20 6.00 0.42816018152526070 6.3724826540418777E-002
0.50 5.20 6.40 0.42817619093451109 6.3733321951586056E-002
0.50 5.20 6.80 0.42422480943569657 6.3124106011713726E-002
0.50 5.20 7.20 0.42555038956602165 6.3555448611247609E-002
0.50 5.20 7.60 0.42704767032300622 6.3274984808042611E-002
0.50 5.20 8.00 0.42404279758218932 6.3599727559572120E-002
0.50 5.20 8.40 0.42391293155325727 6.3745745199396880E-002
0.50 5.20 8.80 0.42317212860625020 6.2644013186803807E-002
0.50 5.20 9.20 0.42736068622672263 6.3468924542214339E-002
0.50 5.20 9.60 0.42068397371885358 6.3050093549849445E-002
0.50 5.20 10.00 0.42718014062702980 6.3203012983346255E-002
0.50 5.20 10.40 0.42093925932082882 6.4039122400214088E-002
0.50 5.20 10.80 0.42091273698232207 6.3163163871928996E-002
0.50 5.20 11.20 0.41586998381156332 6.2958841083875158E-002
0.50 5.20 11.60 0.41980672128877250 6.3528653198266435E-002
0.50 5.20 12.00 0.41653590997553180 6.2714078174651078E-002

0.50 5.40 0.00 0.21610858581561909 6.3239371012798556E-002
0.50 5.40 0.40 0.40079313014609974 5.9372787785676902E-002
0.50 5.40 0.80 0.41546713235855737 6.1546584165615044E-002
0.50 5.40 1.20 0.41750904479509898 6.1728342833239684E-002
0.50 5.40 1.60 0.42132072779663127 6.2366635911427493E-002
0.50 5.40 2.00 0.42174217785008922 6.3053514216504181E-002
0.50 5.40 2.40 0.42566343817966396 6.3661414009772516E-002
0.50 5.40 2.80 0.43064548608021430 6.2655094536472278E-002
0.50 5.40 3.20 0.42631417470252642 6.2584183594029730E-002
0.50 5.40 3.60 0.42820968860401398 6.3513699720795333E-002
0.50 5.40 4.00 0.42494008258396043 6.2905717328265290E-002
0.50 5.40 4.40 0.42426175988374981 6.3486044133061192E-002
0.50 5.40 4.80 0.42018337897373026 6.3454109835826528E-002
0.50 5.40 5.20 0.42344694070406569 6.2932896127814983E-002
0.50 5.40 5.60 0.42142646545479678 6.3619173022607958E-002
0.50 5.40 6.00 0.42704761706936167 6.3908659230643566E-002
0.50 5.40 6.40 0.42271982959276577 6.3665437387111487E-002
0.50 5.40 6.80 0.42728628157047022 6.3576498174592863E-002
0.50 5.40 7.20 0.42091002930946048 6.3139063949153806E-002
0.50 5.40 7.60 0.42263039283365400 6.3426267773663322E-002
0.50 5.40 8.00 0.42334245135533266 6.3363309163784770E-002
0.50 5.40 8.40 0.42164990646529354 6.3456547445470579E-002
0.50 5.40 8.80 0.42195301215385222 6.3784053346248953E-002
0.50 5.40 9.20 0.42612827504658712 6.3437086166449802E-002
0.50 5.40 9.60 0.42213115508609650 6.3712286345668792E-002
0.50 5.40 10.00 0.41812360858858677 6.2441683912611554E-002
0.50 5.40 10.40 0.41807809284001085 6.3686332122412606E-002
0.50 5.40 10.80 0.41226027528139209 6.3673938172947975E-002
0.50 5.40 11.20 0.41767735187756383 6.2772036619464969E-002
0.50 5.40 11.60 0.42044272092257551 6.4377715954064843E-002
0.50 5.40 12.00 0.41825057323185888 6.3551447982471754E-002

0.50 5.60 0.00 8.7698142530953774E-002 3.2366260294922018E-002
0.50 5.60 0.40 0.39769944173836780 6.2073707413424349E-002
0.50 5.60 0.80 0.40991923881963477 6.2573172308113587E-002
0.50 5.60 1.20 0.41512627460399959 6.3042627523322278E-002
0.50 5.60 1.60 0.41231224964217272 6.3376659189828571E-002
0.50 5.60 2.00 0.42007867419835837 6.3506334006201828E-002
0.50 5.60 2.40 0.42162820309223770 6.2979296276438862E-002
0.50 5.60 2.80 0.41839926959076690 6.3400977254061922E-002
0.50 5.60 3.20 0.41719309542379185 6.3072550512769110E-002
0.50 5.60 3.60 0.41761650739454154 6.3150466783230649E-002
0.50 5.60 4.00 0.42160479361190656 6.3545282647128110E-002
0.50 5.60 4.40 0.42049750247097401 6.2475725606953331E-002
0.50 5.60 4.80 0.41780157691815328 6.3334354278341512E-002
0.50 5.60 5.20 0.42514107819117547 6.3709208080471355E-002
0.50 5.60 5.60 0.42266100218812908 6.3970803300042664E-002
0.50 5.60 6.00 0.42039920384971996 6.3378735228031835E-002
0.50 5.60 6.40 0.41936513054154528 6.3554923857521317E-002
0.50 5.60 6.80 0.42092817487058165 6.3035618091882697E-002
0.50 5.60 7.20 0.41796501495911736 6.3099090417894604E-002
0.50 5.60 7.60 0.42850383972705053 6.3737512567868984E-002
0.50 5.60 8.00 0.42255288023257498 6.3163625985738173E-002
0.50 5.60 8.40 0.41917853585544906 6.3067941067947719E-002
0.50 5.60 8.80 0.42112872039802579 6.3149887439692937E-002
0.50 5.60 9.20 0.41917321867363500 6.3070998162848974E-002
0.50 5.60 9.60 0.41884269700773091 6.3205338636311212E-002
0.50 5.60 10.00 0.41808980060075279 6.3297750510973597E-002
0.50 5.60 10.40 0.42407542797735165 6.3179080206751267E-002
0.50 5.60 10.80 0.41720025404006755 6.3684471538613174E-002
0.50 5.60 11.20 0.42119468668282500 6.3396719593223322E-002
0.50 5.60 11.60 0.41590372216448401 6.2883946632945761E-002
0.50 5.60 12.00 0.41445294358611867 6.3518240288261127E-002

0.50 5.80 0.00 0.14950529609358978 3.1504976300395705E-002
0.50 5.80 0.40 0.41223379955148809 6.3738735839271379E-002
0.50 5.80 0.80 0.40353854892069263 6.1918831407544735E-002
0.50 5.80 1.20 0.40938619597817549 6.2094111731425428E-002
0.50 5.80 1.60 0.41449745930251547 6.2662016801407372E-002
0.50 5.80 2.00 0.41448062143243447 6.3274491081103140E-002
0.50 5.80 2.40 0.41484813975356288 6.2362184781349292E-002
0.50 5.80 2.80 0.41634101392529244 6.3292716949873942E-002
0.50 5.80 3.20 0.41986893978644801 6.2092897865559445E-002
0.50 5.80 3.60 0.42447111662805270 6.3190237138854979E-002
0.50 5.80 4.00 0.41985730100339486 6.3062448216323300E-002
0.50 5.80 4.40 0.42705867701978545 6.3347950049571347E-002
0.50 5.80 4.80 0.42634334478481806 6.3603267168040364E-002
0.50 5.80 5.20 0.42413555012424309 6.3062960282528946E-002
0.50 5.80 5.60 0.42610170984593820 6.3921525100781584E-002
0.50 5.80 6.00 0.42908970641289079 6.3540282016730704E-002
0.50 5.80 6.40 0.42843047231579579 6.2946223442787760E-002
0.50 5.80 6.80 0.43103204044779170 6.3884107331480755E-002
0.50 5.80 7.20 0.42190788780074140 6.3528364655342465E-002
0.50 5.80 7.60 0.42914706870084657 6.3649950858979343E-002
0.50 5.80 8.00 0.42955097695596267 6.3623072724368471E-002
0.50 5.80 8.40 0.42746003982119041 6.3903457550683190E-002
0.50 5.80 8.80 0.42810542052290917 6.3563960617141535E-002
0.50 5.80 9.20 0.42418863369068066 6.3810329320991302E-002
0.50 5.80 9.60 0.43147459907471913 6.3422784208785013E-002
0.50 5.80 10.00 0.42438470680032936 6.3421144053173645E-002
0.50 5.80 10.40 0.42461424594692759 6.3389991449005506E-002
0.50 5.80 10.80 0.42789378167374875 6.3586546435399460E-002
0.50 5.80 11.20 0.42314177078235565 6.3260875561394661E-002
0.50 5.80 11.60 0.42273386751340541 6.3309994393641766E-002
0.50 5.80 12.00 0.42376350028930360 6.3636398078773554E-002

0.50 6.00 0.00 0.25560972720932418 8.1595199314019470E-002
0.50 6.00 0.40 0.39792788427836939 6.2244301843560890E-002
0.50 6.00 0.80 0.41515538803657470 6.3727006731577079E-002
0.50 6.00 1.20 0.41596126766594954 6.3070547217827774E-002
0.50 6.00 1.60 0.41972661672489747 6.3318431900646330E-002
0.50 6.00 2.00 0.41418403520438274 6.2988802821471915E-002
0.50 6.00 2.40 0.41721621832731309 6.3245049956732399E-002
0.50 6.00 2.80 0.42455929714527230 6.3125077744805885E-002
0.50 6.00 3.20 0.43054884424242806 6.3375084953609342E-002
0.50 6.00 3.60 0.43434732301320966 6.3932359344561263E-002
0.50 6.00 4.00 0.42927103948071144 6.3266446438564841E-002
0.50 6.00 4.40 0.42989620000901496 6.4305369413953012E-002
0.50 6.00 4.80 0.42825018808721521 6.2915910431750863E-002
0.50 6.00 5.20 0.43850414586993913 6.3892880290779372E-002
0.50 6.00 5.60 0.42678076357200440 6.3267533974787488E-002
0.50 6.00 6.00 0.43473492056375618 6.4200994781724668E-002
0.50 6.00 6.40 0.43087164402372419 6.3524506678526327E-002
0.50 6.00 6.80 0.43059864020670136 6.3534487320115102E-002
0.50 6.00 7.20 0.43666941613703242 6.3406481705911927E-002
0.50 6.00 7.60 0.43374532906631086 6.3672129926490337E-002
0.50 6.00 8.00 0.43360644823935096 6.3396873662081576E-002
0.50 6.00 8.40 0.43627763178688611 6.3271859355447976E-002
0.50 6.00 8.80 0.43729646321345206 6.4118845772636116E-002
0.50 6.00 9.20 0.43630479821259038 6.3630738949623150E-002
0.50 6.00 9.60 0.42884392259676629 6.4026348598426583E-002
0.50 6.00 10.00 0.43314164421332962 6.3885174366642400E-002
0.50 6.00 10.40 0.43328170410117084 6.3370090963594708E-002
0.50 6.00 10.80 0.43163266578451037 6.2751934986519042E-002
0.50 6.00 11.20 0.43695114417381919 6.3889878221665183E-002
0.50 6.00 11.60 0.43457304026597132 6.3403429087843050E-002
0.50 6.00 12.00 0.43084026139499454 6.4031900140869472E-002

