0.50 0.25 0.00 NaN NaN
0.50 0.25 0.50 0.53365709177500154 8.4484392742416661E-003
0.50 0.25 1.00 0.50367058774595430 8.6365054437577641E-003
0.50 0.25 1.50 0.45794535376029893 8.9272096195604101E-003
0.50 0.25 2.00 0.42852071422304544 9.0952300845632758E-003
0.50 0.25 2.50 0.41027909549378627 9.1585080982122362E-003
0.50 0.25 3.00 0.40514485124169813 9.2187993196389852E-003
0.50 0.25 3.50 0.40270514836814209 9.2609225712463206E-003
0.50 0.25 4.00 0.39689596411306682 9.2584276101758522E-003
0.50 0.25 4.50 0.39798872161260657 9.2239831896150596E-003
0.50 0.25 5.00 0.39526460091095028 9.2385112444071278E-003
0.50 0.25 5.50 0.39490551677295688 9.2721829560328418E-003
0.50 0.25 6.00 0.39490878607948754 9.2687179914490610E-003
0.50 0.25 6.50 0.39653872227079434 9.2828699043219602E-003
0.50 0.25 7.00 0.39538400273102947 9.2766298209303842E-003
0.50 0.25 7.50 0.39309525951640373 9.2594762066205462E-003
0.50 0.25 8.00 0.39352116072496335 9.2452031213688945E-003
0.50 0.25 8.50 0.39539066689938779 9.2621364540323367E-003
0.50 0.25 9.00 0.39302308819745574 9.2604470516311349E-003
0.50 0.25 9.50 0.39184573985061921 9.2635519499683940E-003
0.50 0.25 10.00 0.39129094691631328 9.2479771118398994E-003
