0.50 0.00 0.00 0.31392130892145842 1.8535806465210674E-002
0.50 0.00 0.40 0.38185602833837407 1.7538809301198686E-002
0.50 0.00 0.80 0.40279042535573256 1.7551569231396096E-002
0.50 0.00 1.20 0.40065773366624369 1.7426220931896563E-002
0.50 0.00 1.60 0.39810230897135146 1.7454047909771626E-002
0.50 0.00 2.00 0.39306362340467155 1.7439985681422281E-002
0.50 0.00 2.40 0.39074352713699612 1.7456060176569029E-002
0.50 0.00 2.80 0.38832885113813032 1.7505016702657784E-002
0.50 0.00 3.20 0.38823980508858574 1.7484396165492824E-002
0.50 0.00 3.60 0.39045855997641593 1.7484668360698615E-002
0.50 0.00 4.00 0.38831091091628622 1.7505448938639711E-002
0.50 0.00 4.40 0.38798241855243315 1.7419051980644112E-002
0.50 0.00 4.80 0.38906292023237382 1.7531742435882878E-002
0.50 0.00 5.20 0.38377208301266297 1.7496280095393855E-002
0.50 0.00 5.60 0.38419128828243798 1.7509184915150470E-002
0.50 0.00 6.00 0.38664305189462411 1.7635912385498238E-002
0.50 0.00 6.40 0.38319795106621912 1.7523218916205334E-002
0.50 0.00 6.80 0.38360859803742786 1.7517569962024845E-002
0.50 0.00 7.20 0.38209279851602862 1.7486170808640990E-002
0.50 0.00 7.60 0.38577774518817087 1.7593426949742242E-002
0.50 0.00 8.00 0.38582028186386130 1.7406160829230716E-002
0.50 0.00 8.40 0.38575256773494504 1.7569055612283543E-002
0.50 0.00 8.80 0.38966313717229695 1.7589100571659522E-002
0.50 0.00 9.20 0.38614365964223352 1.7538283778242385E-002
0.50 0.00 9.60 0.39004240191783474 1.7572831450793483E-002
0.50 0.00 10.00 0.38772616061020704 1.7561973866949684E-002
0.50 0.00 10.40 0.38679946009427268 1.7615132631783097E-002
0.50 0.00 10.80 0.38818459248892828 1.7538927088821685E-002
0.50 0.00 11.20 0.38682937567658260 1.7607716768859451E-002
0.50 0.00 11.60 0.38681360423596012 1.7584035575644367E-002
0.50 0.00 12.00 0.38589931103324721 1.7545084318897387E-002

0.50 0.20 0.00 0.41347206194919128 1.8129229052890578E-002
0.50 0.20 0.40 0.50444697284531614 1.6667709787905331E-002
0.50 0.20 0.80 0.49078327197516458 1.6812363695279664E-002
0.50 0.20 1.20 0.47172511775305470 1.7137799946534863E-002
0.50 0.20 1.60 0.45600209993473850 1.7237042545753457E-002
0.50 0.20 2.00 0.44531705361338692 1.7337396109313469E-002
0.50 0.20 2.40 0.44159552692637349 1.7336032468949335E-002
0.50 0.20 2.80 0.43909084021085382 1.7327980230319902E-002
0.50 0.20 3.20 0.43343352062756912 1.7420475519868382E-002
0.50 0.20 3.60 0.43079509162567364 1.7502288513822833E-002
0.50 0.20 4.00 0.42521306233899925 1.7351159599472591E-002
0.50 0.20 4.40 0.42626948779080764 1.7454830812842239E-002
0.50 0.20 4.80 0.42106634622984729 1.7500186154096157E-002
0.50 0.20 5.20 0.41864283692266885 1.7570086166285890E-002
0.50 0.20 5.60 0.41022272137031390 1.7478015477261598E-002
0.50 0.20 6.00 0.41343651419248156 1.7542525888613249E-002
0.50 0.20 6.40 0.40911061186495301 1.7417037043806389E-002
0.50 0.20 6.80 0.40985908716488789 1.7534980446795679E-002
0.50 0.20 7.20 0.40947508227106866 1.7522656137286586E-002
0.50 0.20 7.60 0.40075433430883339 1.7456478803743299E-002
0.50 0.20 8.00 0.40914494572405424 1.7660940015156477E-002
0.50 0.20 8.40 0.40402993148907829 1.7586690905440107E-002
0.50 0.20 8.80 0.40365858257016207 1.7589922025971996E-002
0.50 0.20 9.20 0.40189530967097886 1.7540414945383925E-002
0.50 0.20 9.60 0.40069050039904430 1.7549720863438759E-002
0.50 0.20 10.00 0.40551252776582947 1.7484833396527635E-002
0.50 0.20 10.40 0.40180896802961874 1.7569385708606184E-002
0.50 0.20 10.80 0.39954954584718483 1.7544123002586155E-002
0.50 0.20 11.20 0.39802209853808429 1.7530651184161635E-002
0.50 0.20 11.60 0.39849996134124999 1.7493739073967011E-002
0.50 0.20 12.00 0.39968511036443022 1.7568671134189497E-002

0.50 0.40 0.00 0.39058998770932629 1.7840887190099491E-002
0.50 0.40 0.40 0.51667952720351129 1.6606194150486892E-002
0.50 0.40 0.80 0.50164594933180751 1.6794144011621638E-002
0.50 0.40 1.20 0.48430955400832759 1.7049551567481454E-002
0.50 0.40 1.60 0.46711886792165747 1.7115711709262075E-002
0.50 0.40 2.00 0.45937827691153366 1.7220690015518490E-002
0.50 0.40 2.40 0.45091203642195132 1.7249654444083700E-002
0.50 0.40 2.80 0.43914459739513872 1.7303406041217551E-002
0.50 0.40 3.20 0.43838133827461345 1.7408103284884024E-002
0.50 0.40 3.60 0.43511162351018767 1.7367574671469582E-002
0.50 0.40 4.00 0.43420015373047738 1.7289129953996420E-002
0.50 0.40 4.40 0.42974448929685999 1.7454407709480466E-002
0.50 0.40 4.80 0.42568368144570823 1.7358857226096928E-002
0.50 0.40 5.20 0.42492391511161731 1.7410372899755080E-002
0.50 0.40 5.60 0.42147029575513323 1.7416900205213651E-002
0.50 0.40 6.00 0.41776943815451528 1.7485815969237282E-002
0.50 0.40 6.40 0.41589848289338416 1.7471924344084185E-002
0.50 0.40 6.80 0.41385550909291779 1.7481361379830782E-002
0.50 0.40 7.20 0.41304923848601877 1.7492043221882084E-002
0.50 0.40 7.60 0.41139346334073501 1.7609260666019349E-002
0.50 0.40 8.00 0.40794141806226680 1.7459854981591104E-002
0.50 0.40 8.40 0.40799404855709531 1.7479180008859643E-002
0.50 0.40 8.80 0.40870242809556634 1.7540579426373618E-002
0.50 0.40 9.20 0.40646079199448193 1.7603156265063789E-002
0.50 0.40 9.60 0.40898635852274773 1.7614177833454463E-002
0.50 0.40 10.00 0.40857756292552982 1.7559610619575283E-002
0.50 0.40 10.40 0.40106683502102430 1.7462813288224868E-002
0.50 0.40 10.80 0.40432064357483705 1.7577725176909951E-002
0.50 0.40 11.20 0.40362000177751678 1.7612101096001691E-002
0.50 0.40 11.60 0.40257774666647589 1.7611115506598097E-002
0.50 0.40 12.00 0.40106004299138515 1.7529231490603842E-002

0.50 0.60 0.00 0.37571634302125284 1.8229640795510142E-002
0.50 0.60 0.40 0.51431211566458956 1.6608107173084918E-002
0.50 0.60 0.80 0.50356027244517487 1.6729505496757162E-002
0.50 0.60 1.20 0.48803271729277603 1.6734586315585404E-002
0.50 0.60 1.60 0.47752557445030525 1.6986010085276788E-002
0.50 0.60 2.00 0.45945390637581696 1.7088353644390923E-002
0.50 0.60 2.40 0.45561121637169605 1.7137545534778382E-002
0.50 0.60 2.80 0.45009293673317624 1.7217658489370270E-002
0.50 0.60 3.20 0.44525794484160686 1.7303573317379986E-002
0.50 0.60 3.60 0.43519160281478697 1.7339206371514645E-002
0.50 0.60 4.00 0.43366674472563826 1.7286812865463030E-002
0.50 0.60 4.40 0.42984495278524310 1.7382627709172153E-002
0.50 0.60 4.80 0.43232317955070015 1.7394821680497344E-002
0.50 0.60 5.20 0.42510454596617153 1.7382845904712785E-002
0.50 0.60 5.60 0.42525582763795561 1.7424033888827344E-002
0.50 0.60 6.00 0.42171031757147459 1.7504700637353640E-002
0.50 0.60 6.40 0.42016736114890174 1.7513063848787865E-002
0.50 0.60 6.80 0.42116773455834816 1.7447704943789315E-002
0.50 0.60 7.20 0.41310998562780421 1.7474862345244382E-002
0.50 0.60 7.60 0.41468183406786013 1.7487685097566413E-002
0.50 0.60 8.00 0.41407296574204250 1.7517037776400252E-002
0.50 0.60 8.40 0.41081579084967529 1.7455260346628521E-002
0.50 0.60 8.80 0.41300947180376735 1.7544631431215037E-002
0.50 0.60 9.20 0.40863194432579952 1.7536536973792607E-002
0.50 0.60 9.60 0.40581364942534232 1.7467726605043993E-002
0.50 0.60 10.00 0.40291075192208414 1.7518850826825985E-002
0.50 0.60 10.40 0.40633012620066450 1.7595908533372413E-002
0.50 0.60 10.80 0.40606685965499956 1.7547235595433617E-002
0.50 0.60 11.20 0.40775613655178705 1.7610962790279423E-002
0.50 0.60 11.60 0.40279052362127993 1.7497210009360588E-002
0.50 0.60 12.00 0.40449934724754322 1.7520319820103439E-002

0.50 0.80 0.00 0.37408030491641858 1.7951148746726975E-002
0.50 0.80 0.40 0.50766201475301276 1.6649033321636576E-002
0.50 0.80 0.80 0.50174214283318830 1.6615404966691793E-002
0.50 0.80 1.20 0.48975872849719304 1.6717418183532791E-002
0.50 0.80 1.60 0.48413381887235357 1.6815101354076798E-002
0.50 0.80 2.00 0.47245179027490386 1.6975599228888159E-002
0.50 0.80 2.40 0.46370355758921028 1.7037877781032787E-002
0.50 0.80 2.80 0.45519023574266082 1.7158881525959648E-002
0.50 0.80 3.20 0.44911079554404865 1.7149511514447911E-002
0.50 0.80 3.60 0.44158681473366529 1.7189137729070166E-002
0.50 0.80 4.00 0.43902599673432008 1.7272378726008571E-002
0.50 0.80 4.40 0.43803134173011760 1.7282513760401429E-002
0.50 0.80 4.80 0.43158344408965260 1.7276537868127963E-002
0.50 0.80 5.20 0.42599808280364593 1.7468807970646753E-002
0.50 0.80 5.60 0.42243490626584251 1.7341529199330023E-002
0.50 0.80 6.00 0.42316470454721528 1.7350831046798743E-002
0.50 0.80 6.40 0.41917426856470119 1.7496605354029710E-002
0.50 0.80 6.80 0.41530940814409406 1.7472421146336722E-002
0.50 0.80 7.20 0.41733275587416319 1.7497978435262393E-002
0.50 0.80 7.60 0.41325673839055665 1.7439988752805672E-002
0.50 0.80 8.00 0.41114459897616495 1.7520847045145192E-002
0.50 0.80 8.40 0.41143054794335249 1.7493593992138692E-002
0.50 0.80 8.80 0.40992069931444464 1.7542613276566737E-002
0.50 0.80 9.20 0.40929185688267761 1.7563671612615142E-002
0.50 0.80 9.60 0.41028959494553330 1.7521737445322663E-002
0.50 0.80 10.00 0.40427530926227301 1.7510227799837554E-002
0.50 0.80 10.40 0.41004701569962937 1.7568912940537095E-002
0.50 0.80 10.80 0.40861003651496131 1.7670525436259434E-002
0.50 0.80 11.20 0.40300636244667565 1.7535967761565071E-002
0.50 0.80 11.60 0.40220229243816752 1.7548894356084421E-002
0.50 0.80 12.00 0.40870225724969184 1.7570408674477431E-002

0.50 1.00 0.00 0.33804481247730672 1.7039530967174307E-002
0.50 1.00 0.40 0.49389317991965631 1.6687943931397393E-002
0.50 1.00 0.80 0.49874236651000903 1.6693002939976245E-002
0.50 1.00 1.20 0.49695165603099689 1.6655111990809945E-002
0.50 1.00 1.60 0.49069099242225372 1.6810357496898753E-002
0.50 1.00 2.00 0.47707043233538127 1.6903438305855441E-002
0.50 1.00 2.40 0.47028124092690549 1.6938594294605383E-002
0.50 1.00 2.80 0.46751728165724948 1.6959059956571081E-002
0.50 1.00 3.20 0.45089872221563176 1.7039577770186613E-002
0.50 1.00 3.60 0.44829016491544299 1.7192564746580048E-002
0.50 1.00 4.00 0.44502622670714675 1.7192015155385612E-002
0.50 1.00 4.40 0.43877928223667484 1.7199596257760703E-002
0.50 1.00 4.80 0.43825308377302152 1.7307689750730978E-002
0.50 1.00 5.20 0.43150545726245176 1.7321955037216480E-002
0.50 1.00 5.60 0.42374856645943881 1.7407813626121003E-002
0.50 1.00 6.00 0.42156314807092726 1.7404563536550961E-002
0.50 1.00 6.40 0.41953395607565158 1.7456849158543251E-002
0.50 1.00 6.80 0.41759285423506387 1.7467024530290001E-002
0.50 1.00 7.20 0.41550657276571129 1.7400980780434339E-002
0.50 1.00 7.60 0.41708364374723556 1.7523385213342266E-002
0.50 1.00 8.00 0.41768387513924649 1.7593496075040946E-002
0.50 1.00 8.40 0.41370424569793285 1.7491323923299950E-002
0.50 1.00 8.80 0.40853700782855223 1.7517105083534813E-002
0.50 1.00 9.20 0.41033846614977831 1.7555925081718056E-002
0.50 1.00 9.60 0.41087365624909344 1.7536965013788843E-002
0.50 1.00 10.00 0.40783866799875790 1.7543178434451197E-002
0.50 1.00 10.40 0.40937408123001295 1.7529591515696621E-002
0.50 1.00 10.80 0.40649541263432099 1.7558023942085530E-002
0.50 1.00 11.20 0.40794108897291209 1.7586037960840947E-002
0.50 1.00 11.60 0.41073124170145903 1.7574264029893035E-002
0.50 1.00 12.00 0.40573110418919117 1.7581668226289728E-002

0.50 1.20 0.00 0.39331465361431667 1.8408182542477412E-002
0.50 1.20 0.40 0.49706873535043156 1.6645828851016772E-002
0.50 1.20 0.80 0.50120222492705413 1.6711229377915731E-002
0.50 1.20 1.20 0.49921891772476634 1.6644130849911485E-002
0.50 1.20 1.60 0.49499771975235279 1.6730708260508799E-002
0.50 1.20 2.00 0.48460096414810117 1.6746568306303718E-002
0.50 1.20 2.40 0.47590048943121471 1.6876455009488048E-002
0.50 1.20 2.80 0.46762227559584169 1.6912074856423476E-002
0.50 1.20 3.20 0.45872885546725961 1.7020922100266674E-002
0.50 1.20 3.60 0.45217619181127250 1.7078204458799737E-002
0.50 1.20 4.00 0.44411325773876315 1.7237065803524187E-002
0.50 1.20 4.40 0.43517977110906614 1.7223346555758624E-002
0.50 1.20 4.80 0.43640789089929310 1.7278010838325315E-002
0.50 1.20 5.20 0.43153492556372053 1.7260398006391762E-002
0.50 1.20 5.60 0.42524623656274507 1.7313460984408575E-002
0.50 1.20 6.00 0.42386683818445858 1.7320408030310368E-002
0.50 1.20 6.40 0.42404473792408215 1.7464328905331398E-002
0.50 1.20 6.80 0.41442253881490876 1.7445342181002209E-002
0.50 1.20 7.20 0.41772722436701493 1.7422720424389321E-002
0.50 1.20 7.60 0.41581156763009719 1.7432059508192783E-002
0.50 1.20 8.00 0.41785212853433229 1.7564779776875303E-002
0.50 1.20 8.40 0.41266352054579442 1.7458463091925464E-002
0.50 1.20 8.80 0.41122141246118638 1.7547286344153475E-002
0.50 1.20 9.20 0.41272573864055734 1.7506042833576190E-002
0.50 1.20 9.60 0.41156077672456493 1.7546600722298720E-002
0.50 1.20 10.00 0.40562903790578198 1.7519201431125168E-002
0.50 1.20 10.40 0.40423288939236979 1.7599420116394846E-002
0.50 1.20 10.80 0.40944141398216266 1.7554452133603168E-002
0.50 1.20 11.20 0.40791377644735238 1.7597382885568474E-002
0.50 1.20 11.60 0.40596952978115208 1.7551136034644345E-002
0.50 1.20 12.00 0.40723115666932685 1.7659614982841423E-002

0.50 1.40 0.00 0.32269457223265613 1.7492746640627922E-002
0.50 1.40 0.40 0.49191743038504587 1.6775429654509868E-002
0.50 1.40 0.80 0.49676067779455646 1.6619242901000565E-002
0.50 1.40 1.20 0.49417855494711782 1.6677538667333517E-002
0.50 1.40 1.60 0.49112038330879582 1.6778561048715425E-002
0.50 1.40 2.00 0.48306919780856800 1.6845028045661823E-002
0.50 1.40 2.40 0.47829445756173622 1.6900592169211522E-002
0.50 1.40 2.80 0.46794001512985262 1.6908364225218509E-002
0.50 1.40 3.20 0.45714858000491709 1.6988107070127378E-002
0.50 1.40 3.60 0.45205938877059426 1.7055633184248332E-002
0.50 1.40 4.00 0.44756018502326472 1.7156701352626608E-002
0.50 1.40 4.40 0.44372902406344916 1.7065171814085116E-002
0.50 1.40 4.80 0.43911760486531437 1.7292847284052133E-002
0.50 1.40 5.20 0.43707442619558162 1.7239586927470553E-002
0.50 1.40 5.60 0.42985525738369584 1.7318846105986881E-002
0.50 1.40 6.00 0.42854285161708672 1.7325044322809287E-002
0.50 1.40 6.40 0.42339537064320731 1.7484782372454384E-002
0.50 1.40 6.80 0.42289713489217917 1.7396909040323021E-002
0.50 1.40 7.20 0.41943291440186359 1.7465597301604342E-002
0.50 1.40 7.60 0.41508735997360213 1.7503641013222559E-002
0.50 1.40 8.00 0.41854625484446711 1.7470741008304359E-002
0.50 1.40 8.40 0.40995497794804175 1.7496301415718930E-002
0.50 1.40 8.80 0.40884210424776574 1.7513180726410650E-002
0.50 1.40 9.20 0.41137719495280284 1.7526589408778957E-002
0.50 1.40 9.60 0.40911009986626129 1.7630734944669723E-002
0.50 1.40 10.00 Binary file (standard input) matches
0.50 1.40 10.40 0.40639456951578223 1.7611299866516890E-002
0.50 1.40 10.80 0.40764314359829629 1.7521996632818802E-002
0.50 1.40 11.20 0.40484262437339930 1.7539692266759291E-002
0.50 1.40 11.60 0.40830297743907867 1.7568889095810534E-002
0.50 1.40 12.00 0.39963859426706833 1.7526335395556182E-002

0.50 1.60 0.00 0.34661842570400314 1.8024473684652535E-002
0.50 1.60 0.40 0.49246720029844387 1.6631926274957076E-002
0.50 1.60 0.80 0.49344438681762826 1.6636241705423150E-002
0.50 1.60 1.20 0.49071163796473699 1.6687841033816667E-002
0.50 1.60 1.60 0.48608484252254447 1.6745762399901741E-002
0.50 1.60 2.00 0.48131519844944171 1.6788108349933349E-002
0.50 1.60 2.40 0.47363592434258306 1.6939633348153110E-002
0.50 1.60 2.80 0.46551966039679965 1.7000677222336450E-002
0.50 1.60 3.20 0.46045576079009221 1.7049242812626420E-002
0.50 1.60 3.60 0.45439492657262825 1.7091160473592812E-002
0.50 1.60 4.00 0.44822770822111557 1.7156643756578473E-002
0.50 1.60 4.40 0.44259840205036693 1.7104140757692728E-002
0.50 1.60 4.80 0.44003212397633390 1.7317676284698665E-002
0.50 1.60 5.20 0.43444719885156546 1.7224293519665056E-002
0.50 1.60 5.60 0.42919507812628038 1.7350246382741127E-002
0.50 1.60 6.00 0.42546175959357352 1.7335650640191349E-002
0.50 1.60 6.40 0.42191728522652550 1.7396499959674367E-002
0.50 1.60 6.80 0.41768576367872967 1.7502123884879737E-002
0.50 1.60 7.20 0.42046254908211111 1.7431350184288475E-002
0.50 1.60 7.60 0.41753253718206301 1.7439693512735732E-002
0.50 1.60 8.00 0.41463227214950998 1.7516580220172853E-002
0.50 1.60 8.40 0.41198454600784284 1.7498845862448185E-002
0.50 1.60 8.80 0.40800010161644185 1.7530602444605768E-002
0.50 1.60 9.20 0.41138930949489982 1.7546219365584467E-002
0.50 1.60 9.60 0.40943555901908013 1.7632610924257185E-002
0.50 1.60 10.00 0.41158334334571756 1.7626621268162022E-002
0.50 1.60 10.40 0.40575903479901526 1.7525385187082614E-002
0.50 1.60 10.80 0.40863248438651006 1.7552501843600840E-002
0.50 1.60 11.20 0.40965402217669900 1.7571634945367526E-002
0.50 1.60 11.60 0.40704411193344869 1.7479371189205891E-002
0.50 1.60 12.00 0.40815954131186183 1.7623697248195954E-002

0.50 1.80 0.00 0.28274793184921981 1.6443977593914718E-002
0.50 1.80 0.40 0.48388874089145162 1.6503752268391934E-002
0.50 1.80 0.80 0.49086316105319794 1.6662674746833316E-002
0.50 1.80 1.20 0.48876090862757843 1.6639663186770737E-002
0.50 1.80 1.60 0.47845741615908244 1.6778091754333205E-002
0.50 1.80 2.00 0.47626112906144458 1.6790393597771753E-002
0.50 1.80 2.40 0.46934077864249080 1.6802877600639032E-002
0.50 1.80 2.80 0.46701096514416163 1.7038555952447392E-002
0.50 1.80 3.20 0.45931828468961450 1.7030477238699979E-002
0.50 1.80 3.60 0.45155160147865575 1.7169545548100251E-002
0.50 1.80 4.00 0.44591900482347413 1.7081039426838338E-002
0.50 1.80 4.40 0.44662870212112982 1.7125068666631837E-002
0.50 1.80 4.80 0.43689443753357038 1.7274438983128814E-002
0.50 1.80 5.20 0.43145916058378503 1.7301062330842554E-002
0.50 1.80 5.60 0.42837727485683236 1.7288706333779144E-002
0.50 1.80 6.00 0.43283997334169966 1.7349990208447845E-002
0.50 1.80 6.40 0.42727516280507255 1.7464585948746839E-002
0.50 1.80 6.80 0.42145987664116380 1.7441658934416012E-002
0.50 1.80 7.20 0.42008523219104077 1.7460524988823299E-002
0.50 1.80 7.60 0.41279586147883485 1.7511614890145192E-002
0.50 1.80 8.00 0.41508752421786366 1.7438520043733110E-002
0.50 1.80 8.40 0.41684382673381615 1.7503640128747867E-002
0.50 1.80 8.80 0.41457497740621074 1.7539983019859286E-002
0.50 1.80 9.20 0.41341666590874465 1.7525722504946713E-002
0.50 1.80 9.60 0.41044578924122355 1.7514191887411160E-002
0.50 1.80 10.00 0.40924103638026432 1.7523392762275013E-002
0.50 1.80 10.40 0.40645577432281366 1.7455836635168902E-002
0.50 1.80 10.80 0.41033577450594982 1.7611705279117693E-002
0.50 1.80 11.20 0.40862483076905304 1.7502938249629726E-002
0.50 1.80 11.60 0.40681514001627817 1.7522324303100582E-002
0.50 1.80 12.00 0.41055788420619777 1.7493026162090863E-002

0.50 2.00 0.00 0.29898998404589550 1.6782378516006589E-002
0.50 2.00 0.40 0.48086955352468219 1.6499674262357798E-002
0.50 2.00 0.80 0.48199388091812051 1.6565465539754909E-002
0.50 2.00 1.20 0.47797676617906049 1.6472245427321730E-002
0.50 2.00 1.60 0.47346072119904592 1.6668222923884330E-002
0.50 2.00 2.00 0.47480887172478026 1.6723822325290853E-002
0.50 2.00 2.40 0.46625307421039164 1.6938661626471167E-002
0.50 2.00 2.80 0.46101036304713244 1.6907270921400003E-002
0.50 2.00 3.20 0.45783929172226123 1.7010137898843095E-002
0.50 2.00 3.60 0.45240765524088661 1.7170994607002905E-002
0.50 2.00 4.00 0.44614975507654381 1.7136201916650801E-002
0.50 2.00 4.40 0.44333946938743612 1.7207155487935371E-002
0.50 2.00 4.80 0.44056009097181859 1.7249108580995959E-002
0.50 2.00 5.20 0.43208652575879142 1.7278499055492381E-002
0.50 2.00 5.60 0.43046196094835454 1.7286774602216788E-002
0.50 2.00 6.00 0.42780811038884015 1.7379065981910038E-002
0.50 2.00 6.40 0.42188124889730938 1.7416788860525511E-002
0.50 2.00 6.80 0.42502504191455498 1.7476199680049969E-002
0.50 2.00 7.20 0.41767721081775988 1.7435200781030235E-002
0.50 2.00 7.60 0.42019681163841166 1.7333550678482339E-002
0.50 2.00 8.00 0.41225574995702691 1.7443144977340092E-002
0.50 2.00 8.40 0.41587876338193253 1.7554921882535820E-002
0.50 2.00 8.80 0.41424127857171866 1.7557847211780751E-002
0.50 2.00 9.20 0.41287058806820320 1.7557308128286247E-002
0.50 2.00 9.60 0.41177192798984208 1.7561771515896166E-002
0.50 2.00 10.00 0.41422534184061377 1.7571142027117383E-002
0.50 2.00 10.40 0.41228268683907199 1.7507539153843524E-002
0.50 2.00 10.80 0.40788378908748324 1.7501362602150763E-002
0.50 2.00 11.20 0.41000372873740404 1.7558745413118748E-002
0.50 2.00 11.60 0.40896581177993452 1.7503631558896372E-002
0.50 2.00 12.00 0.40850590515736795 1.7601745609606666E-002

0.50 2.20 0.00 0.29831058071705557 1.8488000582200924E-002
0.50 2.20 0.40 0.46620239512060546 1.6719160815306822E-002
0.50 2.20 0.80 0.47502199113073396 1.6633012910610159E-002
0.50 2.20 1.20 0.47362897443216589 1.6673595421696205E-002
0.50 2.20 1.60 0.47347260818268905 1.6809534597808828E-002
0.50 2.20 2.00 0.46695722346086932 1.6886323088267173E-002
0.50 2.20 2.40 0.46437521016177585 1.6917075001696594E-002
0.50 2.20 2.80 0.46425707354713286 1.7005765814492511E-002
0.50 2.20 3.20 0.45773170595962648 1.7015656697982020E-002
0.50 2.20 3.60 0.45129769517781354 1.7134443275758703E-002
0.50 2.20 4.00 0.44448970746996819 1.7214710812182621E-002
0.50 2.20 4.40 0.43887228933157696 1.7267756786514744E-002
0.50 2.20 4.80 0.43664164729648319 1.7277501647032938E-002
0.50 2.20 5.20 0.43409903324998567 1.7335210591491318E-002
0.50 2.20 5.60 0.43028255123693010 1.7344217537594894E-002
0.50 2.20 6.00 0.42880627380648023 1.7349939458065410E-002
0.50 2.20 6.40 0.42796691017872462 1.7472498630190295E-002
0.50 2.20 6.80 0.42183708810120946 1.7463760680709078E-002
0.50 2.20 7.20 0.41997004757434775 1.7494504590570826E-002
0.50 2.20 7.60 0.41972107211722004 1.7536577322118645E-002
0.50 2.20 8.00 0.41922726798609833 1.7557798199914081E-002
0.50 2.20 8.40 0.41286135650732858 1.7469848919499636E-002
0.50 2.20 8.80 0.40941265176711428 1.7541965556304405E-002
0.50 2.20 9.20 0.41350296616509974 1.7472041836115750E-002
0.50 2.20 9.60 0.41317217635347214 1.7578107219859675E-002
0.50 2.20 10.00 0.41173366951109713 1.7528515173302572E-002
0.50 2.20 10.40 0.40983607854359888 1.7543963973229017E-002
0.50 2.20 10.80 0.40482114494701460 1.7504923625292216E-002
0.50 2.20 11.20 0.40896497528733144 1.7516756980109849E-002
0.50 2.20 11.60 0.40747242001283263 1.7480984204439293E-002
0.50 2.20 12.00 0.40765697436984361 1.7496291936689973E-002

0.50 2.40 0.00 0.24501751377304318 1.6691131132445230E-002
0.50 2.40 0.40 0.46226899320896936 1.6981817049544923E-002
0.50 2.40 0.80 0.46675500655567842 1.6818101467951211E-002
0.50 2.40 1.20 0.46896743915134598 1.6909434237876615E-002
0.50 2.40 1.60 0.46678645824918413 1.6887215856603136E-002
0.50 2.40 2.00 0.46584770455371094 1.7019680705301646E-002
0.50 2.40 2.40 0.45874584153674614 1.6987172041122257E-002
0.50 2.40 2.80 0.45432597247706241 1.7111740435303391E-002
0.50 2.40 3.20 0.44995473875088016 1.7139691680338857E-002
0.50 2.40 3.60 0.44472544998471752 1.7198546871763924E-002
0.50 2.40 4.00 0.44503164575700210 1.7190037006676814E-002
0.50 2.40 4.40 0.43883029659525441 1.7277898440827229E-002
0.50 2.40 4.80 0.43428482854325801 1.7266773055905925E-002
0.50 2.40 5.20 0.43026240674731414 1.7348036063918819E-002
0.50 2.40 5.60 0.43335654096157389 1.7376562729185339E-002
0.50 2.40 6.00 0.42270335073796411 1.7428594255085847E-002
0.50 2.40 6.40 0.42311013452270274 1.7409484914529792E-002
0.50 2.40 6.80 0.42203087100295766 1.7377864919612861E-002
0.50 2.40 7.20 0.41824796894299032 1.7454487716818765E-002
0.50 2.40 7.60 0.41863094484774227 1.7471613901648177E-002
0.50 2.40 8.00 0.41820195451827064 1.7521711962157252E-002
0.50 2.40 8.40 0.41549919393394508 1.7520341577862076E-002
0.50 2.40 8.80 0.41790752592351199 1.7422419504545733E-002
0.50 2.40 9.20 0.41029446007051912 1.7510440802890073E-002
0.50 2.40 9.60 0.41022787416119516 1.7505381804903661E-002
0.50 2.40 10.00 0.40986581845331027 1.7515838221225315E-002
0.50 2.40 10.40 0.40712555192198752 1.7549774866604570E-002
0.50 2.40 10.80 0.40712165420230112 1.7532956391287241E-002
0.50 2.40 11.20 0.41126956904221118 1.7579872583821265E-002
0.50 2.40 11.60 0.40924657094918437 1.7511465446778240E-002
0.50 2.40 12.00 0.41188483494473233 1.7539134359084847E-002

0.50 2.60 0.00 0.26177867394728793 1.7646462193880788E-002
0.50 2.60 0.40 0.45157146170272194 1.6986174346897157E-002
0.50 2.60 0.80 0.45531897233710172 1.6973075222046788E-002
0.50 2.60 1.20 0.45823623427603544 1.6954606247663713E-002
0.50 2.60 1.60 0.45754470591378649 1.6998767240764469E-002
0.50 2.60 2.00 0.45485557228662027 1.7019230604349352E-002
0.50 2.60 2.40 0.45268949447147933 1.7032250867496743E-002
0.50 2.60 2.80 0.44773210043875755 1.7115109822294337E-002
0.50 2.60 3.20 0.44682137304306052 1.7222828530097985E-002
0.50 2.60 3.60 0.44257376738240828 1.7215573045152938E-002
0.50 2.60 4.00 0.44364351577809302 1.7264918559419508E-002
0.50 2.60 4.40 0.43352033533501622 1.7307843031567023E-002
0.50 2.60 4.80 0.43594380650146575 1.7329190884943210E-002
0.50 2.60 5.20 0.42804330137263324 1.7367316988896864E-002
0.50 2.60 5.60 0.42923278813242016 1.7344919320315226E-002
0.50 2.60 6.00 0.42547763073617401 1.7445619635452561E-002
0.50 2.60 6.40 0.42079639485255960 1.7433829319867731E-002
0.50 2.60 6.80 0.42053761235022968 1.7391146004004501E-002
0.50 2.60 7.20 0.42141316917514138 1.7566478756398638E-002
0.50 2.60 7.60 0.41730291839683503 1.7416462457361191E-002
0.50 2.60 8.00 0.42019376678772336 1.7491707196052093E-002
0.50 2.60 8.40 0.41554524800535297 1.7516327147182386E-002
0.50 2.60 8.80 0.41268553382828282 1.7519533189574853E-002
0.50 2.60 9.20 0.40948261597866714 1.7411185550223082E-002
0.50 2.60 9.60 0.41302457482175570 1.7577212214306449E-002
0.50 2.60 10.00 0.40946306103469698 1.7491995627611810E-002
0.50 2.60 10.40 0.41043168327070917 1.7528073425683549E-002
0.50 2.60 10.80 0.41203903402413589 1.7635628808288135E-002
0.50 2.60 11.20 0.40896972712043256 1.7550803872652586E-002
0.50 2.60 11.60 0.40779207100742576 1.7604343357661138E-002
0.50 2.60 12.00 0.41052280685936948 1.7546844938772191E-002

0.50 2.80 0.00 0.23504436981181759 1.6512928484263244E-002
0.50 2.80 0.40 0.44764673327916443 1.7142442686354082E-002
0.50 2.80 0.80 0.44920809806776962 1.7022005667143358E-002
0.50 2.80 1.20 0.45087853708930614 1.7076164059780068E-002
0.50 2.80 1.60 0.44765798202225693 1.7151184539048542E-002
0.50 2.80 2.00 0.44682702584121142 1.7125999637414124E-002
0.50 2.80 2.40 0.44788926325461631 1.7185580950682067E-002
0.50 2.80 2.80 0.43983184724527336 1.7214841772802202E-002
0.50 2.80 3.20 0.44088105026835267 1.7219699579480257E-002
0.50 2.80 3.60 0.43779561769113506 1.7214819763690596E-002
0.50 2.80 4.00 0.43640887053521576 1.7328106895663175E-002
0.50 2.80 4.40 0.43287389559309936 1.7316255895881250E-002
0.50 2.80 4.80 0.43317040463222389 1.7471659321603224E-002
0.50 2.80 5.20 0.42864960506024108 1.7333483085881261E-002
0.50 2.80 5.60 0.42649380128759395 1.7520632058612574E-002
0.50 2.80 6.00 0.42385460496258159 1.7451397351238150E-002
0.50 2.80 6.40 0.42242108670308853 1.7400772047429316E-002
0.50 2.80 6.80 0.41967868841192679 1.7382069374256910E-002
0.50 2.80 7.20 0.41476332983813685 1.7443440174500186E-002
0.50 2.80 7.60 0.41534978457687038 1.7452701841444210E-002
0.50 2.80 8.00 0.41749974481781338 1.7448191054601513E-002
0.50 2.80 8.40 0.41215820328525288 1.7514986601071987E-002
0.50 2.80 8.80 0.41091024136208948 1.7468577535339334E-002
0.50 2.80 9.20 0.41282258661668003 1.7485598916968770E-002
0.50 2.80 9.60 0.40817033298245764 1.7406621811186861E-002
0.50 2.80 10.00 0.41492348002339352 1.7540497557284245E-002
0.50 2.80 10.40 0.40667101517252630 1.7511190103096045E-002
