0.50 0.00 0.00 0.29070210465344293 1.6442798301430459E-002
0.50 0.00 0.40 0.42085906872410134 1.7453518011544728E-002
0.50 0.00 0.80 0.43393116211070470 1.7470515758130037E-002
0.50 0.00 1.20 0.42549611226700818 1.7482652705334875E-002
0.50 0.00 1.60 Binary file (standard input) matches
0.50 0.00 2.00 0.40379181019021093 1.7480593681734474E-002
0.50 0.00 2.40 0.38981498325298358 1.7513934261433096E-002
0.50 0.00 2.80 0.38368796106311925 1.7583914861650698E-002
0.50 0.00 3.20 0.36869903727808917 1.7395572489366906E-002
0.50 0.00 3.60 0.36182799260929482 1.7658667985572567E-002
0.50 0.00 4.00 0.35694323562462116 1.7494984369630501E-002
0.50 0.00 4.40 0.35295454212444355 1.7397048664059840E-002
0.50 0.00 4.80 0.35854454961569193 1.7500573884441345E-002
0.50 0.00 5.20 0.35455076053943946 1.7476313011454921E-002
0.50 0.00 5.60 Binary file (standard input) matches
0.50 0.00 6.00 0.35501965948785852 1.7539272273319653E-002
0.50 0.00 6.40 0.35264876824272179 1.7416868565633323E-002
0.50 0.00 6.80 0.35317932585475986 1.7421544361469289E-002
0.50 0.00 7.20 0.35142939706913856 1.7508181196097712E-002
0.50 0.00 7.60 0.34987097732186478 1.7456472014139052E-002
0.50 0.00 8.00 0.35270407137741777 1.7321379845892423E-002
0.50 0.00 8.40 0.36013023972057062 1.7620803472458996E-002
0.50 0.00 8.80 0.35313312466190583 1.7400748907006866E-002
0.50 0.00 9.20 0.35814897681681612 1.7404304096206691E-002
0.50 0.00 9.60 Binary file (standard input) matches
0.50 0.00 10.00 0.35999406559302821 1.7499010896122002E-002
0.50 0.00 10.40 0.35814058547267325 1.7468238738394929E-002
0.50 0.00 10.80 0.36629243674216416 1.7511642631954039E-002
0.50 0.00 11.20 0.36298334813695693 1.7530342466862466E-002
0.50 0.00 11.60 0.36706277427189632 1.7605590652944054E-002
0.50 0.00 12.00 0.36186719539428802 1.7451137281424587E-002

0.50 0.20 0.00 0.38173627203065064 1.7677736246559512E-002
0.50 0.20 0.40 0.50540077148886020 1.6692822231530791E-002
0.50 0.20 0.80 0.49817002822006379 1.6700458330942951E-002
0.50 0.20 1.20 Binary file (standard input) matches
0.50 0.20 1.60 0.47135086579802266 1.6959312787369143E-002
0.50 0.20 2.00 0.45671822263417577 1.7053794436620279E-002
0.50 0.20 2.40 0.44950899952196838 1.7155835977214744E-002
0.50 0.20 2.80 0.44278900620650552 1.7305547955083038E-002
0.50 0.20 3.20 0.44126813061509756 1.7295578105256702E-002
0.50 0.20 3.60 0.43299515673854161 1.7410179805021547E-002
0.50 0.20 4.00 0.43602170703920462 1.7448651317154659E-002
0.50 0.20 4.40 0.42587521480956825 1.7559681134399995E-002
0.50 0.20 4.80 0.42507365442663181 1.7520127276403029E-002
0.50 0.20 5.20 0.42439244639828955 1.7558327451182815E-002
0.50 0.20 5.60 Binary file (standard input) matches
0.50 0.20 6.00 0.41924835538812821 1.7595550217085313E-002
0.50 0.20 6.40 0.41837208113060520 1.7658089389955618E-002
0.50 0.20 6.80 0.41842383741125816 1.7595526526581872E-002
0.50 0.20 7.20 0.41454141522770971 1.7574243988561711E-002
0.50 0.20 7.60 0.41374865315816212 1.7618817249728174E-002
0.50 0.20 8.00 0.41173421300833873 1.7597384048467540E-002
0.50 0.20 8.40 0.41094767849803571 1.7625398602899738E-002
0.50 0.20 8.80 0.41034979410904870 1.7685235584355460E-002
0.50 0.20 9.20 0.40675481259791446 1.7731007106812992E-002
0.50 0.20 9.60 0.40941948641985448 1.7642590614370297E-002
0.50 0.20 10.00 0.40880344026329141 1.7576761466374102E-002
0.50 0.20 10.40 Binary file (standard input) matches
0.50 0.20 10.80 0.40622130638999321 1.7719461002223671E-002
0.50 0.20 11.20 0.40602664640000069 1.7641680760043178E-002
0.50 0.20 11.60 0.40414615567542517 1.7639180224486135E-002
0.50 0.20 12.00 0.40415282721744583 1.7588941250261756E-002

0.50 0.40 0.00 0.39580520628674487 1.8610053574859269E-002
0.50 0.40 0.40 0.51655136244998068 1.6609085244862359E-002
0.50 0.40 0.80 0.50875067693817488 1.6625650697300980E-002
0.50 0.40 1.20 0.49360230796731147 1.6678455493422166E-002
0.50 0.40 1.60 0.47360614975809900 1.6952472191536241E-002
0.50 0.40 2.00 Binary file (standard input) matches
0.50 0.40 2.40 0.45180431499372781 1.7152468029239521E-002
0.50 0.40 2.80 0.44769486743999831 1.7364721148067013E-002
0.50 0.40 3.20 0.44098324331005301 1.7274072174382621E-002
0.50 0.40 3.60 0.43728087305596419 1.7349315913492199E-002
0.50 0.40 4.00 0.43270354463593552 1.7400787141725691E-002
0.50 0.40 4.40 0.43317273411333596 1.7486298348736742E-002
0.50 0.40 4.80 0.42860431686394873 1.7420985605963162E-002
0.50 0.40 5.20 0.42309067605656703 1.7489412508733398E-002
0.50 0.40 5.60 0.42814513087290529 1.7499838344785395E-002
0.50 0.40 6.00 0.42617706746459055 1.7563556949316758E-002
0.50 0.40 6.40 0.42338535631728524 1.7589792803416660E-002
0.50 0.40 6.80 0.42054537527744262 1.7562912518015214E-002
0.50 0.40 7.20 0.41755890878556645 1.7599680853024432E-002
0.50 0.40 7.60 Binary file (standard input) matches
0.50 0.40 8.00 0.41551230341521983 1.7594208139651877E-002
0.50 0.40 8.40 0.41369067236444163 1.7682020747018447E-002
0.50 0.40 8.80 0.41346064796663573 1.7645749919089109E-002
0.50 0.40 9.20 0.41164904049464435 1.7654553919862873E-002
0.50 0.40 9.60 0.40988798806122945 1.7603859320553826E-002
0.50 0.40 10.00 0.40818742290930299 1.7628849480213815E-002
0.50 0.40 10.40 0.41049034248948219 1.7639721603611550E-002
0.50 0.40 10.80 0.41248531606167316 1.7735345273510721E-002
0.50 0.40 11.20 0.40859605008359717 1.7541998976887432E-002
0.50 0.40 11.60 Binary file (standard input) matches
0.50 0.40 12.00 0.40772782259888019 1.7605587601485447E-002

0.50 0.60 0.00 0.39277841304830297 1.8514700127811680E-002
0.50 0.60 0.40 0.50661614635431407 1.6657699808261438E-002
0.50 0.60 0.80 0.50440094552365999 1.6659130043420570E-002
0.50 0.60 1.20 0.48690982172307107 1.6818710680168405E-002
0.50 0.60 1.60 0.47794358825814670 1.6957364878378619E-002
0.50 0.60 2.00 0.46709318245570353 1.7061168653726276E-002
0.50 0.60 2.40 0.45874425663249080 1.7126547894453826E-002
0.50 0.60 2.80 0.44914971392755659 1.7244302365545472E-002
0.50 0.60 3.20 0.44731600351857576 1.7256057768261175E-002
0.50 0.60 3.60 Binary file (standard input) matches
0.50 0.60 4.00 0.43662787803101499 1.7348236700272354E-002
0.50 0.60 4.40 0.43779449324148406 1.7228122383750908E-002
0.50 0.60 4.80 0.42560718596982161 1.7399748635547423E-002
0.50 0.60 5.20 0.42504305188155439 1.7420474930749170E-002
0.50 0.60 5.60 0.42850126844435221 1.7400966663436067E-002
0.50 0.60 6.00 0.42384366112075167 1.7416049738888158E-002
0.50 0.60 6.40 0.42246960857859961 1.7595192924407890E-002
0.50 0.60 6.80 0.42070480021826373 1.7537513064642279E-002
0.50 0.60 7.20 0.41482745486713402 1.7565454996725693E-002
0.50 0.60 7.60 0.41623708911129825 1.7609243271814685E-002
0.50 0.60 8.00 0.41112705262450983 1.7596448634886921E-002
0.50 0.60 8.40 0.41249664078957277 1.7604520042694041E-002
0.50 0.60 8.80 0.40857189428107288 1.7560505133660472E-002
0.50 0.60 9.20 Binary file (standard input) matches
0.50 0.60 9.60 0.41372004435500875 1.7616815455645776E-002
0.50 0.60 10.00 0.41041299900241662 1.7630992524651893E-002
0.50 0.60 10.40 0.40758526904402537 1.7604409175992455E-002
0.50 0.60 10.80 0.41021156198405012 1.7631357170670790E-002
0.50 0.60 11.20 0.40727758525621927 1.7612381650322924E-002
0.50 0.60 11.60 0.40602914845719751 1.7712578841140997E-002
0.50 0.60 12.00 0.40801816546272712 1.7522134781723278E-002

0.50 0.80 0.00 0.36885874651098616 1.7209410645563455E-002
0.50 0.80 0.40 0.50346396271534077 1.6711396773701134E-002
0.50 0.80 0.80 0.49967356612420594 1.6732924200845482E-002
0.50 0.80 1.20 0.48739257044593909 1.6862664946671171E-002
0.50 0.80 1.60 0.47591329300383445 1.7100636870438553E-002
0.50 0.80 2.00 Binary file (standard input) matches
0.50 0.80 2.40 0.45683220763529936 1.7295008265190117E-002
0.50 0.80 2.80 0.44978248186926895 1.7211262993934030E-002
0.50 0.80 3.20 0.44327833858811660 1.7224611542771842E-002
0.50 0.80 3.60 0.44282339316164981 1.7231067961768740E-002
0.50 0.80 4.00 0.43703631224478789 1.7314474150000210E-002
0.50 0.80 4.40 0.43270398682171773 1.7340130754949282E-002
0.50 0.80 4.80 0.42753726965214733 1.7395503000341421E-002
0.50 0.80 5.20 0.42826756284075895 1.7454714201147314E-002
0.50 0.80 5.60 0.42948948705706191 1.7433472522711629E-002
0.50 0.80 6.00 0.42359505094754885 1.7461871490798996E-002
0.50 0.80 6.40 0.42308989471557706 1.7423130464013132E-002
0.50 0.80 6.80 0.41915234642518973 1.7522249251932000E-002
0.50 0.80 7.20 0.41942594146768214 1.7577407246945082E-002
0.50 0.80 7.60 0.41525809462834157 1.7560663167162812E-002
0.50 0.80 8.00 0.41779661309640603 1.7604066332560831E-002
0.50 0.80 8.40 0.41593155873716192 1.7530307414399551E-002
0.50 0.80 8.80 0.40974717119387510 1.7588068850632951E-002
0.50 0.80 9.20 0.41424571831279333 1.7617059511622145E-002
0.50 0.80 9.60 0.41023860390400912 1.7548542090005566E-002
0.50 0.80 10.00 Binary file (standard input) matches
0.50 0.80 10.40 0.40841043843255864 1.7633986115944321E-002
0.50 0.80 10.80 0.40892263039968879 1.7554688766925154E-002
0.50 0.80 11.20 0.40953888236821118 1.7535663610116860E-002
0.50 0.80 11.60 0.40777805764069558 1.7576045374517704E-002
0.50 0.80 12.00 0.40615181127037381 1.7575244788482259E-002

0.50 1.00 0.00 0.36603956748211880 1.7940737209909650E-002
0.50 1.00 0.40 0.49875156353486866 1.6659800207450299E-002
0.50 1.00 0.80 0.48987069532631544 1.6715678412526927E-002
0.50 1.00 1.20 0.48278675174679925 1.6868861415471142E-002
0.50 1.00 1.60 Binary file (standard input) matches
0.50 1.00 2.00 0.46818657245251122 1.7010745573191381E-002
0.50 1.00 2.40 0.45974004403185359 1.7089632840203543E-002
0.50 1.00 2.80 0.45059511466087115 1.7240080701205439E-002
0.50 1.00 3.20 0.44823844031902904 1.7276051488681804E-002
0.50 1.00 3.60 0.44390808441567248 1.7219016492272966E-002
0.50 1.00 4.00 0.44285704205104121 1.7281669637663810E-002
0.50 1.00 4.40 0.43571549012542193 1.7309422631689483E-002
0.50 1.00 4.80 0.43182899665072461 1.7376447381095072E-002
0.50 1.00 5.20 0.42726913442963160 1.7376559989383859E-002
0.50 1.00 5.60 Binary file (standard input) matches
0.50 1.00 6.00 0.42578371355531264 1.7517495952915383E-002
0.50 1.00 6.40 0.42346305883176399 1.7416245876235022E-002
0.50 1.00 6.80 0.42643492406078176 1.7445617221504603E-002
0.50 1.00 7.20 0.41904290891617596 1.7428549450611189E-002
0.50 1.00 7.60 0.41993557242648266 1.7546685379235500E-002
0.50 1.00 8.00 0.41388177492112543 1.7520286445176603E-002
0.50 1.00 8.40 0.41324855116165915 1.7595379112674163E-002
0.50 1.00 8.80 0.41345739249890273 1.7587719911406407E-002
0.50 1.00 9.20 0.41122291779062259 1.7620251834020644E-002
0.50 1.00 9.60 0.41087861526868635 1.7544585321521478E-002
0.50 1.00 10.00 0.40850888930487705 1.7578628719978662E-002
0.50 1.00 10.40 Binary file (standard input) matches
0.50 1.00 10.80 0.41062837087195281 1.7617210786635078E-002
0.50 1.00 11.20 0.40773628459494127 1.7539979882564803E-002
0.50 1.00 11.60 0.40908268769974282 1.7641104911680968E-002
0.50 1.00 12.00 0.40951704192951038 1.7718742855194081E-002

0.50 1.20 0.00 0.31799224037084350 1.7424158035877730E-002
0.50 1.20 0.40 0.48587101822648726 1.6609548266855036E-002
0.50 1.20 0.80 0.48434565967299886 1.6667319502705915E-002
0.50 1.20 1.20 0.47469010174346382 1.6864806768883901E-002
0.50 1.20 1.60 0.47153818076917081 1.6879371827486080E-002
0.50 1.20 2.00 0.45910654478909374 1.6968898677001847E-002
0.50 1.20 2.40 0.45293933156286609 1.7156574299498187E-002
0.50 1.20 2.80 0.45249542450282931 1.7152203578995162E-002
0.50 1.20 3.20 0.44913757971331514 1.7196648363081116E-002
0.50 1.20 3.60 0.44736640066817773 1.7300349249511484E-002
0.50 1.20 4.00 Binary file (standard input) matches
0.50 1.20 4.40 0.43466846556471206 1.7308610318450521E-002
0.50 1.20 4.80 0.43359591673282460 1.7300124868276437E-002
0.50 1.20 5.20 0.42903439004379684 1.7350816141191445E-002
0.50 1.20 5.60 0.43062362963639006 1.7392577999261485E-002
0.50 1.20 6.00 0.42632455377401851 1.7352972921514154E-002
0.50 1.20 6.40 0.42867472193101319 1.7443684710426316E-002
0.50 1.20 6.80 0.41848431202000935 1.7392152943541909E-002
0.50 1.20 7.20 0.41965002617126174 1.7535718227778423E-002
0.50 1.20 7.60 0.41319948693769576 1.7462111969113889E-002
0.50 1.20 8.00 0.41364829833305788 1.7540898922930131E-002
0.50 1.20 8.40 0.41262426389161189 1.7525517786489846E-002
0.50 1.20 8.80 0.41674056674005167 1.7457258823296126E-002
0.50 1.20 9.20 Binary file (standard input) matches
0.50 1.20 9.60 0.40785928191580278 1.7426738185497521E-002
0.50 1.20 10.00 0.41476161973411801 1.7592064870522298E-002
0.50 1.20 10.40 0.41016001263045132 1.7594958386960988E-002
0.50 1.20 10.80 0.41050567440861530 1.7656200541883979E-002
0.50 1.20 11.20 0.40751944811672391 1.7597783187364584E-002
0.50 1.20 11.60 0.41031095049330146 1.7691016532986898E-002
0.50 1.20 12.00 0.40866486078402281 1.7542987534530902E-002

0.50 1.40 0.00 0.28269011701121388 1.7204489039302644E-002
0.50 1.40 0.40 0.47834059764744818 1.6622078047764360E-002
0.50 1.40 0.80 0.47754401663658835 1.6672863513881142E-002
0.50 1.40 1.20 0.47123556783970127 1.6805385174277512E-002
0.50 1.40 1.60 0.46231616724298413 1.6882455969682506E-002
0.50 1.40 2.00 0.45622046881444439 1.6986922879676777E-002
0.50 1.40 2.40 0.45268579010966681 1.7074859639724386E-002
0.50 1.40 2.80 0.45217925623061433 1.7099637137870050E-002
0.50 1.40 3.20 Binary file (standard input) matches
0.50 1.40 3.60 0.44366184494151784 1.7155158254049379E-002
0.50 1.40 4.00 0.44262430443872924 1.7244246092804984E-002
0.50 1.40 4.40 0.43491832273593223 1.7317188921805216E-002
0.50 1.40 4.80 0.43449564050672962 1.7349911232332867E-002
0.50 1.40 5.20 0.42702929737958595 1.7333830445520896E-002
0.50 1.40 5.60 0.42959574216813917 1.7392829036157523E-002
0.50 1.40 6.00 0.42536982424518860 1.7391830012970125E-002
0.50 1.40 6.40 0.42207815522302711 1.7474147348409415E-002
0.50 1.40 6.80 0.41996748651379451 1.7447582712091955E-002
0.50 1.40 7.20 0.41942561124682920 1.7497841756190066E-002
0.50 1.40 7.60 0.41840522410293152 1.7482003725818648E-002
0.50 1.40 8.00 0.41941689496700868 1.7507945223723623E-002
0.50 1.40 8.40 0.41797188986879119 1.7518255610159256E-002
0.50 1.40 8.80 0.41393050678954840 1.7442839865377906E-002
0.50 1.40 9.20 0.41454967008408222 1.7578360640865896E-002
0.50 1.40 9.60 0.41154477124069738 1.7565437557098051E-002
0.50 1.40 10.00 0.41087388023185289 1.7545210454381437E-002
0.50 1.40 10.40 0.40905473477214727 1.7580821248909119E-002
0.50 1.40 10.80 0.41327224613864200 1.7520607077226739E-002
0.50 1.40 11.20 0.40901608933227662 1.7622682242446629E-002
0.50 1.40 11.60 0.41317319634094529 1.7533952659192463E-002
0.50 1.40 12.00 0.41228184494141151 1.7538983961421100E-002

0.50 1.60 0.00 0.27678260535148019 1.7743054323261384E-002
0.50 1.60 0.40 0.47361602152133181 1.6722266694117392E-002
0.50 1.60 0.80 0.46799885535730901 1.6737300708218585E-002
0.50 1.60 1.20 0.46468810320058446 1.6747358641973780E-002
0.50 1.60 1.60 Binary file (standard input) matches
0.50 1.60 2.00 0.45619419055210353 1.7009917162977783E-002
0.50 1.60 2.40 0.45146890197847067 1.7051545484245801E-002
0.50 1.60 2.80 0.45105375746014886 1.7102281174948289E-002
0.50 1.60 3.20 0.44613987938071809 1.7233779139267304E-002
0.50 1.60 3.60 0.44423702005749660 1.7234858632114051E-002
0.50 1.60 4.00 0.44112085700359510 1.7295494768692087E-002
0.50 1.60 4.40 0.43688996351896769 1.7306033927198951E-002
0.50 1.60 4.80 0.43704836889796017 1.7334658460429697E-002
0.50 1.60 5.20 0.43457506805907331 1.7312716901336952E-002
0.50 1.60 5.60 0.43077620050370768 1.7479674386773638E-002
0.50 1.60 6.00 Binary file (standard input) matches
0.50 1.60 6.40 0.42936573623910090 1.7432804699212316E-002
0.50 1.60 6.80 0.41880645602218491 1.7476094315435408E-002
0.50 1.60 7.20 0.42188169818998816 1.7456619740170716E-002
0.50 1.60 7.60 0.41706855374934315 1.7578631250871890E-002
0.50 1.60 8.00 0.41605249170469999 1.7527534944140419E-002
0.50 1.60 8.40 0.41490081199146578 1.7492921571770320E-002
0.50 1.60 8.80 0.41199526406703474 1.7584129027208434E-002
0.50 1.60 9.20 0.41587924377816321 1.7560126838636999E-002
0.50 1.60 9.60 Binary file (standard input) matches
0.50 1.60 10.00 0.41404934055145570 1.7630650624318563E-002
0.50 1.60 10.40 0.41012140257903462 1.7456896577932982E-002
0.50 1.60 10.80 0.40987561322181909 1.7609977854942900E-002
0.50 1.60 11.20 0.41049222518012896 1.7524190062357791E-002
0.50 1.60 11.60 0.40870178193998613 1.7533615632683217E-002
0.50 1.60 12.00 0.41271420781775953 1.7580686112800965E-002

0.50 1.80 0.00 0.27164466308879293 1.8816767478151728E-002
0.50 1.80 0.40 0.46146242322703390 1.6900510592429800E-002
0.50 1.80 0.80 0.46412951061819935 1.6911720909450763E-002
0.50 1.80 1.20 0.46011708932638495 1.6928545481706411E-002
0.50 1.80 1.60 0.45860209513729677 1.6939430869078832E-002
0.50 1.80 2.00 Binary file (standard input) matches
0.50 1.80 2.40 0.45037083918607712 1.7117375859453571E-002
0.50 1.80 2.80 0.44440546297065364 1.7178982317976144E-002
0.50 1.80 3.20 0.44394226535874193 1.7212120368568812E-002
0.50 1.80 3.60 0.44111457324100012 1.7251933791018758E-002
0.50 1.80 4.00 0.43873298429898488 1.7357691723125485E-002
0.50 1.80 4.40 0.43632825218789428 1.7340154146602168E-002
0.50 1.80 4.80 0.43109778582580771 1.7325982275215732E-002
0.50 1.80 5.20 0.42732396000175432 1.7372940732648872E-002
0.50 1.80 5.60 0.42092190904200583 1.7347194369527842E-002
0.50 1.80 6.00 Binary file (standard input) matches
0.50 1.80 6.40 0.42637850176562503 1.7404855385417008E-002
0.50 1.80 6.80 0.42202072922749789 1.7436315033956110E-002
0.50 1.80 7.20 0.42061882696718184 1.7542944656923545E-002
0.50 1.80 7.60 0.41775874767188564 1.7453417814854873E-002
0.50 1.80 8.00 0.41622226780707450 1.7549575604416542E-002
0.50 1.80 8.40 0.41648092766089817 1.7570049219005086E-002
0.50 1.80 8.80 0.41362536118466287 1.7485257313710381E-002
0.50 1.80 9.20 0.41309602666313394 1.7580157535994751E-002
0.50 1.80 9.60 Binary file (standard input) matches
0.50 1.80 10.00 0.41312788915151649 1.7515785490227923E-002
0.50 1.80 10.40 0.41258424505011665 1.7544882830508816E-002
0.50 1.80 10.80 0.41098240168792544 1.7516012298260657E-002
0.50 1.80 11.20 0.41129355692690239 1.7580895922295180E-002
0.50 1.80 11.60 0.40638198542808768 1.7447796712384459E-002
0.50 1.80 12.00 0.41255038910776404 1.7509213301684305E-002

0.50 2.00 0.00 0.28218716416190215 1.8590223698053087E-002
0.50 2.00 0.40 0.45153065882840798 1.7055811799061928E-002
0.50 2.00 0.80 0.45800084783666362 1.7041505504976698E-002
0.50 2.00 1.20 Binary file (standard input) matches
0.50 2.00 1.60 0.45056628554221528 1.7051629503321224E-002
0.50 2.00 2.00 0.44713283297307660 1.7039303784263066E-002
0.50 2.00 2.40 0.44407450878901339 1.7136027341573306E-002
0.50 2.00 2.80 0.44369954789362798 1.7317983105897605E-002
0.50 2.00 3.20 0.43727472322597888 1.7307026532140998E-002
0.50 2.00 3.60 0.43920608006249295 1.7349642367458909E-002
0.50 2.00 4.00 0.44111669095832767 1.7406503841718421E-002
0.50 2.00 4.40 0.43554787180429749 1.7481389107892407E-002
0.50 2.00 4.80 0.43057344445165802 1.7405748268455354E-002
0.50 2.00 5.20 0.43187864935914916 1.7425857847294501E-002
0.50 2.00 5.60 0.42805362030669347 1.7377921630256827E-002
0.50 2.00 6.00 0.42688096448007418 1.7532979616277703E-002
0.50 2.00 6.40 0.42212428645697131 1.7363896401086078E-002
0.50 2.00 6.80 0.41817335444471881 1.7472003946059446E-002
0.50 2.00 7.20 0.41890913773797378 1.7540006478384107E-002
0.50 2.00 7.60 0.42159704883524995 1.7570009983670750E-002
0.50 2.00 8.00 0.41290255431815048 1.7477191606437605E-002
0.50 2.00 8.40 0.41573831772892261 1.7494671851311344E-002
0.50 2.00 8.80 0.41648857826830088 1.7533154028468001E-002
0.50 2.00 9.20 0.41328849007982110 1.7514866509233843E-002
0.50 2.00 9.60 0.41466282205586741 1.7574401117643045E-002
0.50 2.00 10.00 0.41032333947659189 1.7592008880246705E-002
0.50 2.00 10.40 0.41164130638446189 1.7558250534555949E-002
0.50 2.00 10.80 0.41176373182451736 1.7492756662713434E-002
0.50 2.00 11.20 0.40875057354507610 1.7543659308986916E-002
0.50 2.00 11.60 0.40854991934325202 1.7551171574772033E-002
0.50 2.00 12.00 Binary file (standard input) matches

0.50 2.20 0.00 0.25301427166152030 1.8765733286228672E-002
0.50 2.20 0.40 0.44683808611066844 1.7276446504007531E-002
0.50 2.20 0.80 0.44793380457859550 1.7309878276023163E-002
0.50 2.20 1.20 0.44841796291998132 1.7174399258748831E-002
0.50 2.20 1.60 0.44386859640157128 1.7257837346923658E-002
0.50 2.20 2.00 0.43947566338141042 1.7233374729506454E-002
0.50 2.20 2.40 0.43973750532300809 1.7181796102187053E-002
0.50 2.20 2.80 0.43805327553500090 1.7259335129899540E-002
0.50 2.20 3.20 0.43393411830219114 1.7312088541469765E-002
0.50 2.20 3.60 Binary file (standard input) matches
0.50 2.20 4.00 0.42897413891286418 1.7396146205247470E-002
0.50 2.20 4.40 0.42727977276683882 1.7348021712932715E-002
0.50 2.20 4.80 0.42680583061236910 1.7249473410760524E-002
0.50 2.20 5.20 0.42638152569886562 1.7410720541703208E-002
0.50 2.20 5.60 0.42684729577600200 1.7516562469509219E-002
0.50 2.20 6.00 0.42291757348527403 1.7495464254399493E-002
0.50 2.20 6.40 0.42139100460688361 1.7508802288356926E-002
0.50 2.20 6.80 0.41930239659838014 1.7505491189646363E-002
0.50 2.20 7.20 0.42227919234870043 1.7531905000243521E-002
0.50 2.20 7.60 Binary file (standard input) matches
0.50 2.20 8.00 0.41554918186588219 1.7492548381947925E-002
0.50 2.20 8.40 0.41695602307162793 1.7541378926055954E-002
0.50 2.20 8.80 0.41728368508207508 1.7491326100688570E-002
0.50 2.20 9.20 0.41389332351243491 1.7526656926157260E-002
0.50 2.20 9.60 0.41185284988843540 1.7557134644594598E-002
0.50 2.20 10.00 0.41312971138222582 1.7503714311764937E-002
0.50 2.20 10.40 0.41307531283049626 1.7557525138695115E-002
0.50 2.20 10.80 0.40974524312136101 1.7532037405330957E-002
0.50 2.20 11.20 0.41122911467330292 1.7533247390930044E-002
0.50 2.20 11.60 Binary file (standard input) matches
0.50 2.20 12.00 0.40933715559599548 1.7545640125103772E-002

0.50 2.40 0.00 0.23942494818288415 1.7998974869424922E-002
0.50 2.40 0.40 0.43718747799937746 1.7309130975229625E-002
0.50 2.40 0.80 0.44030381891272335 1.7262643430644011E-002
0.50 2.40 1.20 0.43778602566000807 1.7194461839967676E-002
0.50 2.40 1.60 0.43994201281344542 1.7267848371353072E-002
0.50 2.40 2.00 0.43798864464166004 1.7294213105804777E-002
0.50 2.40 2.40 0.43464230248464214 1.7301666150209911E-002
0.50 2.40 2.80 0.43154371536894870 1.7274643957067144E-002
0.50 2.40 3.20 0.43038698909894818 1.7364785530921203E-002
0.50 2.40 3.60 0.43032234659471696 1.7383070817806170E-002
0.50 2.40 4.00 Binary file (standard input) matches
0.50 2.40 4.40 0.42726674471415088 1.7427837691343304E-002
0.50 2.40 4.80 0.42792120976269354 1.7449778978144183E-002
0.50 2.40 5.20 0.42366068889396369 1.7440134240216176E-002
0.50 2.40 5.60 0.42162790533091921 1.7506347133831496E-002
0.50 2.40 6.00 0.41906839236980709 1.7453046062993433E-002
0.50 2.40 6.40 0.42281043855558098 1.7417338786014504E-002
0.50 2.40 6.80 0.41940219517419974 1.7468330476967373E-002
0.50 2.40 7.20 0.41891798301575572 1.7513089861404700E-002
0.50 2.40 7.60 0.41662210628508189 1.7439842665411855E-002
0.50 2.40 8.00 0.41850090475238388 1.7500908418202631E-002
0.50 2.40 8.40 0.41453345558712434 1.7507981709992140E-002
0.50 2.40 8.80 0.41428734012837048 1.7500271094882894E-002
0.50 2.40 9.20 Binary file (standard input) matches
0.50 2.40 9.60 0.41483662646222863 1.7641948159269491E-002
0.50 2.40 10.00 0.41507409233483045 1.7461265718463719E-002
0.50 2.40 10.40 0.40931158272104257 1.7482074746246499E-002
0.50 2.40 10.80 0.41381702536338982 1.7501540073347258E-002
0.50 2.40 11.20 0.41042550570893621 1.7575316369066549E-002
0.50 2.40 11.60 0.40913925094634374 1.7536727620883642E-002
0.50 2.40 12.00 0.41058230997472156 1.7619131409128345E-002

0.50 2.60 0.00 0.20123056942261291 1.7156766370903815E-002
0.50 2.60 0.40 0.43010495341659610 1.7455184493560795E-002
0.50 2.60 0.80 Binary file (standard input) matches
0.50 2.60 1.20 0.43561136428964736 1.7403863663146835E-002
0.50 2.60 1.60 0.43354056174372529 1.7401192779622855E-002
0.50 2.60 2.00 0.43199006397628992 1.7363390798151621E-002
0.50 2.60 2.40 0.42976324167999691 1.7352790008507608E-002
0.50 2.60 2.80 0.42903322269934235 1.7469447031795156E-002
0.50 2.60 3.20 0.42896171080882972 1.7432144845297315E-002
0.50 2.60 3.60 0.42618456468986288 1.7433460565384699E-002
0.50 2.60 4.00 0.42461609638528747 1.7483707284181055E-002
0.50 2.60 4.40 0.42397784919577486 1.7491291926181426E-002
0.50 2.60 4.80 Binary file (standard input) matches
0.50 2.60 5.20 0.42298046121663246 1.7450713353663144E-002
0.50 2.60 5.60 0.42003305047648531 1.7476607266974607E-002
0.50 2.60 6.00 0.42326064814704517 1.7504327410323841E-002
0.50 2.60 6.40 0.41866621764921430 1.7495926010340321E-002
0.50 2.60 6.80 0.41990150871528870 1.7458317108839275E-002
0.50 2.60 7.20 0.41577329175697508 1.7507782204701280E-002
0.50 2.60 7.60 0.41523363515054612 1.7430680049998905E-002
0.50 2.60 8.00 0.41418225277602960 1.7457459227273001E-002
0.50 2.60 8.40 Binary file (standard input) matches
0.50 2.60 8.80 0.41495203074294090 1.7548139093584322E-002
0.50 2.60 9.20 0.41244746915427966 1.7494020832601785E-002
0.50 2.60 9.60 0.41212555765000192 1.7429193166479187E-002
0.50 2.60 10.00 0.41255613231649368 1.7495106085094435E-002
0.50 2.60 10.40 0.41576071082352317 1.7526972634868413E-002
0.50 2.60 10.80 0.40933085674789566 1.7512240323843114E-002
0.50 2.60 11.20 0.40889161749620245 1.7571529652288424E-002
0.50 2.60 11.60 0.40782548928514173 1.7525101555767874E-002
0.50 2.60 12.00 Binary file (standard input) matches

0.50 2.80 0.00 0.18937584866420848 1.6440499423730281E-002
0.50 2.80 0.40 0.42307735396889334 1.7475614458252579E-002
0.50 2.80 0.80 0.42734638534066105 1.7449138267175427E-002
0.50 2.80 1.20 0.42694351047369700 1.7472016637397919E-002
0.50 2.80 1.60 0.42953424359388387 1.7425408278741342E-002
0.50 2.80 2.00 0.42840360327212601 1.7478564988295784E-002
0.50 2.80 2.40 0.42679929210567930 1.7376332371112326E-002
0.50 2.80 2.80 0.42672307249708580 1.7459825507909345E-002
0.50 2.80 3.20 0.42527324408658762 1.7479510854728576E-002
0.50 2.80 3.60 Binary file (standard input) matches
0.50 2.80 4.00 0.42211762321896601 1.7463258210786297E-002
0.50 2.80 4.40 0.42058670643428009 1.7472751828829378E-002
0.50 2.80 4.80 0.41890701690993826 1.7396476907326312E-002
0.50 2.80 5.20 0.41908637594786013 1.7541940827872065E-002
0.50 2.80 5.60 0.41816993717178913 1.7446806343923611E-002
0.50 2.80 6.00 0.42048784938353367 1.7527108137172523E-002
0.50 2.80 6.40 0.41747219344118119 1.7560276021489834E-002
0.50 2.80 6.80 0.41953840109285190 1.7445957093345843E-002
0.50 2.80 7.20 0.42067062368919828 1.7545670206060852E-002
0.50 2.80 7.60 Binary file (standard input) matches
0.50 2.80 8.00 0.41553655843165371 1.7522177905027265E-002
0.50 2.80 8.40 0.41678685598281656 1.7508352643273314E-002
0.50 2.80 8.80 0.41433115430757450 1.7541444517326154E-002
0.50 2.80 9.20 0.41225435336441729 1.7532032317059677E-002
0.50 2.80 9.60 0.41051061773316649 1.7493632136038460E-002
0.50 2.80 10.00 0.41304885326324614 1.7535948052444537E-002
0.50 2.80 10.40 0.41108493184136297 1.7388844102467906E-002
0.50 2.80 10.80 0.41128573200274310 1.7582493765827822E-002
0.50 2.80 11.20 0.40920637817647937 1.7499319149923937E-002
0.50 2.80 11.60 0.41223567376332237 1.7582956473243868E-002
0.50 2.80 12.00 Binary file (standard input) matches

0.50 3.00 0.00 0.18810623925089159 1.6142774333777119E-002
0.50 3.00 0.40 0.41509832634536020 1.7309238020941118E-002
0.50 3.00 0.80 0.42346957741243701 1.7505706982810908E-002
0.50 3.00 1.20 0.42355927351611661 1.7499638240835013E-002
0.50 3.00 1.60 0.42305989352417966 1.7543616519292374E-002
0.50 3.00 2.00 0.42326824581326683 1.7420006935159292E-002
0.50 3.00 2.40 0.42308497686834190 1.7501979196096307E-002
0.50 3.00 2.80 0.42116398943258665 1.7425966483792677E-002
0.50 3.00 3.20 0.42276286372691763 1.7408521120550580E-002
0.50 3.00 3.60 0.42122380970529649 1.7517245364539847E-002
0.50 3.00 4.00 0.42050211976991864 1.7429539760699025E-002
0.50 3.00 4.40 Binary file (standard input) matches
0.50 3.00 4.80 0.41997664876093455 1.7480407478934510E-002
0.50 3.00 5.20 0.41632840366326612 1.7448417664188299E-002
0.50 3.00 5.60 0.41587967793489300 1.7558473965194367E-002
0.50 3.00 6.00 0.41406121507512905 1.7547289822992147E-002
0.50 3.00 6.40 0.41434519294110794 1.7541848667743026E-002
0.50 3.00 6.80 0.41257604024038519 1.7446829151813753E-002
0.50 3.00 7.20 0.41455912133657769 1.7575431907900931E-002
0.50 3.00 7.60 0.41502343422826177 1.7534334432769267E-002
0.50 3.00 8.00 0.41470024640769027 1.7613078861551501E-002
0.50 3.00 8.40 0.41426213373080428 1.7450412041744284E-002
0.50 3.00 8.80 Binary file (standard input) matches
0.50 3.00 9.20 0.41330793762636320 1.7435928102767052E-002
0.50 3.00 9.60 0.41567335124026206 1.7514240837930014E-002
0.50 3.00 10.00 0.41136518548233419 1.7407061353499842E-002
0.50 3.00 10.40 0.41193201492834775 1.7559732178164863E-002
0.50 3.00 10.80 0.41010802026421994 1.7513098209641354E-002
0.50 3.00 11.20 0.41102685558506780 1.7519785065854266E-002
0.50 3.00 11.60 0.40981246924588088 1.7553980592409136E-002
0.50 3.00 12.00 0.41038025612136719 1.7565710512370356E-002

0.50 3.20 0.00 0.19529024614546556 1.6957894975771801E-002
0.50 3.20 0.40 0.41159175279718674 1.7305766072638333E-002
0.50 3.20 0.80 0.41531752104174463 1.7430109687080812E-002
0.50 3.20 1.20 Binary file (standard input) matches
0.50 3.20 1.60 0.41985463865912881 1.7466914978338584E-002
0.50 3.20 2.00 0.41996323106818084 1.7395393016888819E-002
0.50 3.20 2.40 0.41953457976972280 1.7405498200394599E-002
0.50 3.20 2.80 0.41940477630187933 1.7446444952109296E-002
0.50 3.20 3.20 0.41912401454443848 1.7443600122717125E-002
0.50 3.20 3.60 0.41854004595122596 1.7516819542028515E-002
0.50 3.20 4.00 0.41884089432252630 1.7476358111972175E-002
0.50 3.20 4.40 0.41602358724693794 1.7386635164270466E-002
0.50 3.20 4.80 0.41595260305411230 1.7495940082394766E-002
0.50 3.20 5.20 0.41657930978898949 1.7467542370388146E-002
0.50 3.20 5.60 0.41397523249204521 1.7460342891444890E-002
0.50 3.20 6.00 0.41678435898917254 1.7501357945603216E-002
0.50 3.20 6.40 0.41700181392156682 1.7483798663212990E-002
0.50 3.20 6.80 0.41494752774122795 1.7458416647940195E-002
0.50 3.20 7.20 0.41306309084337511 1.7499576673515257E-002
0.50 3.20 7.60 0.41272003736529606 1.7548173320626803E-002
0.50 3.20 8.00 0.41257842032234915 1.7414861332902133E-002
0.50 3.20 8.40 0.41557785453429191 1.7518077773194120E-002
0.50 3.20 8.80 0.41363182281687533 1.7434612280221948E-002
0.50 3.20 9.20 0.41077898331331431 1.7549766986864820E-002
0.50 3.20 9.60 0.41117633246676810 1.7466869807086435E-002
0.50 3.20 10.00 0.41557581875057803 1.7502653359082253E-002
0.50 3.20 10.40 0.40970668504088303 1.7445288715968559E-002
0.50 3.20 10.80 0.40852087675066756 1.7485370513506068E-002
0.50 3.20 11.20 Binary file (standard input) matches
0.50 3.20 11.60 0.41165096063078571 1.7524025591373629E-002
0.50 3.20 12.00 0.40980559773172509 1.7499226750007566E-002

0.50 3.40 0.00 0.18414408428135595 1.5737326414676227E-002
0.50 3.40 0.40 0.40677989809649417 1.7247629010418472E-002
0.50 3.40 0.80 0.41370818908656287 1.7317236335163712E-002
0.50 3.40 1.20 0.41358130837842966 1.7421045286359866E-002
0.50 3.40 1.60 0.41448913301477386 1.7393993589284638E-002
0.50 3.40 2.00 0.42021079151599822 1.7436500956685211E-002
0.50 3.40 2.40 0.41749357102611662 1.7400063586594336E-002
0.50 3.40 2.80 0.41425771073241480 1.7463825289572774E-002
0.50 3.40 3.20 0.41703399328625351 1.7440437110041389E-002
0.50 3.40 3.60 0.41288040319896868 1.7456132322635109E-002
0.50 3.40 4.00 Binary file (standard input) matches
0.50 3.40 4.40 0.41515121678336814 1.7477310888805445E-002
0.50 3.40 4.80 0.41728512469731671 1.7516594598474874E-002
0.50 3.40 5.20 0.41410651879179622 1.7511917062428269E-002
0.50 3.40 5.60 0.41518682534205198 1.7424046158116772E-002
0.50 3.40 6.00 0.41829572187073233 1.7546250169205732E-002
0.50 3.40 6.40 0.41534090600983287 1.7532553269700154E-002
0.50 3.40 6.80 0.41465459190720011 1.7471760648388047E-002
0.50 3.40 7.20 0.41396137206503780 1.7531689456435691E-002
0.50 3.40 7.60 0.41266253086083970 1.7480077965707597E-002
0.50 3.40 8.00 0.41295122325246192 1.7397698515255716E-002
0.50 3.40 8.40 0.41134366242270304 1.7536142719034871E-002
0.50 3.40 8.80 Binary file (standard input) matches
0.50 3.40 9.20 0.41415140416070245 1.7534911333687390E-002
0.50 3.40 9.60 0.41254655615322228 1.7476644436383866E-002
0.50 3.40 10.00 0.41525582827838009 1.7439145789880480E-002
0.50 3.40 10.40 0.41081163708500440 1.7459744989755666E-002
0.50 3.40 10.80 0.40965717913663607 1.7496267701512747E-002
0.50 3.40 11.20 0.41163685753776519 1.7528093352357488E-002
0.50 3.40 11.60 0.41044960299083949 1.7569376886473122E-002
0.50 3.40 12.00 0.41148866427406172 1.7463755205765322E-002

0.50 3.60 0.00 0.18973271442167294 1.6304637816825427E-002
0.50 3.60 0.40 0.40930186271164171 1.7394825363136385E-002
0.50 3.60 0.80 0.40888536582979862 1.7414871913737338E-002
0.50 3.60 1.20 0.41474981005685735 1.7425017137747655E-002
0.50 3.60 1.60 Binary file (standard input) matches
0.50 3.60 2.00 0.41504379222210047 1.7415406416290143E-002
0.50 3.60 2.40 0.41410208792467912 1.7347707608034012E-002
0.50 3.60 2.80 0.41592089246022307 1.7507222378421127E-002
0.50 3.60 3.20 0.41208100076037624 1.7451600984696319E-002
0.50 3.60 3.60 0.41205875727722124 1.7463678217889220E-002
0.50 3.60 4.00 0.41682144857441117 1.7502044585858943E-002
0.50 3.60 4.40 0.41406752084633835 1.7457151316587517E-002
0.50 3.60 4.80 0.41270969019224568 1.7411512054411014E-002
0.50 3.60 5.20 0.41555319388879897 1.7510299662483249E-002
0.50 3.60 5.60 0.41656317490243044 1.7542555313726237E-002
0.50 3.60 6.00 0.41624676076597539 1.7493075125169028E-002
0.50 3.60 6.40 0.41256293223108836 1.7486438537581896E-002
0.50 3.60 6.80 Binary file (standard input) matches
0.50 3.60 7.20 0.41250923361179803 1.7499192347117908E-002
0.50 3.60 7.60 0.41264820801247426 1.7501239119508002E-002
0.50 3.60 8.00 0.41317422075912208 1.7514254216530998E-002
0.50 3.60 8.40 0.41362017990887556 1.7502778849428514E-002
0.50 3.60 8.80 0.41456056580209227 1.7546389388022016E-002
0.50 3.60 9.20 0.41065280522680447 1.7495812701990108E-002
0.50 3.60 9.60 0.41149973213871827 1.7472712807772378E-002
0.50 3.60 10.00 0.41330617122850677 1.7503561884892580E-002
0.50 3.60 10.40 0.41071618496131934 1.7470630887444362E-002
0.50 3.60 10.80 0.40903314622194725 1.7491572168467324E-002
0.50 3.60 11.20 0.41386500845535767 1.7537250333587037E-002
0.50 3.60 11.60 0.40838931396743494 1.7477976993532981E-002
0.50 3.60 12.00 0.41221082678698762 1.7556414002941688E-002

0.50 3.80 0.00 0.19205847109891658 1.6510389498252565E-002
0.50 3.80 0.40 0.40802177153282582 1.7400081264264587E-002
0.50 3.80 0.80 0.40732208776454798 1.7300000994363872E-002
0.50 3.80 1.20 0.40782347725200180 1.7357562740330981E-002
0.50 3.80 1.60 0.40982718047448391 1.7395984149332182E-002
0.50 3.80 2.00 0.41158062895721398 1.7464998751999132E-002
0.50 3.80 2.40 0.41292301529142589 1.7448319870051843E-002
0.50 3.80 2.80 0.41036391672170830 1.7373060109863076E-002
0.50 3.80 3.20 0.41329238633382853 1.7466304681883656E-002
0.50 3.80 3.60 0.41333810487873307 1.7401401286222334E-002
0.50 3.80 4.00 Binary file (standard input) matches
0.50 3.80 4.40 0.41308600543535273 1.7476530274126784E-002
0.50 3.80 4.80 0.41381249037630513 1.7483968425564825E-002
0.50 3.80 5.20 0.41331827263840903 1.7466963612595844E-002
0.50 3.80 5.60 0.41442273371111404 1.7317965374944892E-002
0.50 3.80 6.00 0.41351746005391277 1.7422356749429747E-002
0.50 3.80 6.40 0.41460557844405876 1.7509507061773424E-002
0.50 3.80 6.80 0.41570590327531443 1.7440338219641822E-002
0.50 3.80 7.20 0.41345856846472850 1.7504739647956007E-002
0.50 3.80 7.60 0.41263761434835394 1.7476638182715217E-002
0.50 3.80 8.00 0.41851949290612778 1.7472438444397758E-002
0.50 3.80 8.40 0.41311577951114264 1.7555806507710998E-002
0.50 3.80 8.80 0.41123531617940196 1.7529255999410444E-002
0.50 3.80 9.20 0.41511339921719853 1.7553422573896853E-002
0.50 3.80 9.60 0.41251786640277244 1.7463347121827465E-002
0.50 3.80 10.00 0.40970250977773953 1.7452080039897257E-002
0.50 3.80 10.40 0.41194520184607902 1.7613985938876656E-002
0.50 3.80 10.80 0.41155565293368246 1.7476444912078226E-002
0.50 3.80 11.20 0.40684480685945817 1.7504852877220513E-002
0.50 3.80 11.60 0.41083997432796215 1.7496032513642387E-002
0.50 3.80 12.00 0.41019516203942558 1.7484817829594785E-002

0.50 4.00 0.00 0.19287817969893961 1.6778033911389219E-002
0.50 4.00 0.40 0.40055344832027595 1.7305755507708884E-002
0.50 4.00 0.80 0.40902637047119866 1.7384141217067516E-002
0.50 4.00 1.20 Binary file (standard input) matches
0.50 4.00 1.60 0.41216375242753689 1.7384958011712515E-002
0.50 4.00 2.00 0.41171291561234080 1.7399216628674656E-002
0.50 4.00 2.40 0.41078354878353512 1.7393031953027330E-002
0.50 4.00 2.80 0.41255956044563880 1.7436199242525180E-002
0.50 4.00 3.20 0.41474927938748662 1.7424115442289292E-002
0.50 4.00 3.60 0.40885402531264781 1.7394679753324767E-002
0.50 4.00 4.00 0.41444666748289433 1.7411566193991510E-002
0.50 4.00 4.40 0.41536677320783311 1.7526403771144644E-002
0.50 4.00 4.80 0.41576026190298654 1.7469090157665682E-002
0.50 4.00 5.20 0.41666665007011039 1.7479389170415451E-002
0.50 4.00 5.60 0.41351854032738150 1.7538564643511608E-002
0.50 4.00 6.00 0.41572660597190902 1.7565839421067365E-002
0.50 4.00 6.40 Binary file (standard input) matches
0.50 4.00 6.80 0.41224750392672710 1.7477781936566201E-002
0.50 4.00 7.20 0.41349039656639458 1.7434465567888215E-002
0.50 4.00 7.60 0.41600131398468471 1.7401745669004293E-002
0.50 4.00 8.00 0.41279159159420065 1.7461862431728686E-002
0.50 4.00 8.40 0.40777616241154024 1.7413069043654056E-002
0.50 4.00 8.80 0.41483933478617602 1.7461880148071054E-002
0.50 4.00 9.20 0.41259162767990415 1.7511685979312849E-002
0.50 4.00 9.60 0.41246359569693186 1.7507969514639884E-002
0.50 4.00 10.00 0.41236692123692043 1.7515794236957389E-002
0.50 4.00 10.40 0.41386468185446484 1.7482496480569047E-002
0.50 4.00 10.80 Binary file (standard input) matches
0.50 4.00 11.20 0.41335257892444954 1.7440240557771110E-002
0.50 4.00 11.60 0.40846196673955798 1.7457445399741742E-002
0.50 4.00 12.00 0.41029572212500803 1.7499252482458552E-002

0.50 4.20 0.00 0.17494447623266771 1.5496614248789016E-002
0.50 4.20 0.40 0.40553475943077882 1.7250731059108598E-002
0.50 4.20 0.80 0.41093427880625466 1.7434299033549636E-002
0.50 4.20 1.20 0.40900225927595263 1.7417764512233955E-002
0.50 4.20 1.60 0.41210867934792528 1.7347090788275212E-002
0.50 4.20 2.00 0.41021490078429429 1.7417390692223565E-002
0.50 4.20 2.40 0.41251836409532744 1.7380412516259432E-002
0.50 4.20 2.80 0.40985000039611608 1.7425517205189044E-002
0.50 4.20 3.20 Binary file (standard input) matches
0.50 4.20 3.60 0.41470607908751267 1.7488549231842402E-002
0.50 4.20 4.00 0.41342095310129923 1.7474882993712616E-002
0.50 4.20 4.40 0.41166366106538377 1.7392035178126711E-002
0.50 4.20 4.80 0.41429748784700732 1.7462711669475262E-002
0.50 4.20 5.20 0.41057197396314082 1.7437207558039659E-002
0.50 4.20 5.60 0.41475950240775683 1.7461222071295968E-002
0.50 4.20 6.00 0.41115382449809096 1.7411508375619347E-002
0.50 4.20 6.40 0.41441406393779340 1.7524344518527812E-002
0.50 4.20 6.80 0.41446957482893138 1.7483796134006004E-002
0.50 4.20 7.20 0.41190608378898863 1.7473363934893228E-002
0.50 4.20 7.60 0.41375674477247443 1.7482626711521385E-002
0.50 4.20 8.00 0.41294885284324795 1.7496231435917331E-002
0.50 4.20 8.40 Binary file (standard input) matches
0.50 4.20 8.80 0.41391843182824906 1.7511308433863768E-002
0.50 4.20 9.20 0.41153675327248651 1.7547413120494359E-002
0.50 4.20 9.60 0.41009661053422003 1.7536430355077130E-002
0.50 4.20 10.00 0.41281337804596507 1.7555617057204115E-002
0.50 4.20 10.40 0.41285524934156792 1.7522549160904403E-002
0.50 4.20 10.80 0.41064469100588796 1.7472143319204984E-002
0.50 4.20 11.20 0.41449005338032396 1.7497708168006262E-002
0.50 4.20 11.60 0.41067545252196058 1.7511683104415365E-002
0.50 4.20 12.00 0.40940672031869046 1.7567004767012270E-002

0.50 4.40 0.00 0.18749509896218347 1.6531286141841409E-002
0.50 4.40 0.40 0.40502096553881806 1.7280599135673674E-002
0.50 4.40 0.80 0.40846130711866541 1.7330532581810654E-002
0.50 4.40 1.20 Binary file (standard input) matches
0.50 4.40 1.60 0.41169961309679576 1.7451761660646190E-002
0.50 4.40 2.00 0.40823024697299415 1.7388291056061701E-002
0.50 4.40 2.40 0.41451426772389111 1.7411470715175400E-002
0.50 4.40 2.80 0.41323417207294366 1.7384089470744178E-002
0.50 4.40 3.20 0.41334131026580351 1.7432355581901263E-002
0.50 4.40 3.60 0.41386627205412713 1.7463894521671266E-002
0.50 4.40 4.00 0.41376733678882927 1.7496672038281418E-002
0.50 4.40 4.40 0.41413326266175482 1.7463530128578372E-002
0.50 4.40 4.80 0.41443201432939725 1.7429669655828654E-002
0.50 4.40 5.20 0.41063152406971060 1.7388596666973694E-002
0.50 4.40 5.60 0.41375762026705554 1.7421167234055714E-002
0.50 4.40 6.00 Binary file (standard input) matches
0.50 4.40 6.40 0.41455131121948874 1.7472034591733548E-002
0.50 4.40 6.80 0.41250889222331366 1.7457775371333105E-002
0.50 4.40 7.20 0.41424808184231515 1.7506572984578306E-002
0.50 4.40 7.60 0.41319725373134564 1.7447337712043837E-002
0.50 4.40 8.00 0.41397835798680954 1.7521592607697790E-002
0.50 4.40 8.40 0.41246837150866222 1.7435614929382937E-002
0.50 4.40 8.80 0.41148067572427482 1.7547408563715623E-002
0.50 4.40 9.20 0.41072985378525806 1.7442131844148327E-002
0.50 4.40 9.60 0.41026995672894051 1.7472910839559260E-002
0.50 4.40 10.00 0.40802884747647833 1.7484189425704056E-002
0.50 4.40 10.40 0.41279311003849506 1.7505292446468201E-002
0.50 4.40 10.80 Binary file (standard input) matches
0.50 4.40 11.20 0.40876414404864042 1.7533762635521550E-002
0.50 4.40 11.60 0.41032617226156232 1.7476353461813098E-002
0.50 4.40 12.00 0.40618078619247655 1.7488775848996423E-002

0.50 4.60 0.00 0.20852834124591252 1.6713989299904260E-002
0.50 4.60 0.40 0.41013323482763758 1.7346178286656407E-002
0.50 4.60 0.80 0.40981917481941743 1.7243594877601999E-002
0.50 4.60 1.20 0.40963496581805081 1.7327002951900747E-002
0.50 4.60 1.60 0.41117038396197259 1.7305881489476677E-002
0.50 4.60 2.00 0.41278676511405471 1.7397805174715286E-002
0.50 4.60 2.40 0.41375538480435575 1.7409766338519910E-002
0.50 4.60 2.80 0.41218816523352270 1.7403764926716900E-002
0.50 4.60 3.20 0.41297086472058842 1.7349443483668566E-002
0.50 4.60 3.60 Binary file (standard input) matches
0.50 4.60 4.00 0.41450897679628246 1.7371713428555494E-002
0.50 4.60 4.40 0.41537489765999946 1.7523993883540628E-002
0.50 4.60 4.80 0.41586341252877901 1.7495708587053155E-002
0.50 4.60 5.20 0.41326338441874089 1.7409430554529426E-002
0.50 4.60 5.60 0.41428230207685779 1.7494310600685251E-002
0.50 4.60 6.00 0.41387834393527773 1.7459605953748642E-002
0.50 4.60 6.40 0.41351281518688821 1.7405511660189422E-002
0.50 4.60 6.80 0.41383023947684522 1.7493316198979914E-002
0.50 4.60 7.20 0.41191004817714127 1.7533573423468743E-002
0.50 4.60 7.60 0.41293809833108924 1.7489657566629905E-002
0.50 4.60 8.00 0.41337300559227164 1.7469811069273321E-002
0.50 4.60 8.40 Binary file (standard input) matches
0.50 4.60 8.80 0.41295213068161341 1.7418991390598725E-002
0.50 4.60 9.20 0.41206200730261733 1.7467977170349477E-002
0.50 4.60 9.60 0.41178220412957894 1.7401526369183420E-002
0.50 4.60 10.00 0.41057948329727700 1.7447833802486771E-002
0.50 4.60 10.40 0.41113166471029999 1.7499778977144744E-002
0.50 4.60 10.80 0.41128365415465956 1.7558133163115268E-002
0.50 4.60 11.20 0.41103325856734285 1.7660180241282832E-002
0.50 4.60 11.60 0.41060059446290015 1.7453101964375186E-002
0.50 4.60 12.00 0.41084953628242971 1.7552683064639894E-002

0.50 4.80 0.00 0.20982818596549882 1.7689117793185320E-002
0.50 4.80 0.40 0.41064637069137760 1.7413768625378918E-002
0.50 4.80 0.80 0.41482108638059234 1.7483653758191026E-002
0.50 4.80 1.20 Binary file (standard input) matches
0.50 4.80 1.60 0.41285942305598733 1.7453313022161486E-002
0.50 4.80 2.00 0.41396270584565809 1.7515393651134997E-002
0.50 4.80 2.40 0.41654765437587093 1.7391794141444053E-002
0.50 4.80 2.80 0.41805964503709347 1.7364694055201857E-002
0.50 4.80 3.20 0.41718163697743965 1.7481006008064747E-002
0.50 4.80 3.60 0.41825029620587600 1.7354875365941925E-002
0.50 4.80 4.00 0.41492373795960746 1.7429491683272829E-002
0.50 4.80 4.40 0.52879867118055812 1.6095413833605011E-002
0.50 4.80 4.80 0.41593560132508206 1.7452916673656230E-002
0.50 4.80 5.20 0.41587538230771548 1.7445407971608120E-002
0.50 4.80 5.60 0.41586843323097911 1.7445917862920688E-002
0.50 4.80 6.00 0.41505614912224126 1.7515700660162621E-002
0.50 4.80 6.40 0.41763064496501157 1.7442832138128368E-002
0.50 4.80 6.80 Binary file (standard input) matches
0.50 4.80 7.20 0.41341343454687668 1.7391525355056048E-002
0.50 4.80 7.60 0.41244516154326860 1.7488782095838030E-002
0.50 4.80 8.00 0.41453592128961281 1.7470662708809381E-002
0.50 4.80 8.40 0.41027020011442816 1.7502443601661373E-002
0.50 4.80 8.80 0.41222820003228333 1.7469966747692404E-002
0.50 4.80 9.20 0.41490029293530190 1.7512873360139167E-002
0.50 4.80 9.60 0.41119317652038045 1.7472522821160737E-002
0.50 4.80 10.00 0.41136680644114210 1.7532776120274832E-002
0.50 4.80 10.40 0.41083658355885111 1.7454627358522080E-002
0.50 4.80 10.80 0.41161567637173901 1.7510952441833046E-002
0.50 4.80 11.20 Binary file (standard input) matches
0.50 4.80 11.60 0.41069303140234681 1.7469238084304253E-002
0.50 4.80 12.00 0.41351236549411008 1.7519410588493781E-002

0.50 5.00 0.00 0.19413207432778370 1.7523234476724953E-002
0.50 5.00 0.40 0.41266979132317499 1.7460272951986645E-002
0.50 5.00 0.80 0.41465194507307690 1.7474107631036472E-002
0.50 5.00 1.20 0.41455351983590127 1.7502881390985124E-002
0.50 5.00 1.60 0.41198268207918032 1.7332217872213441E-002
0.50 5.00 2.00 0.41470951582033211 1.7429704351820188E-002
0.50 5.00 2.40 0.41570273071463915 1.7482267372487963E-002
0.50 5.00 2.80 0.41363838539108411 1.7336188646939376E-002
0.50 5.00 3.20 Binary file (standard input) matches
0.50 5.00 3.60 0.41434543019923831 1.7430296507960231E-002
0.50 5.00 4.00 0.41415067722556193 1.7412642516076493E-002
0.50 5.00 4.40 0.41747401312893401 1.7373052491548330E-002
0.50 5.00 4.80 0.41784344125567241 1.7404954111653017E-002
0.50 5.00 5.20 0.41293637406090822 1.7335083848693700E-002
0.50 5.00 5.60 0.41345770993755276 1.7416959668181811E-002
0.50 5.00 6.00 0.41300728201918996 1.7448477632158649E-002
0.50 5.00 6.40 0.41567608536729106 1.7515779693145526E-002
0.50 5.00 6.80 0.41353538243138210 1.7432782055820193E-002
0.50 5.00 7.20 0.41449918137892067 1.7516807109706396E-002
0.50 5.00 7.60 0.41240351194025376 1.7472629485614014E-002
0.50 5.00 8.00 0.41342317560823283 1.7616384169215075E-002
0.50 5.00 8.40 Binary file (standard input) matches
0.50 5.00 8.80 0.41247591047912613 1.7481200885734603E-002
0.50 5.00 9.20 0.40941418156035425 1.7483071284007830E-002
0.50 5.00 9.60 0.41044013826550296 1.7464532960492350E-002
0.50 5.00 10.00 0.41486807295339656 1.7456056735184952E-002
0.50 5.00 10.40 0.41287708015274616 1.7440505950527183E-002
0.50 5.00 10.80 0.41353104285459263 1.7502397299717375E-002
0.50 5.00 11.20 0.41094711162179032 1.7512088098541347E-002
0.50 5.00 11.60 0.41196530316517083 1.7560360944102450E-002
0.50 5.00 12.00 0.41041973196246023 1.7486724755382172E-002

0.50 5.20 0.00 0.18997870570255085 1.6814407397940195E-002
0.50 5.20 0.40 Binary file (standard input) matches
0.50 5.20 0.80 0.41307678409517318 1.7590070669621902E-002
0.50 5.20 1.20 0.41071665694179871 1.7573554424021282E-002
0.50 5.20 1.60 0.41646405637855732 1.7481885063925395E-002
0.50 5.20 2.00 0.41818616591582308 1.7482542539839080E-002
0.50 5.20 2.40 0.41666539296657606 1.7451765351577428E-002
0.50 5.20 2.80 0.41462176191555927 1.7341190217338581E-002
0.50 5.20 3.20 0.41848107111896526 1.7410226260260942E-002
0.50 5.20 3.60 0.41620892680283006 1.7431842001218806E-002
0.50 5.20 4.00 0.41894166832854929 1.7433160365542572E-002
0.50 5.20 4.40 0.41533619782975428 1.7465078312716553E-002
0.50 5.20 4.80 0.41541606512073176 1.7453833003677987E-002
0.50 5.20 5.20 Binary file (standard input) matches
0.50 5.20 5.60 0.41452975972782824 1.7424194431395139E-002
0.50 5.20 6.00 0.41130311525940755 1.7519014357167902E-002
0.50 5.20 6.40 0.41481311746575944 1.7475547611042939E-002
0.50 5.20 6.80 0.41241498356389339 1.7468561708705310E-002
0.50 5.20 7.20 0.41264080603323078 1.7589281521137687E-002
0.50 5.20 7.60 0.41300089434273846 1.7522477758095855E-002
0.50 5.20 8.00 0.40991263420930968 1.7467242931108837E-002
0.50 5.20 8.40 0.41133551736407298 1.7449958158480366E-002
0.50 5.20 8.80 0.41254355095863415 1.7447661894183168E-002
0.50 5.20 9.20 0.41130710571330747 1.7499368041269499E-002
0.50 5.20 9.60 Binary file (standard input) matches
0.50 5.20 10.00 0.41273062746414385 1.7586695052505708E-002
0.50 5.20 10.40 0.41304200002384944 1.7450210358132458E-002
0.50 5.20 10.80 0.41283956250273296 1.7548662013972722E-002
0.50 5.20 11.20 0.41204408995134478 1.7500198583909353E-002
0.50 5.20 11.60 0.41098621548920111 1.7498603269888714E-002
0.50 5.20 12.00 0.40720693873573444 1.7478203376568423E-002

0.50 5.40 0.00 0.15972980655159569 1.4301358071921219E-002
0.50 5.40 0.40 0.40485687533127168 1.7531668879431108E-002
0.50 5.40 0.80 0.40747530493547124 1.7451942281893309E-002
0.50 5.40 1.20 0.41006166338781364 1.7587550354579158E-002
0.50 5.40 1.60 0.41036078847137647 1.7430624800922442E-002
0.50 5.40 2.00 0.41327701767766251 1.7401498112945352E-002
0.50 5.40 2.40 0.41255510862388178 1.7429446604279843E-002
0.50 5.40 2.80 Binary file (standard input) matches
0.50 5.40 3.20 0.41476783402781592 1.7461836647853109E-002
0.50 5.40 3.60 0.41198175387428171 1.7457829163065361E-002
0.50 5.40 4.00 0.41562268173284800 1.7404163512384465E-002
0.50 5.40 4.40 0.41376260558984795 1.7341660458602876E-002
0.50 5.40 4.80 0.41111749106538642 1.7432348115054227E-002
0.50 5.40 5.20 0.41318636374117990 1.7414145319150750E-002
0.50 5.40 5.60 0.41438234656592277 1.7439462803713141E-002
0.50 5.40 6.00 0.41496027105124211 1.7505655107976810E-002
0.50 5.40 6.40 0.41289511450942157 1.7434965692581697E-002
0.50 5.40 6.80 0.41226241234488042 1.7480898254261374E-002
0.50 5.40 7.20 0.41090334964799641 1.7548010285918875E-002
0.50 5.40 7.60 Binary file (standard input) matches
0.50 5.40 8.00 0.40647605566909373 1.7401742680205570E-002
0.50 5.40 8.40 0.41133087289688169 1.7454994433569779E-002
0.50 5.40 8.80 0.41216982307314903 1.7451847313025876E-002
0.50 5.40 9.20 0.40939870318005694 1.7531156996426041E-002
0.50 5.40 9.60 0.40815549939451046 1.7511790441891703E-002
0.50 5.40 10.00 0.40630726892592389 1.7463996221675621E-002
0.50 5.40 10.40 0.40880859726287755 1.7479276709709054E-002
0.50 5.40 10.80 0.41134165706883608 1.7507618487776391E-002
0.50 5.40 11.20 0.40651356399870481 1.7437625611327848E-002
0.50 5.40 11.60 Binary file (standard input) matches
0.50 5.40 12.00 0.40968021370144153 1.7412134218800109E-002

0.50 5.60 0.00 0.17533896579093503 1.5514532135641060E-002
0.50 5.60 0.40 0.41286455836609992 1.7300012586800140E-002
0.50 5.60 0.80 0.41728071309614850 1.7388382654076440E-002
0.50 5.60 1.20 0.41728577263206129 1.7504843559473633E-002
0.50 5.60 1.60 0.41861004175338401 1.7448921401116528E-002
0.50 5.60 2.00 0.41847015573326030 1.7511721326038222E-002
0.50 5.60 2.40 0.41719058158746058 1.7418447274776785E-002
0.50 5.60 2.80 0.41973071918620325 1.7441166767913182E-002
0.50 5.60 3.20 0.41860702218144652 1.7452955325425984E-002
0.50 5.60 3.60 0.41788378280267330 1.7382439541755893E-002
0.50 5.60 4.00 0.41708650049443818 1.7435856670846430E-002
0.50 5.60 4.40 Binary file (standard input) matches
0.50 5.60 4.80 0.41641990293037906 1.7437160395183272E-002
0.50 5.60 5.20 0.41490121931140334 1.7442842720034490E-002
0.50 5.60 5.60 0.41351145109483056 1.7354162806426626E-002
0.50 5.60 6.00 0.41270721549659151 1.7368599432337373E-002
0.50 5.60 6.40 0.41304257097557739 1.7489940311333843E-002
0.50 5.60 6.80 0.41425472648444711 1.7463386764842437E-002
0.50 5.60 7.20 0.41439199797941068 1.7472787067123803E-002
0.50 5.60 7.60 0.41523065139125287 1.7491222411308703E-002
0.50 5.60 8.00 0.41080559428257679 1.7426438087943620E-002
0.50 5.60 8.40 0.41087205184992220 1.7384475851301408E-002
0.50 5.60 8.80 0.41432331460826949 1.7441219067837237E-002
0.50 5.60 9.20 Binary file (standard input) matches
0.50 5.60 9.60 0.41207720732763714 1.7496086717551190E-002
0.50 5.60 10.00 0.40876579764601717 1.7419928181137443E-002
0.50 5.60 10.40 0.41135525313317506 1.7404747744002327E-002
0.50 5.60 10.80 0.41095534557413904 1.7448947965494337E-002
0.50 5.60 11.20 0.40855906939970471 1.7567001010733496E-002
0.50 5.60 11.60 0.40885293450306481 1.7579339456858419E-002
0.50 5.60 12.00 0.40740588601790273 1.7478415114781324E-002

0.50 5.80 0.00 0.19159404599997670 1.6903135862062553E-002
0.50 5.80 0.40 0.41540558319756504 1.7227672430561225E-002
0.50 5.80 0.80 0.42002004444998853 1.7227560477532860E-002
0.50 5.80 1.20 0.42250931355117138 1.7436014007975786E-002
0.50 5.80 1.60 0.42106758451026111 1.7291525423283778E-002
0.50 5.80 2.00 Binary file (standard input) matches
0.50 5.80 2.40 0.42351102142107944 1.7480331933147575E-002
0.50 5.80 2.80 0.42199712022593799 1.7389994284333264E-002
0.50 5.80 3.20 0.41618309291847516 1.7405057201838520E-002
0.50 5.80 3.60 0.41868772900702833 1.7372974847857197E-002
0.50 5.80 4.00 0.42108829211119392 1.7388759373378106E-002
0.50 5.80 4.40 0.41921040184566855 1.7400154784789505E-002
0.50 5.80 4.80 0.41418281089124881 1.7474704453958340E-002
0.50 5.80 5.20 0.41709343168958996 1.7440499593086568E-002
0.50 5.80 5.60 0.41399425509608873 1.7446717754157320E-002
0.50 5.80 6.00 0.41536300719142416 1.7546302673849348E-002
0.50 5.80 6.40 0.41575252175575317 1.7449468754901470E-002
0.50 5.80 6.80 0.40955658191151728 1.7443400851604042E-002
0.50 5.80 7.20 0.41190780403412147 1.7472500972150747E-002
0.50 5.80 7.60 0.41082075956439301 1.7425675466940189E-002
0.50 5.80 8.00 0.41302251598395640 1.7393124259747837E-002
0.50 5.80 8.40 0.41112672381056237 1.7483004297234806E-002
0.50 5.80 8.80 0.41208983295960450 1.7526208633282678E-002
0.50 5.80 9.20 0.40966302782431363 1.7416662528400420E-002
0.50 5.80 9.60 0.40915960614804814 1.7494982186475747E-002
0.50 5.80 10.00 0.41374012687304679 1.7530697936705419E-002
0.50 5.80 10.40 0.41296699787014218 1.7623269885943947E-002
0.50 5.80 10.80 0.41012580625350459 1.7568212222610385E-002
0.50 5.80 11.20 0.40777572099611670 1.7439746424798230E-002
0.50 5.80 11.60 0.40751478766399940 1.7433648691252072E-002
0.50 5.80 12.00 Binary file (standard input) matches

0.50 6.00 0.00 0.23670705681257925 1.8314740135629472E-002
0.50 6.00 0.40 0.43430635087478875 1.7296450061662565E-002
0.50 6.00 0.80 0.43297935155298062 1.7271175918297712E-002
0.50 6.00 1.20 0.43146971740417583 1.7383248301372372E-002
0.50 6.00 1.60 0.42049082476158350 1.7313612099244698E-002
0.50 6.00 2.00 0.42046702116878987 1.7324637395638737E-002
0.50 6.00 2.40 0.41817104206111122 1.7381745202714276E-002
0.50 6.00 2.80 0.42117114324925237 1.7401998074470789E-002
0.50 6.00 3.20 0.41701639079069003 1.7401390570314403E-002
0.50 6.00 3.60 0.41729416023213489 1.7428020098492963E-002
0.50 6.00 4.00 0.41638321266379991 1.7421827032793418E-002
0.50 6.00 4.40 0.41473285460817549 1.7409773988980748E-002
0.50 6.00 4.80 Binary file (standard input) matches
0.50 6.00 5.20 0.41246798198500462 1.7399914449102646E-002
0.50 6.00 5.60 0.41588967838380980 1.7569369227953109E-002
0.50 6.00 6.00 0.41491015229357575 1.7413628429004652E-002
0.50 6.00 6.40 0.41087591961733416 1.7434434016528739E-002
0.50 6.00 6.80 0.41530505625675973 1.7524081099152555E-002
0.50 6.00 7.20 0.41154463021783388 1.7435380860257206E-002
0.50 6.00 7.60 0.41139186551539131 1.7471100900274469E-002
0.50 6.00 8.00 0.41305153168711606 1.7543085782865186E-002
0.50 6.00 8.40 0.40980432272412237 1.7448766651216897E-002
0.50 6.00 8.80 0.41008600833640713 1.7478538572614423E-002
0.50 6.00 9.20 0.41131644475037710 1.7511987128112489E-002
0.50 6.00 9.60 0.40929336031900271 1.7458896026704231E-002
0.50 6.00 10.00 Binary file (standard input) matches
0.50 6.00 10.40 0.40945336088795603 1.7506962231860289E-002
0.50 6.00 10.80 0.40711189022988614 1.7493718310705345E-002
0.50 6.00 11.20 0.40702253138355954 1.7519586271038959E-002
0.50 6.00 11.60 0.40972479053695687 1.7515904659738478E-002
0.50 6.00 12.00 0.40730273110121373 1.7547189169300911E-002

