0.50 0.00 0.00 0.38357956470985910 3.5034828544562260E-002
0.50 0.00 0.40 0.52075229531001843 3.1098451568314020E-002
0.50 0.00 0.80 0.50976622808791960 3.1085142653759914E-002
0.50 0.00 1.20 0.49679338079875962 3.1451323644921654E-002
0.50 0.00 1.60 0.47757602022425794 3.1933192701136634E-002
0.50 0.00 2.00 0.46464961724479165 3.2227056724588289E-002
0.50 0.00 2.40 0.44549523459232104 3.2690552525175567E-002
0.50 0.00 2.80 0.43882906236452579 3.2695987241911854E-002
0.50 0.00 3.20 0.43485848804848387 3.2877032950469447E-002
0.50 0.00 3.60 0.42419029514682960 3.2988525429148409E-002
0.50 0.00 4.00 0.42257660485518134 3.3063944128407893E-002
0.50 0.00 4.40 0.41749139115737977 3.3339857871909462E-002
0.50 0.00 4.80 0.41409510121466431 3.3153643891425756E-002
0.50 0.00 5.20 0.41428702805428508 3.3327471290594803E-002
0.50 0.00 5.60 0.41183378755642258 3.3402454836014527E-002
0.50 0.00 6.00 0.40713819764396508 3.3361986444796099E-002
0.50 0.00 6.40 0.40851559610038313 3.3758354282827363E-002
0.50 0.00 6.80 0.40813135516302712 3.3418165302355404E-002
0.50 0.00 7.20 0.40183279639588398 3.3416100934439176E-002
0.50 0.00 7.60 0.40175064581081876 3.3504647097372581E-002
0.50 0.00 8.00 0.40530089978076828 3.3464494917476113E-002
0.50 0.00 8.40 0.40567947625126222 3.3604041523757976E-002
0.50 0.00 8.80 0.40168181383460999 3.3272161178507655E-002
0.50 0.00 9.20 0.40351650140318884 3.3420546725456690E-002
0.50 0.00 9.60 0.40334263074866772 3.3191436057215917E-002
0.50 0.00 10.00 0.40362961148752169 3.3712593190864476E-002
0.50 0.00 10.40 0.40222334597294357 3.3517890099824060E-002
0.50 0.00 10.80 0.39858224312121521 3.3445519571885740E-002
0.50 0.00 11.20 0.39766832259907786 3.3295499934342984E-002
0.50 0.00 11.60 0.40024140474465242 3.3494051045053111E-002
0.50 0.00 12.00 0.39565221206212103 3.3529805733459775E-002

0.50 0.20 0.00 0.40542001485855012 3.5540633654355766E-002
0.50 0.20 0.40 0.53055611663751612 3.0956927763459645E-002
0.50 0.20 0.80 0.52672225848850085 3.0975272614592163E-002
0.50 0.20 1.20 0.52719789126027850 3.1015353981922362E-002
0.50 0.20 1.60 0.51553630632381053 3.1131472681497626E-002
0.50 0.20 2.00 0.50470222470381265 3.1329912587990373E-002
0.50 0.20 2.40 0.49233714230518116 3.1724519601167699E-002
0.50 0.20 2.80 0.48170217918792052 3.1785307679362926E-002
0.50 0.20 3.20 0.46987389316706851 3.2236577276739085E-002
0.50 0.20 3.60 0.46477671252254760 3.2174726644766456E-002
0.50 0.20 4.00 0.45542656194899916 3.2112611555333723E-002
0.50 0.20 4.40 0.44700611614371938 3.2433382712922086E-002
0.50 0.20 4.80 0.44481322189448375 3.2751173283872545E-002
0.50 0.20 5.20 0.43504518230991768 3.2813519965750264E-002
0.50 0.20 5.60 0.43619965412896350 3.2907134242887860E-002
0.50 0.20 6.00 0.43751305871389362 3.2808765649547822E-002
0.50 0.20 6.40 0.43516092914917665 3.2894940157118628E-002
0.50 0.20 6.80 0.42734706008566015 3.3065071439152591E-002
0.50 0.20 7.20 0.42424391577065962 3.2985467263332360E-002
0.50 0.20 7.60 0.42292737013399134 3.3062614161521717E-002
0.50 0.20 8.00 0.42586397671429960 3.3165110273256422E-002
0.50 0.20 8.40 0.42280071131133379 3.3188545432565629E-002
0.50 0.20 8.80 0.41958096404774092 3.3290441273145017E-002
0.50 0.20 9.20 0.41998641232671241 3.3139919477560120E-002
0.50 0.20 9.60 0.41633931382794059 3.3620247688049894E-002
0.50 0.20 10.00 0.41232574648240100 3.3350722867261734E-002
0.50 0.20 10.40 0.42226384921930576 3.3428790696736418E-002
0.50 0.20 10.80 0.42131787047390545 3.3406241759507849E-002
0.50 0.20 11.20 0.41136846579462816 3.3443480968810974E-002
0.50 0.20 11.60 0.41237222333284168 3.3385773510604420E-002
0.50 0.20 12.00 0.41249485678834424 3.3385378754788829E-002

0.50 0.40 0.00 0.33546587465103184 3.2967526959116082E-002
0.50 0.40 0.40 0.52906346696992124 3.1026685239098000E-002
0.50 0.40 0.80 0.52931414535939580 3.0927688912129856E-002
0.50 0.40 1.20 0.52736120551242571 3.0919579826923702E-002
0.50 0.40 1.60 0.52031383887009208 3.1005748301474942E-002
0.50 0.40 2.00 0.51422747044694250 3.1077448931490927E-002
0.50 0.40 2.40 0.49770232469084075 3.1530446560575742E-002
0.50 0.40 2.80 0.49265829592691129 3.1713128410216798E-002
0.50 0.40 3.20 0.48497637267746041 3.1987413783903573E-002
0.50 0.40 3.60 0.47410081072054500 3.2145754611208166E-002
0.50 0.40 4.00 0.46575757882567492 3.2459761567894999E-002
0.50 0.40 4.40 0.45415721768776762 3.2276548454657168E-002
0.50 0.40 4.80 0.45175361139236142 3.2636845812114686E-002
0.50 0.40 5.20 0.44967527755586750 3.2522554751782506E-002
0.50 0.40 5.60 0.44584930166664299 3.2906933101606008E-002
0.50 0.40 6.00 0.43999536638783632 3.2797921767131720E-002
0.50 0.40 6.40 0.44019383443471671 3.2923680879852209E-002
0.50 0.40 6.80 0.43643999946815731 3.2892044624920895E-002
0.50 0.40 7.20 0.43925690099067127 3.3143775155058536E-002
0.50 0.40 7.60 0.43380459305804892 3.3037909217352897E-002
0.50 0.40 8.00 0.42716915723803150 3.2890916026571654E-002
0.50 0.40 8.40 0.42421571737212460 3.2776322352407870E-002
0.50 0.40 8.80 0.42349618333548705 3.3003787954188055E-002
0.50 0.40 9.20 0.42271369765490696 3.3004188706154618E-002
0.50 0.40 9.60 0.42293564566736253 3.3078372095948883E-002
0.50 0.40 10.00 0.42150235595282676 3.3179223648073027E-002
0.50 0.40 10.40 0.42120826750632101 3.3217124276702682E-002
0.50 0.40 10.80 0.41904405079250412 3.3410489917824894E-002
0.50 0.40 11.20 0.42137879352225943 3.3139527420646221E-002
0.50 0.40 11.60 0.41674699857308611 3.3261960235002830E-002
0.50 0.40 12.00 0.41802672420764175 3.3437532285259509E-002

0.50 0.60 0.00 0.42418101356823340 3.5265909691658159E-002
0.50 0.60 0.40 0.52451649358851560 3.0748540809401082E-002
0.50 0.60 0.80 0.52680228974581267 3.0987922540702300E-002
0.50 0.60 1.20 0.52552138275597260 3.0814857686506512E-002
0.50 0.60 1.60 0.52039785745015255 3.0971084127840262E-002
0.50 0.60 2.00 0.51714557676902040 3.1287139169464490E-002
0.50 0.60 2.40 0.50113989477505227 3.1272056383187079E-002
0.50 0.60 2.80 0.49795246000656262 3.1596146540262951E-002
0.50 0.60 3.20 0.49076694250925723 3.1748489701437482E-002
0.50 0.60 3.60 0.47771448333783262 3.1867397814558648E-002
0.50 0.60 4.00 0.47279081087063224 3.2161758181773165E-002
0.50 0.60 4.40 0.46610388942918457 3.2224513474426925E-002
0.50 0.60 4.80 0.45969046348501130 3.2515525237625117E-002
0.50 0.60 5.20 0.45385230696708528 3.2616840131857117E-002
0.50 0.60 5.60 0.45211833422242476 3.2841620433224146E-002
0.50 0.60 6.00 0.44347394197276230 3.2510236085958169E-002
0.50 0.60 6.40 0.43922266822896106 3.2591561085506177E-002
0.50 0.60 6.80 0.43876912444980282 3.2804250266217645E-002
0.50 0.60 7.20 0.43437920326873092 3.2833808741672327E-002
0.50 0.60 7.60 0.43164394075838086 3.2973764516651106E-002
0.50 0.60 8.00 0.43032934911848636 3.2962904182012691E-002
0.50 0.60 8.40 0.42769636305128911 3.2929660268111463E-002
0.50 0.60 8.80 0.42644133982813237 3.3166621855463901E-002
0.50 0.60 9.20 0.42604194589564576 3.3199307078868881E-002
0.50 0.60 9.60 0.42567328504565333 3.3382289489164378E-002
0.50 0.60 10.00 0.42245530299764511 3.3267070532086225E-002
0.50 0.60 10.40 0.41843076492611492 3.3149755554119656E-002
0.50 0.60 10.80 0.42143926738576826 3.3338446499500574E-002
0.50 0.60 11.20 0.41963917281368490 3.3475000162398065E-002
0.50 0.60 11.60 0.41779574415626736 3.3297590508875985E-002
0.50 0.60 12.00 0.41608378987609196 3.3073779445315719E-002

0.50 0.80 0.00 0.38697475282215543 3.4034387686853754E-002
0.50 0.80 0.40 0.52170076654112441 3.0755068365334332E-002
0.50 0.80 0.80 0.52992822391585381 3.0915825114223017E-002
0.50 0.80 1.20 0.52587739473893991 3.0748417993214622E-002
0.50 0.80 1.60 0.52282302470766939 3.0848537101225815E-002
0.50 0.80 2.00 0.51133891103243856 3.1049394414915624E-002
0.50 0.80 2.40 0.50347289616373081 3.1656830264421093E-002
0.50 0.80 2.80 0.49768275906400899 3.1591582306132314E-002
0.50 0.80 3.20 0.48854954008894114 3.1948347000437034E-002
0.50 0.80 3.60 0.48036512971653000 3.1914976590508883E-002
0.50 0.80 4.00 0.47186763700529244 3.2088679350059685E-002
0.50 0.80 4.40 0.47115172578633296 3.2215710517820413E-002
0.50 0.80 4.80 0.46054123524457219 3.2138951703081377E-002
0.50 0.80 5.20 0.45459593992983471 3.2318223422172547E-002
0.50 0.80 5.60 0.44570955130238277 3.2850415085726503E-002
0.50 0.80 6.00 0.44373414402480077 3.2642222048734217E-002
0.50 0.80 6.40 0.43652461713238405 3.2961339480713885E-002
0.50 0.80 6.80 0.43966325953782642 3.2849861562234170E-002
0.50 0.80 7.20 0.43732172304903694 3.2908443656026180E-002
0.50 0.80 7.60 0.43120546835041235 3.2932003688548088E-002
0.50 0.80 8.00 0.42844350158002908 3.2914119744615021E-002
0.50 0.80 8.40 0.42949213796456343 3.2976953400011333E-002
0.50 0.80 8.80 0.42458390796580459 3.3036069844883977E-002
0.50 0.80 9.20 0.42599708436563155 3.3151562352691538E-002
0.50 0.80 9.60 0.42361520913290329 3.3121513713617032E-002
0.50 0.80 10.00 0.42367968575816084 3.3108011494037949E-002
0.50 0.80 10.40 0.42117798115314387 3.3166410386281271E-002
0.50 0.80 10.80 0.41980437156004785 3.3221401119425606E-002
0.50 0.80 11.20 0.41747052006365387 3.3288752546790333E-002
0.50 0.80 11.60 0.41656075556465250 3.3247976193865630E-002
0.50 0.80 12.00 0.41552581936525917 3.3416292856368199E-002

0.50 1.00 0.00 0.39428396449779163 3.6590909939691121E-002
0.50 1.00 0.40 0.51744763713647524 3.1097900281146763E-002
0.50 1.00 0.80 0.52233858232185337 3.0866532764439073E-002
0.50 1.00 1.20 0.51990582501771754 3.0922128436387322E-002
0.50 1.00 1.60 0.51842304656678928 3.1102214081654256E-002
0.50 1.00 2.00 Binary file (standard input) matches
0.50 1.00 2.40 0.50523368600873630 3.1518392108541772E-002
0.50 1.00 2.80 0.49117499364266698 3.1752821532061964E-002
0.50 1.00 3.20 0.48762561783337921 3.1623408709519532E-002
0.50 1.00 3.60 0.47837862832598227 3.1865056253943473E-002
0.50 1.00 4.00 0.46661752312325755 3.2214671839447880E-002
0.50 1.00 4.40 0.46472873426596983 3.2316026072050467E-002
0.50 1.00 4.80 0.46510591426820858 3.2252525595114469E-002
0.50 1.00 5.20 0.45572704836064587 3.2401022719906657E-002
0.50 1.00 5.60 0.45239803787180388 3.2842851233800048E-002
0.50 1.00 6.00 0.44635732034050307 3.2627919374129795E-002
0.50 1.00 6.40 0.44228954387773411 3.2854851768184118E-002
0.50 1.00 6.80 0.44244652849766669 3.2934149872500505E-002
0.50 1.00 7.20 0.43953387507135699 3.2953147158530476E-002
0.50 1.00 7.60 0.43237801013159433 3.2967684117151556E-002
0.50 1.00 8.00 0.43383626271955250 3.3149715776562151E-002
0.50 1.00 8.40 0.43271406597448286 3.3198316238186393E-002
0.50 1.00 8.80 0.42767802185202070 3.2971250915132387E-002
0.50 1.00 9.20 0.42455028542097673 3.3075759758650888E-002
0.50 1.00 9.60 0.42670140514885391 3.2950986816082557E-002
0.50 1.00 10.00 0.42574573940675098 3.3061980794452800E-002
0.50 1.00 10.40 0.42615798802119070 3.3146830909964994E-002
0.50 1.00 10.80 0.42216406947551388 3.3120624924941597E-002
0.50 1.00 11.20 0.42389549077608235 3.3231014676220985E-002
0.50 1.00 11.60 0.42021270265622040 3.3313172422725905E-002
0.50 1.00 12.00 0.41821441974226181 3.3339581380909679E-002

0.50 1.20 0.00 0.47678774670936497 3.6778621651843056E-002
0.50 1.20 0.40 0.51353485652741804 3.1083452897123706E-002
0.50 1.20 0.80 0.51519009006467820 3.1065435111676917E-002
0.50 1.20 1.20 0.51502250283537909 3.1095401609216443E-002
0.50 1.20 1.60 0.51229323565155094 3.1130843306081259E-002
0.50 1.20 2.00 0.50842010395219628 3.1070695091377845E-002
0.50 1.20 2.40 0.50021320881425424 3.1336085200721543E-002
0.50 1.20 2.80 0.49237882485955498 3.1646535099296276E-002
0.50 1.20 3.20 0.48636114222276960 3.1759392163675501E-002
0.50 1.20 3.60 0.47446375531767010 3.1732130770385530E-002
0.50 1.20 4.00 0.47145810805978894 3.2216597865399210E-002
0.50 1.20 4.40 0.46340424335213937 3.2148576957740080E-002
0.50 1.20 4.80 0.45941486937785359 3.2078491461490492E-002
0.50 1.20 5.20 0.45659354595258916 3.2327580398330523E-002
0.50 1.20 5.60 0.45367744535434895 3.2520168125525856E-002
0.50 1.20 6.00 0.44380078958765151 3.2798910733341922E-002
0.50 1.20 6.40 0.44594743889359767 3.2656200081990529E-002
0.50 1.20 6.80 0.44272315552828623 3.3051990974182918E-002
0.50 1.20 7.20 0.43937346092579410 3.2729858295629015E-002
0.50 1.20 7.60 0.43660739926475794 3.3077101262287377E-002
0.50 1.20 8.00 0.43550618233713145 3.3000863877154119E-002
0.50 1.20 8.40 0.43037147014844140 3.2858162160394777E-002
0.50 1.20 8.80 0.43189053204911110 3.2978344678512163E-002
0.50 1.20 9.20 0.42430804316340132 3.3105317026248735E-002
0.50 1.20 9.60 0.43196954714947050 3.3144901875207841E-002
0.50 1.20 10.00 0.42512536754320773 3.3184468383345045E-002
0.50 1.20 10.40 0.42599541306986294 3.3414606187335195E-002
0.50 1.20 10.80 0.42443241272512411 3.3006663483763361E-002
0.50 1.20 11.20 0.41840422993185866 3.3208592445462946E-002
0.50 1.20 11.60 0.42473802754166945 3.3140848031673519E-002
0.50 1.20 12.00 0.41781706041498873 3.2942496484587074E-002

0.50 1.40 0.00 0.34671917672415026 3.0303890836135768E-002
0.50 1.40 0.40 0.49837170491679100 3.1231009940886775E-002
0.50 1.40 0.80 0.50951883259366504 3.1162055569245329E-002
0.50 1.40 1.20 0.50493965976377386 3.1199630465595891E-002
0.50 1.40 1.60 0.50713133449237457 3.1247917434364315E-002
0.50 1.40 2.00 0.50301955623544692 3.1441389761614209E-002
0.50 1.40 2.40 0.49480182342300660 3.1586233352931189E-002
0.50 1.40 2.80 0.48973000240353387 3.1880225643252096E-002
0.50 1.40 3.20 0.48274403002844501 3.1756067226454000E-002
0.50 1.40 3.60 0.47586867621763423 3.1897820326252858E-002
0.50 1.40 4.00 0.47272951393821333 3.1951652896899836E-002
0.50 1.40 4.40 0.46552746747695151 3.2211526695256530E-002
0.50 1.40 4.80 0.46091138475441812 3.2370952710508896E-002
0.50 1.40 5.20 0.45814228145974800 3.2478934568900795E-002
0.50 1.40 5.60 0.45688528016261276 3.2571851389768897E-002
0.50 1.40 6.00 0.44782990336251893 3.2619891979125799E-002
0.50 1.40 6.40 0.44907018546269184 3.2811429182958117E-002
0.50 1.40 6.80 0.43709492384464194 3.2667681999249167E-002
0.50 1.40 7.20 0.43851222986376487 3.2976970163860662E-002
0.50 1.40 7.60 0.43521956094160386 3.2932807049382277E-002
0.50 1.40 8.00 0.43489563332865411 3.2954299599653160E-002
0.50 1.40 8.40 0.43301456049759601 3.3020525620180846E-002
0.50 1.40 8.80 0.43533745804252177 3.3161846215291821E-002
0.50 1.40 9.20 0.42683061690318108 3.3218154822542367E-002
0.50 1.40 9.60 0.42914026544230766 3.3239597934467700E-002
0.50 1.40 10.00 0.43043615175385996 3.3033600069017260E-002
0.50 1.40 10.40 0.42246649480935827 3.3147661629192623E-002
0.50 1.40 10.80 0.42551063266393313 3.3390311304908021E-002
0.50 1.40 11.20 0.42234301284236919 3.2947764744425928E-002
0.50 1.40 11.60 0.41974523437441241 3.3264914695176118E-002
0.50 1.40 12.00 0.41801214435991663 3.3339649817548229E-002

0.50 1.60 0.00 0.40355006175865149 3.5849428474515180E-002
0.50 1.60 0.40 0.49347753816355350 3.1676922425805401E-002
0.50 1.60 0.80 0.50125238494785895 3.1409642761252188E-002
0.50 1.60 1.20 0.49780635154923597 3.1485293453966640E-002
0.50 1.60 1.60 0.50039313900668880 3.1301869482390492E-002
0.50 1.60 2.00 0.49827205290242899 3.1460225111241032E-002
0.50 1.60 2.40 0.48509655766707349 3.1565709898012516E-002
0.50 1.60 2.80 0.49180227116191871 3.1854606608426268E-002
0.50 1.60 3.20 0.47803407486784044 3.2000305827251697E-002
0.50 1.60 3.60 0.47159570043982829 3.2158340777329555E-002
0.50 1.60 4.00 0.46841584797432079 3.2043162559513234E-002
0.50 1.60 4.40 0.46352851025466063 3.2321909844925396E-002
0.50 1.60 4.80 0.45842525262621853 3.2276288020313619E-002
0.50 1.60 5.20 0.45420747247114940 3.2390757197552154E-002
0.50 1.60 5.60 0.44719138657176077 3.2563873449090813E-002
0.50 1.60 6.00 0.44425934564115843 3.2813623271455844E-002
0.50 1.60 6.40 0.44199515077729484 3.2703096153965980E-002
0.50 1.60 6.80 0.44268492516179936 3.2861399291883295E-002
0.50 1.60 7.20 0.44008586216708973 3.2773431428935920E-002
0.50 1.60 7.60 0.43830463249235674 3.2890125951990423E-002
0.50 1.60 8.00 0.43300978645076765 3.3186555289361201E-002
0.50 1.60 8.40 0.42723647739945136 3.3104847703495498E-002
0.50 1.60 8.80 0.42566180988288715 3.2989636795310341E-002
0.50 1.60 9.20 0.42411731640339445 3.3088050388022441E-002
0.50 1.60 9.60 0.42640990510731774 3.3051699580562872E-002
0.50 1.60 10.00 0.42532315310815411 3.3222178816584874E-002
0.50 1.60 10.40 0.42509560962761883 3.3157949133413876E-002
0.50 1.60 10.80 0.42197342032205737 3.3063969956343350E-002
0.50 1.60 11.20 0.42200728788807629 3.3279767537049705E-002
0.50 1.60 11.60 0.41985459835025907 3.3201748203719982E-002
0.50 1.60 12.00 0.41527764815540308 3.3094350311256605E-002

0.50 1.80 0.00 0.44976895738727685 3.5151666681757558E-002
0.50 1.80 0.40 0.48637902702471197 3.1730460609630862E-002
0.50 1.80 0.80 0.49283217527085144 3.1699226044674157E-002
0.50 1.80 1.20 0.49525127952455267 3.1653692913609720E-002
0.50 1.80 1.60 0.49145743721924096 3.1672842821616899E-002
0.50 1.80 2.00 0.49242995557906361 3.1714065462270444E-002
0.50 1.80 2.40 0.48708411219339254 3.1718149576709431E-002
0.50 1.80 2.80 0.47903523001734472 3.2218583721974628E-002
0.50 1.80 3.20 0.47528062365078388 3.2034723805356886E-002
0.50 1.80 3.60 0.46969849005066006 3.2081607468061678E-002
0.50 1.80 4.00 0.46602146429837576 3.2194608221934283E-002
0.50 1.80 4.40 0.46285583032414851 3.2290795630468348E-002
0.50 1.80 4.80 0.45685655010995535 3.2493432354615381E-002
0.50 1.80 5.20 0.45402227733519751 3.2540471972558833E-002
0.50 1.80 5.60 0.45251774440934078 3.2664683238626639E-002
0.50 1.80 6.00 0.45074039067225835 3.2442155747332904E-002
0.50 1.80 6.40 0.44768588629743178 3.2702408951769728E-002
0.50 1.80 6.80 0.44377950254857079 3.3040975962835284E-002
0.50 1.80 7.20 0.43890962209979323 3.2778821137868085E-002
0.50 1.80 7.60 0.43418684399800223 3.2818792065479843E-002
0.50 1.80 8.00 0.43503633067512143 3.2860539266451869E-002
0.50 1.80 8.40 0.43203232457770246 3.3185046832325982E-002
0.50 1.80 8.80 0.42788426371830718 3.3038067265108266E-002
0.50 1.80 9.20 0.42922449908424110 3.3309506358188828E-002
0.50 1.80 9.60 0.42917923921597084 3.3353194753378827E-002
0.50 1.80 10.00 0.42526798736866323 3.3197348509054300E-002
0.50 1.80 10.40 0.42615083901307615 3.3244538851289224E-002
0.50 1.80 10.80 0.42340835161410090 3.2968568803513877E-002
0.50 1.80 11.20 0.42172516992500331 3.3255714897577379E-002
0.50 1.80 11.60 0.42020284202041547 3.3159496107320462E-002
0.50 1.80 12.00 0.41939779074338029 3.2936043465927510E-002

0.50 2.00 0.00 0.29379082346419116 2.9263555810528238E-002
0.50 2.00 0.40 0.48430463513412148 3.1954414457452888E-002
0.50 2.00 0.80 0.48080530637369978 3.1820689894475750E-002
0.50 2.00 1.20 0.48636650291740746 3.1934410843426991E-002
0.50 2.00 1.60 0.48449313674122074 3.2001473855262447E-002
0.50 2.00 2.00 0.48202533645624862 3.1936274190826480E-002
0.50 2.00 2.40 0.47802665333326411 3.1877085436922623E-002
0.50 2.00 2.80 0.47086080349405107 3.2034674881656608E-002
0.50 2.00 3.20 0.47050242263713765 3.2323447645434308E-002
0.50 2.00 3.60 0.46932481387260150 3.2360365240876779E-002
0.50 2.00 4.00 0.46368374069447399 3.2328917370145711E-002
0.50 2.00 4.40 0.45800548778750699 3.2444803381612326E-002
0.50 2.00 4.80 0.45503721474793385 3.2514187311687537E-002
0.50 2.00 5.20 0.45772125146708798 3.2539222632769295E-002
0.50 2.00 5.60 0.44725487576798706 3.2693790084383244E-002
0.50 2.00 6.00 0.44302935740680988 3.2674055160658792E-002
0.50 2.00 6.40 0.44017222630309610 3.2569278470240125E-002
0.50 2.00 6.80 0.44358891868033296 3.2866936195857038E-002
0.50 2.00 7.20 0.43953874764859274 3.2635744927389243E-002
0.50 2.00 7.60 0.43310571201621750 3.3096386240319756E-002
0.50 2.00 8.00 0.43437524177645220 3.2993443769725329E-002
0.50 2.00 8.40 0.43189503349109087 3.2907647552620940E-002
0.50 2.00 8.80 0.42807237157375722 3.2903724279556845E-002
0.50 2.00 9.20 0.42710549047901625 3.3268421719836322E-002
0.50 2.00 9.60 0.42962250022771081 3.3170020448306886E-002
0.50 2.00 10.00 0.42729169799953287 3.3033956417146827E-002
0.50 2.00 10.40 0.42635435952789047 3.3156246693940176E-002
0.50 2.00 10.80 0.42337073882306581 3.3019522752250861E-002
0.50 2.00 11.20 0.41884165992454409 3.3154635388933942E-002
0.50 2.00 11.60 0.42164113782925916 3.3171560962055410E-002
0.50 2.00 12.00 0.42318919695641072 3.3110941916108610E-002

0.50 2.20 0.00 0.29722605183035367 3.6024352392305607E-002
0.50 2.20 0.40 0.47526840327709419 3.1950989834720327E-002
0.50 2.20 0.80 0.48111648949114255 3.1969112790778707E-002
0.50 2.20 1.20 0.47774569023187113 3.1956787350825688E-002
0.50 2.20 1.60 0.47852784356209466 3.2023488663120443E-002
0.50 2.20 2.00 0.47723896664057258 3.1931329238683824E-002
0.50 2.20 2.40 0.47415999545554766 3.2078124039053156E-002
0.50 2.20 2.80 0.46711355095678647 3.2184932274192092E-002
0.50 2.20 3.20 0.47016985482717094 3.2329068570210000E-002
0.50 2.20 3.60 0.46394025440305908 3.2400698258080084E-002
0.50 2.20 4.00 0.45954395187189689 3.2407373330763517E-002
0.50 2.20 4.40 0.45849922389374359 3.2499153723719060E-002
0.50 2.20 4.80 0.45242448781456329 3.2446088469306508E-002
0.50 2.20 5.20 0.44868623753969172 3.2395946889424647E-002
0.50 2.20 5.60 0.44428388789189643 3.2794688170236716E-002
0.50 2.20 6.00 0.44628492675897408 3.2639027169233309E-002
0.50 2.20 6.40 0.44370081750959789 3.2832425486928871E-002
0.50 2.20 6.80 0.44472755906702111 3.3058247720963434E-002
0.50 2.20 7.20 0.43558549478789443 3.3095833860272206E-002
0.50 2.20 7.60 0.43455470893600479 3.2977493522669064E-002
0.50 2.20 8.00 0.43296315789944850 3.2999407529869226E-002
0.50 2.20 8.40 0.43394074385935111 3.2873534084387118E-002
0.50 2.20 8.80 0.43171574684955105 3.3103536402366268E-002
0.50 2.20 9.20 0.42735091623164190 3.3090658503572165E-002
0.50 2.20 9.60 0.42476266778072097 3.3217922393070885E-002
0.50 2.20 10.00 0.42569485881891855 3.3355544402467803E-002
0.50 2.20 10.40 0.42615189507329720 3.3173522547167517E-002
0.50 2.20 10.80 0.42735916580793515 3.3273711522327949E-002
0.50 2.20 11.20 0.42054862798449977 3.3091987208469731E-002
0.50 2.20 11.60 0.42122643176372943 3.3046807884123508E-002
0.50 2.20 12.00 0.42512588603099405 3.3180643138882596E-002

0.50 2.40 0.00 0.29466692844053910 3.5022740022860384E-002
0.50 2.40 0.40 0.47082635089054009 3.2042628091912703E-002
0.50 2.40 0.80 0.47189048127819511 3.2087078327797440E-002
0.50 2.40 1.20 0.47067841751048622 3.2206250538774080E-002
0.50 2.40 1.60 0.47228831060251386 3.2388120015507081E-002
0.50 2.40 2.00 0.47017461121056553 3.2254398069034525E-002
0.50 2.40 2.40 0.46743303312045431 3.2157273653421956E-002
0.50 2.40 2.80 0.46562277333386071 3.2211476029027346E-002
0.50 2.40 3.20 0.46335419166229419 3.2384185705955644E-002
0.50 2.40 3.60 0.45689093555426774 3.2340840067094666E-002
0.50 2.40 4.00 0.45908107458666436 3.2481983400213667E-002
0.50 2.40 4.40 0.45500566058465469 3.2486309865391881E-002
0.50 2.40 4.80 0.45315884510616045 3.2572633601886329E-002
0.50 2.40 5.20 0.45115352055545432 3.2660956605751322E-002
0.50 2.40 5.60 0.45079689640900289 3.2771712533725891E-002
0.50 2.40 6.00 0.44036506767309075 3.2795627504530023E-002
0.50 2.40 6.40 0.44089931622961842 3.2814553390525282E-002
0.50 2.40 6.80 0.43461566506948685 3.2785083168231560E-002
0.50 2.40 7.20 0.43305556354654151 3.2713808995233275E-002
0.50 2.40 7.60 0.43354534596326821 3.2798825427948895E-002
0.50 2.40 8.00 0.43234168255407690 3.2902610783233782E-002
0.50 2.40 8.40 0.43076250078093475 3.2976845305013415E-002
0.50 2.40 8.80 0.42720174949220302 3.2863959544142680E-002
0.50 2.40 9.20 0.42617299438758521 3.3153678148888394E-002
0.50 2.40 9.60 0.42507968552421704 3.3082601046431764E-002
0.50 2.40 10.00 0.42448332003595268 3.3202628974064119E-002
0.50 2.40 10.40 0.42216714158937191 3.3159160348754678E-002
0.50 2.40 10.80 0.42447596573568303 3.3316540710439803E-002
0.50 2.40 11.20 0.42158740708681491 3.2969278408052936E-002
0.50 2.40 11.60 0.42354472223842754 3.3278817467666588E-002
0.50 2.40 12.00 0.41968759031428748 3.3305323114771301E-002

0.50 2.60 0.00 0.29578013043132406 3.2524496572626009E-002
0.50 2.60 0.40 0.46519651934431250 3.1992141246939533E-002
0.50 2.60 0.80 0.46780145924365774 3.2219560039573374E-002
0.50 2.60 1.20 0.46850436529894851 3.2311153993120290E-002
0.50 2.60 1.60 0.46530932951801962 3.2281265958353650E-002
0.50 2.60 2.00 0.46772219855622799 3.2283237272971839E-002
0.50 2.60 2.40 0.46433174601583688 3.2344294219531312E-002
0.50 2.60 2.80 Binary file (standard input) matches
0.50 2.60 3.20 0.45888268496096851 3.2456162704806564E-002
0.50 2.60 3.60 0.45875739708497204 3.2457948870639290E-002
0.50 2.60 4.00 0.45417653666098284 3.2508750845714716E-002
0.50 2.60 4.40 0.45446851622775569 3.2572675323340156E-002
0.50 2.60 4.80 0.44809945210046953 3.2597300864755263E-002
0.50 2.60 5.20 0.45062900052999383 3.2632750931117491E-002
0.50 2.60 5.60 0.44143993113689800 3.2973984884254820E-002
0.50 2.60 6.00 0.44373403844257531 3.2775594730567695E-002
0.50 2.60 6.40 0.43741924701148271 3.2777063926928050E-002
0.50 2.60 6.80 0.43815614723208818 3.2831952594840494E-002
0.50 2.60 7.20 0.43410412713201696 3.2803732959971202E-002
0.50 2.60 7.60 0.43545800628887116 3.2930123473132671E-002
0.50 2.60 8.00 0.43501273510803057 3.3099688127804783E-002
0.50 2.60 8.40 0.43150581733859739 3.3063791420197441E-002
0.50 2.60 8.80 0.42935377715381567 3.3047650061914888E-002
0.50 2.60 9.20 0.42553807229413210 3.3029799163953918E-002
0.50 2.60 9.60 0.42545549446967978 3.3096472202943240E-002
0.50 2.60 10.00 0.42298462882634669 3.3182596464687360E-002
0.50 2.60 10.40 0.42854303236187663 3.3144815137041532E-002
0.50 2.60 10.80 0.42119776811849630 3.3261374091291478E-002
0.50 2.60 11.20 0.42401494417806906 3.3413189718329260E-002
0.50 2.60 11.60 0.42059150470334761 3.3291031518353928E-002
0.50 2.60 12.00 0.41949655037049205 3.3412751996469876E-002

0.50 2.80 0.00 0.26895374653060916 3.5372931345530219E-002
0.50 2.80 0.40 0.46400065550861902 3.2071502442863116E-002
0.50 2.80 0.80 0.46302472784279863 3.2054579405422910E-002
0.50 2.80 1.20 0.46229520930176182 3.2457393542765493E-002
0.50 2.80 1.60 0.46119663473918121 3.2503439566222363E-002
0.50 2.80 2.00 0.45926928900863206 3.2384472961375733E-002
0.50 2.80 2.40 0.45694920602219458 3.2653256942729726E-002
0.50 2.80 2.80 0.45909449236817129 3.2496577307360205E-002
0.50 2.80 3.20 0.45467475978548466 3.2490410223555373E-002
0.50 2.80 3.60 0.45410595059734266 3.2484820928283024E-002
0.50 2.80 4.00 0.44842233360141626 3.2720738923171414E-002
0.50 2.80 4.40 0.45157619948393479 3.2496206693048313E-002
0.50 2.80 4.80 0.44499797098737331 3.2678453568082862E-002
0.50 2.80 5.20 0.44440763302914216 3.2783800520861786E-002
0.50 2.80 5.60 0.44591923148320117 3.2802699236857788E-002
0.50 2.80 6.00 0.44305834837518993 3.2783225659379571E-002
0.50 2.80 6.40 0.44314290112212440 3.2561559830037445E-002
0.50 2.80 6.80 0.43740684266486668 3.2960546732378138E-002
0.50 2.80 7.20 0.43687409150792506 3.2960165498577554E-002
0.50 2.80 7.60 0.43447918196490354 3.2971631158309055E-002
0.50 2.80 8.00 0.43071071671882405 3.2878500347447923E-002
0.50 2.80 8.40 0.42997154791378983 3.3205523773747005E-002
0.50 2.80 8.80 0.43152139745090629 3.3070954666765025E-002
0.50 2.80 9.20 0.42681797297201463 3.3223227197335232E-002
0.50 2.80 9.60 0.42845914481498210 3.3114986043081808E-002
0.50 2.80 10.00 0.42617537248412612 3.3086854782841311E-002
0.50 2.80 10.40 0.42346954255534880 3.3061795963110985E-002
0.50 2.80 10.80 0.42655127877624333 3.3140444557785739E-002
0.50 2.80 11.20 0.42419817553818884 3.3135578151665054E-002
0.50 2.80 11.60 0.41816937270844423 3.3231707766043644E-002
0.50 2.80 12.00 0.41386989052311424 3.2892949296021309E-002

0.50 3.00 0.00 0.30379120833295314 3.4763630893351549E-002
0.50 3.00 0.40 0.46088386285474614 3.2361333927846792E-002
0.50 3.00 0.80 0.46012000790464019 3.2266219418091512E-002
0.50 3.00 1.20 0.46099222529531281 3.2276858736461689E-002
0.50 3.00 1.60 0.45976044957471951 3.2545420850309342E-002
0.50 3.00 2.00 0.45254088865770592 3.2351853690615794E-002
0.50 3.00 2.40 0.45936113091807407 3.2694853539467564E-002
0.50 3.00 2.80 0.45019277921711726 3.2604039338875596E-002
0.50 3.00 3.20 0.45241286172350825 3.2896611515697456E-002
0.50 3.00 3.60 0.44764637895375997 3.2705626641833345E-002
0.50 3.00 4.00 0.44981461320837524 3.2667733717978896E-002
0.50 3.00 4.40 0.44935901073990292 3.2872164988266075E-002
0.50 3.00 4.80 0.44727367656239475 3.2558762659445691E-002
0.50 3.00 5.20 0.44906538456377926 3.2796290421499848E-002
0.50 3.00 5.60 0.44217162652646680 3.2857934874902531E-002
0.50 3.00 6.00 0.43972680674400239 3.2771520316806295E-002
0.50 3.00 6.40 0.43910915530820399 3.2911805973638748E-002
0.50 3.00 6.80 0.43567880441357670 3.2978135737405524E-002
0.50 3.00 7.20 0.43690247851917752 3.2917007797550198E-002
0.50 3.00 7.60 0.43303129666562967 3.2814169027489577E-002
0.50 3.00 8.00 0.42688637042407596 3.3205344343968830E-002
0.50 3.00 8.40 0.42888848256463613 3.2919702224450960E-002
0.50 3.00 8.80 0.43001572230580437 3.2998271578681654E-002
0.50 3.00 9.20 0.42659414567451293 3.3177373055795288E-002
0.50 3.00 9.60 0.42614284681402370 3.2938059626367165E-002
0.50 3.00 10.00 0.42212667969799311 3.3082217231030824E-002
0.50 3.00 10.40 0.42310064303317957 3.3109323794059071E-002
0.50 3.00 10.80 0.42264837077692163 3.3219939437220056E-002
0.50 3.00 11.20 0.42108530355812579 3.3120523638501334E-002
0.50 3.00 11.60 0.42015476846564398 3.3293686333110452E-002
0.50 3.00 12.00 0.41785308415755756 3.3288179391080218E-002

0.50 3.20 0.00 0.22266442734932929 2.7478847787894771E-002
0.50 3.20 0.40 0.45743081331457469 3.2448951848111994E-002
0.50 3.20 0.80 0.46402775010202851 3.2359099272680124E-002
0.50 3.20 1.20 0.45255249375041950 3.2408735294397216E-002
0.50 3.20 1.60 0.45663209066629540 3.2452638343004762E-002
0.50 3.20 2.00 0.45186421967635626 3.2574987208390575E-002
0.50 3.20 2.40 0.44801666374624921 3.2469660278636021E-002
0.50 3.20 2.80 0.44872214595980681 3.2638572800075823E-002
0.50 3.20 3.20 0.44978167866753110 3.2685392523692215E-002
0.50 3.20 3.60 0.44760478010994420 3.2767644339599097E-002
0.50 3.20 4.00 0.44509406790252415 3.2980772994270852E-002
0.50 3.20 4.40 0.44887769655147086 3.2713554250413175E-002
0.50 3.20 4.80 0.44655276346455208 3.2789709626053924E-002
0.50 3.20 5.20 0.44251617708903190 3.2973701329892267E-002
0.50 3.20 5.60 0.43807594458633947 3.2852555360629532E-002
0.50 3.20 6.00 0.44242428676483786 3.3035523570736872E-002
0.50 3.20 6.40 0.43283230951005247 3.3010010385758161E-002
0.50 3.20 6.80 0.43576341677112679 3.2942727930411211E-002
0.50 3.20 7.20 0.43787645944080811 3.3044923825442357E-002
0.50 3.20 7.60 0.42909413997160373 3.2884759917018419E-002
0.50 3.20 8.00 0.43043255914256084 3.2967003456471036E-002
0.50 3.20 8.40 0.43181483937462700 3.3063130289858141E-002
0.50 3.20 8.80 0.42604363315248756 3.2993769337004666E-002
0.50 3.20 9.20 0.42563884694446752 3.2967916100705916E-002
0.50 3.20 9.60 0.42694028639574721 3.3027691452376558E-002
0.50 3.20 10.00 0.42418448619569887 3.3115889195862176E-002
0.50 3.20 10.40 0.42481900683635454 3.3219710751630133E-002
0.50 3.20 10.80 0.42066859418478508 3.3288303543574448E-002
0.50 3.20 11.20 0.42605458903248489 3.3272597090172072E-002
0.50 3.20 11.60 0.41861385644644289 3.3251502397450027E-002
0.50 3.20 12.00 0.42335442452456939 3.3198389191387269E-002

0.50 3.40 0.00 0.24582099247105874 2.9778927068309948E-002
0.50 3.40 0.40 0.45661424279559615 3.2410198922994127E-002
0.50 3.40 0.80 0.45112247293448987 3.2309016398446973E-002
0.50 3.40 1.20 0.45503512127411111 3.2393946589257726E-002
0.50 3.40 1.60 0.44990437561837016 3.2641392158300572E-002
0.50 3.40 2.00 0.45060259057011820 3.2645290094994062E-002
0.50 3.40 2.40 0.44595814996612348 3.2762622018617252E-002
0.50 3.40 2.80 0.44566788471705171 3.2533028226587483E-002
0.50 3.40 3.20 0.44581221540871618 3.2614210045853069E-002
0.50 3.40 3.60 0.44451414191148003 3.2588532876652226E-002
0.50 3.40 4.00 0.44316217751114467 3.2849130936465298E-002
0.50 3.40 4.40 0.44437042169072177 3.2955472970936484E-002
0.50 3.40 4.80 0.44071384197621899 3.2898819078658444E-002
0.50 3.40 5.20 0.44055058324836915 3.2679367084706243E-002
0.50 3.40 5.60 0.44042048944067363 3.2857251988708293E-002
0.50 3.40 6.00 0.43941175428173357 3.2967948364509586E-002
0.50 3.40 6.40 0.43586013178406624 3.3102148480369985E-002
0.50 3.40 6.80 0.43352004879706935 3.3002133459669437E-002
0.50 3.40 7.20 0.43056477161879564 3.3168632577534302E-002
0.50 3.40 7.60 0.42998274216944948 3.2970560341314153E-002
0.50 3.40 8.00 0.43114281908113605 3.2989243100433441E-002
0.50 3.40 8.40 0.43103267322620048 3.3186620863054059E-002
0.50 3.40 8.80 0.42971447316110173 3.3193212826811411E-002
0.50 3.40 9.20 0.42560878115591116 3.2855580547596651E-002
0.50 3.40 9.60 0.42615532182955046 3.3211427760983812E-002
0.50 3.40 10.00 0.42285771125686072 3.3133861531967602E-002
0.50 3.40 10.40 0.42387052900647770 3.3406300016847981E-002
0.50 3.40 10.80 0.42075786400333176 3.3281269109705400E-002
0.50 3.40 11.20 0.42248903412663819 3.3105982667030735E-002
0.50 3.40 11.60 0.41967378205096545 3.3508494458151329E-002
0.50 3.40 12.00 0.41931950963917330 3.3374513463274358E-002

0.50 3.60 0.00 0.21639975892387694 2.8330493819422081E-002
0.50 3.60 0.40 0.45551394780650040 3.2457333719431179E-002
0.50 3.60 0.80 0.45809856279089134 3.2430311300177872E-002
0.50 3.60 1.20 0.45230538093816647 3.2555866150636888E-002
0.50 3.60 1.60 0.44560240313971455 3.2482300652781917E-002
0.50 3.60 2.00 0.44848340198861036 3.2715721701113989E-002
0.50 3.60 2.40 0.44839329438651976 3.2677545588139963E-002
0.50 3.60 2.80 0.44209929224163574 3.2749754061534485E-002
0.50 3.60 3.20 0.44523341524657223 3.2691547332180104E-002
0.50 3.60 3.60 0.44447163048456140 3.2734907002552244E-002
0.50 3.60 4.00 0.43959139936247482 3.3009246688182781E-002
0.50 3.60 4.40 0.44096729001422685 3.2962889927273822E-002
0.50 3.60 4.80 0.43885667035593345 3.2767004352987565E-002
0.50 3.60 5.20 0.43961293692287196 3.2866160895637805E-002
0.50 3.60 5.60 0.43543923613489743 3.2674434395807909E-002
0.50 3.60 6.00 0.43446531995170512 3.3033231136101598E-002
0.50 3.60 6.40 0.43247865568105348 3.3053331667372045E-002
0.50 3.60 6.80 0.43450678304990770 3.2964571645176313E-002
0.50 3.60 7.20 0.43129006782482782 3.3062655968668968E-002
0.50 3.60 7.60 0.43085411444026056 3.3054106153123673E-002
0.50 3.60 8.00 0.42882506953585847 3.3040435830687789E-002
0.50 3.60 8.40 0.42931110458071797 3.3113820558298493E-002
0.50 3.60 8.80 0.42652154399814124 3.3078680005807742E-002
0.50 3.60 9.20 0.42332970134179815 3.3193840884981257E-002
0.50 3.60 9.60 0.42760187729161342 3.3198883619383487E-002
0.50 3.60 10.00 0.42180180465102035 3.3101012167174364E-002
0.50 3.60 10.40 0.42226910385672795 3.3231110401668942E-002
0.50 3.60 10.80 0.42210657545365304 3.3275845053203780E-002
0.50 3.60 11.20 0.42419545755680482 3.3276943283430699E-002
0.50 3.60 11.60 0.41478419296387503 3.3184129900244497E-002
0.50 3.60 12.00 0.42111252452618453 3.3104907625671337E-002

0.50 3.80 0.00 0.25082735221184749 2.8990229041658089E-002
0.50 3.80 0.40 0.44958678766304488 3.2453101498801325E-002
0.50 3.80 0.80 0.45407701322572391 3.2674918379817855E-002
0.50 3.80 1.20 0.44770311722495587 3.2470407778117133E-002
0.50 3.80 1.60 0.44407061753254728 3.2533658299090600E-002
0.50 3.80 2.00 0.44632604596547248 3.2705095798034628E-002
0.50 3.80 2.40 0.44098570588812913 3.2823394276633958E-002
0.50 3.80 2.80 0.44151413803681150 3.2758966507335660E-002
0.50 3.80 3.20 0.43810480147198244 3.2785171970190992E-002
0.50 3.80 3.60 0.44361120189412429 3.2844282417710882E-002
0.50 3.80 4.00 0.43218139594539762 3.2855975907400012E-002
0.50 3.80 4.40 0.43663146058063873 3.2986533291920632E-002
0.50 3.80 4.80 0.43649800834030267 3.2818639199613885E-002
0.50 3.80 5.20 0.43837807069776630 3.2971516555729503E-002
0.50 3.80 5.60 0.43571539063199188 3.3189148362391452E-002
0.50 3.80 6.00 0.43251204341573973 3.3103658059918134E-002
0.50 3.80 6.40 0.43350749167690122 3.2993334114519102E-002
0.50 3.80 6.80 0.43033615066400077 3.2922953304052045E-002
0.50 3.80 7.20 0.43412661885761522 3.3076920531555393E-002
0.50 3.80 7.60 0.42942631429297717 3.3079456431628775E-002
0.50 3.80 8.00 0.42985575818396426 3.3255331260874689E-002
0.50 3.80 8.40 0.42851314714187494 3.3304659254185583E-002
0.50 3.80 8.80 0.42819561100917058 3.3145057195145627E-002
0.50 3.80 9.20 0.42958086362623432 3.2965571539357891E-002
0.50 3.80 9.60 0.42738720456432089 3.3358260681514089E-002
0.50 3.80 10.00 0.42254289365797171 3.3154285972710702E-002
0.50 3.80 10.40 0.42478394387810858 3.3189613009262452E-002
0.50 3.80 10.80 0.42244732950337871 3.3237134433108148E-002
0.50 3.80 11.20 0.42202946089417476 3.3223672310978856E-002
0.50 3.80 11.60 0.42001064299677093 3.3351028987931249E-002
0.50 3.80 12.00 0.42111921925604345 3.3287691700540474E-002

0.50 4.00 0.00 0.27290235302415022 3.6187394206075169E-002
0.50 4.00 0.40 0.44705726514344529 3.2827672052705724E-002
0.50 4.00 0.80 0.45045857393804989 3.2476022956730105E-002
0.50 4.00 1.20 0.44624132663519722 3.2563272398662246E-002
0.50 4.00 1.60 0.44154586451900874 3.2629844560864485E-002
0.50 4.00 2.00 0.44110043051487458 3.2923024145504687E-002
0.50 4.00 2.40 0.44037349170615947 3.2828968208735793E-002
0.50 4.00 2.80 0.43809138797149361 3.2795081298113420E-002
0.50 4.00 3.20 0.43883433875872857 3.2942082328743912E-002
0.50 4.00 3.60 0.43529165318437579 3.2982687052329616E-002
0.50 4.00 4.00 0.43395789628967030 3.2843880265134573E-002
0.50 4.00 4.40 0.43548700715667482 3.2907902216723392E-002
0.50 4.00 4.80 0.43007229811631015 3.3004768237676084E-002
0.50 4.00 5.20 0.43715420564597202 3.2852352112067551E-002
0.50 4.00 5.60 0.43307529092214442 3.3174104198339861E-002
0.50 4.00 6.00 0.43262431530431700 3.3001623693937339E-002
0.50 4.00 6.40 0.43228271196857915 3.3148451592341220E-002
0.50 4.00 6.80 0.42980349847291538 3.2946034156909651E-002
0.50 4.00 7.20 0.43041013507519726 3.3083638863005076E-002
0.50 4.00 7.60 0.42928746039497712 3.3079921721040816E-002
0.50 4.00 8.00 0.42933003130326763 3.3261734276532035E-002
0.50 4.00 8.40 0.42776393820780045 3.3301271951429984E-002
0.50 4.00 8.80 0.42742955392726045 3.3038567803303082E-002
0.50 4.00 9.20 0.42702618020099214 3.3351737565387882E-002
0.50 4.00 9.60 0.42469698692569741 3.3195400680004365E-002
0.50 4.00 10.00 0.42568831349342151 3.3059526518496557E-002
0.50 4.00 10.40 0.42519656457271299 3.3190978473509755E-002
0.50 4.00 10.80 0.42002620902883531 3.3342996852827524E-002
0.50 4.00 11.20 0.42145143893725567 3.3164269272742651E-002
0.50 4.00 11.60 0.41811292017319152 3.3317960674029555E-002
0.50 4.00 12.00 0.41967989865460542 3.3347982114867086E-002

0.50 4.20 0.00 0.23799738525247563 2.9703093621457035E-002
0.50 4.20 0.40 0.44549845901819873 3.2581554704765703E-002
0.50 4.20 0.80 0.45164687779303464 3.2574217627782995E-002
0.50 4.20 1.20 0.44666108506631347 3.2779224223187263E-002
0.50 4.20 1.60 0.44228479304034457 3.2707412297076806E-002
0.50 4.20 2.00 0.43839510784680574 3.2808516291848229E-002
0.50 4.20 2.40 0.44155249073263531 3.2956487061208052E-002
0.50 4.20 2.80 0.43761215428648403 3.2856526154757620E-002
0.50 4.20 3.20 0.44039330622772288 3.2880240427182433E-002
0.50 4.20 3.60 0.43640736359809312 3.2919886873326767E-002
0.50 4.20 4.00 0.43346544909908280 3.2929555954936400E-002
0.50 4.20 4.40 0.43597245558451758 3.2976113705596506E-002
0.50 4.20 4.80 0.43108425646972381 3.2952576555249809E-002
0.50 4.20 5.20 0.42902592089733138 3.2992507159611661E-002
0.50 4.20 5.60 0.43130846091704428 3.3141071209984510E-002
0.50 4.20 6.00 0.43448400210795624 3.3096583800069850E-002
0.50 4.20 6.40 0.43195622175896159 3.3083483480764266E-002
0.50 4.20 6.80 0.42921424557222254 3.3167548686470545E-002
0.50 4.20 7.20 0.43097756809671700 3.2968131727929291E-002
0.50 4.20 7.60 0.42223771068605631 3.3053661081132599E-002
0.50 4.20 8.00 0.42907044416168949 3.3043962336267697E-002
0.50 4.20 8.40 0.42570750685033787 3.3293114643825207E-002
0.50 4.20 8.80 0.42432623349655640 3.3310711593476997E-002
0.50 4.20 9.20 0.42219637023255097 3.3164498509821672E-002
0.50 4.20 9.60 0.42761363835919763 3.3065564363202550E-002
0.50 4.20 10.00 0.42273495483311840 3.3399385117252108E-002
0.50 4.20 10.40 0.42691356462652486 3.3351119865590147E-002
0.50 4.20 10.80 0.42236488738254679 3.3153124783771561E-002
0.50 4.20 11.20 0.41814247909873092 3.3331510337107947E-002
0.50 4.20 11.60 0.42182275310247414 3.3384236645806663E-002
0.50 4.20 12.00 0.41507617299472788 3.3297300159784493E-002

0.50 4.40 0.00 0.20997757793861468 3.1827510018108109E-002
0.50 4.40 0.40 0.44464809344307471 3.2861039531273513E-002
0.50 4.40 0.80 0.44714424575282702 3.2637552927127868E-002
0.50 4.40 1.20 0.44349933091531524 3.2859384400259310E-002
0.50 4.40 1.60 0.44433246935364223 3.2882537408954679E-002
0.50 4.40 2.00 0.43814871760335911 3.2767207433554678E-002
0.50 4.40 2.40 0.44074489008342488 3.3035534757877245E-002
0.50 4.40 2.80 0.43894978287492448 3.2973465110160104E-002
0.50 4.40 3.20 0.43866129405217313 3.3100502811304507E-002
0.50 4.40 3.60 0.43580027560675028 3.3007807193079587E-002
0.50 4.40 4.00 0.43116772785861740 3.2770707372662577E-002
0.50 4.40 4.40 0.43335838262126603 3.2895885517705281E-002
0.50 4.40 4.80 0.42856690561103045 3.2858756797192128E-002
0.50 4.40 5.20 0.43126461301242414 3.3129990574891098E-002
0.50 4.40 5.60 0.43041325946321918 3.3106156763790508E-002
0.50 4.40 6.00 0.42963665249400984 3.3074641467656062E-002
0.50 4.40 6.40 0.42693519346020886 3.3048602914854834E-002
0.50 4.40 6.80 0.42858174965419005 3.3107981504256562E-002
0.50 4.40 7.20 0.42830798776345969 3.3258268829759796E-002
0.50 4.40 7.60 0.42543681725612326 3.3183318609644637E-002
0.50 4.40 8.00 0.42274271276660408 3.2979012151203552E-002
0.50 4.40 8.40 0.42313190110379451 3.3116853964414071E-002
0.50 4.40 8.80 0.42898559165082989 3.3352114415529092E-002
0.50 4.40 9.20 0.42584640583406264 3.3046480230001347E-002
0.50 4.40 9.60 0.42471575420672469 3.3378517301449598E-002
0.50 4.40 10.00 0.42487777331956333 3.3401712708099315E-002
0.50 4.40 10.40 0.42445676566735163 3.3375147620130004E-002
0.50 4.40 10.80 0.42371952018805442 3.3114740053572463E-002
0.50 4.40 11.20 0.42058166443974809 3.3218642700279126E-002
0.50 4.40 11.60 0.42101780897087854 3.3425362951983111E-002
0.50 4.40 12.00 0.42238514294050916 3.3298103566698815E-002

0.50 4.60 0.00 0.22518684413590387 3.1456373464532339E-002
0.50 4.60 0.40 0.44378535793426072 3.2617273360661364E-002
0.50 4.60 0.80 0.44876183054599678 3.2682081610764961E-002
0.50 4.60 1.20 0.44406259065091130 3.2702028732450761E-002
0.50 4.60 1.60 0.44184686702276671 3.2786547583323583E-002
0.50 4.60 2.00 0.43994250784367345 3.2793048594851638E-002
0.50 4.60 2.40 0.43170791820282350 3.2858171712769564E-002
0.50 4.60 2.80 0.43713510528190846 3.2986729175652964E-002
0.50 4.60 3.20 0.43303601842730471 3.2766952752676173E-002
0.50 4.60 3.60 0.43214702337203947 3.2953292387035940E-002
0.50 4.60 4.00 0.42741854080902825 3.3078225747125753E-002
0.50 4.60 4.40 0.43446757782505541 3.3074083195001915E-002
0.50 4.60 4.80 0.43114124414134558 3.3140838730811376E-002
0.50 4.60 5.20 0.43194373160828181 3.3327106719789390E-002
0.50 4.60 5.60 0.43202419099417977 3.3148722243065261E-002
0.50 4.60 6.00 0.42853049711005192 3.2988361226505516E-002
0.50 4.60 6.40 0.42784109854039265 3.2990519973602583E-002
0.50 4.60 6.80 0.42715192852397826 3.3264190206312709E-002
0.50 4.60 7.20 0.42486951860702948 3.3126195002223614E-002
0.50 4.60 7.60 0.42559472852926755 3.3025845686781456E-002
0.50 4.60 8.00 0.42654309052850214 3.3261234502923405E-002
0.50 4.60 8.40 0.42336955125971309 3.3143429441931729E-002
0.50 4.60 8.80 0.41946078613814891 3.3123139685233755E-002
0.50 4.60 9.20 0.42365051584863134 3.3262387954904271E-002
0.50 4.60 9.60 0.42328516600602784 3.3253398179004974E-002
0.50 4.60 10.00 0.42058611141866653 3.3423324010485020E-002
0.50 4.60 10.40 0.41984052316256915 3.3270002344731348E-002
0.50 4.60 10.80 0.42065335955720301 3.3237696478082730E-002
0.50 4.60 11.20 0.42198515343039816 3.3233061242893935E-002
0.50 4.60 11.60 0.41877355470655192 3.3135454100786089E-002
0.50 4.60 12.00 0.41972746658121823 3.3406424314658435E-002

0.50 4.80 0.00 0.23862790160160324 3.2772462659631615E-002
0.50 4.80 0.40 0.44092342454012579 3.2632980607289225E-002
0.50 4.80 0.80 0.44008625925359246 3.2622201672670902E-002
0.50 4.80 1.20 0.43948246680491099 3.2898388564573645E-002
0.50 4.80 1.60 0.44024167505510919 3.2814984339147972E-002
0.50 4.80 2.00 0.43664906445234519 3.3162325260257003E-002
0.50 4.80 2.40 0.43358315253228419 3.2979770087309693E-002
0.50 4.80 2.80 0.43109393103807037 3.2816832719469870E-002
0.50 4.80 3.20 0.42967704839501319 3.3080609240400349E-002
0.50 4.80 3.60 0.43068287060159405 3.3150002107314669E-002
0.50 4.80 4.00 0.43110685942861277 3.3171532847806259E-002
0.50 4.80 4.40 0.42447580359520509 3.2932149704607686E-002
0.50 4.80 4.80 0.42836930456868910 3.2962736823323881E-002
0.50 4.80 5.20 0.42792866094460347 3.2913580302685430E-002
0.50 4.80 5.60 0.42625776794483822 3.3153594139835277E-002
0.50 4.80 6.00 0.42581378730739072 3.3184854253387436E-002
0.50 4.80 6.40 Binary file (standard input) matches
0.50 4.80 6.80 0.42697018391131236 3.3060615543638663E-002
0.50 4.80 7.20 0.42608941842790859 3.3021627612728234E-002
0.50 4.80 7.60 0.42495744285660048 3.3215919831646082E-002
0.50 4.80 8.00 0.42032799435270596 3.3137000515253430E-002
0.50 4.80 8.40 0.42302009055910500 3.3271346694279627E-002
0.50 4.80 8.80 0.42631567779450397 3.3187486983509297E-002
0.50 4.80 9.20 0.42522188811009470 3.3336589153388753E-002
0.50 4.80 9.60 0.42458309444987580 3.3056537935905655E-002
0.50 4.80 10.00 0.42329135580396160 3.3206106193874402E-002
0.50 4.80 10.40 0.42061054496258887 3.3192479309845473E-002
0.50 4.80 10.80 0.42177595055253142 3.3257655450664711E-002
0.50 4.80 11.20 0.41494476797694430 3.3425382643798816E-002
0.50 4.80 11.60 0.41415064618943298 3.3170227953783354E-002
0.50 4.80 12.00 0.42262165943266367 3.3408883210154311E-002

0.50 5.00 0.00 0.20414906052989862 3.2307127224384238E-002
0.50 5.00 0.40 0.43890819345696946 3.2829706425885542E-002
0.50 5.00 0.80 0.44326237976386212 3.2745694628141878E-002
0.50 5.00 1.20 0.44143693743122175 3.2814962376522996E-002
0.50 5.00 1.60 0.44199861816027519 3.2940133826578663E-002
0.50 5.00 2.00 0.43328157623508512 3.2849784609882991E-002
0.50 5.00 2.40 0.43736380641332129 3.2993069955058907E-002
0.50 5.00 2.80 0.43102828096180534 3.3014739887828499E-002
0.50 5.00 3.20 0.43014791162320182 3.3070344339968895E-002
0.50 5.00 3.60 0.42751696037761955 3.3097513814289839E-002
0.50 5.00 4.00 0.43048037256315147 3.3050188051684207E-002
0.50 5.00 4.40 0.42650514432921166 3.3199940732351295E-002
0.50 5.00 4.80 0.42734622854222204 3.3003109946847228E-002
0.50 5.00 5.20 0.43174734328403475 3.3219849194258445E-002
0.50 5.00 5.60 0.42614245573911280 3.2957666252171412E-002
0.50 5.00 6.00 0.42693844251050211 3.3127934289430387E-002
0.50 5.00 6.40 0.42421987529681993 3.3082444239282652E-002
0.50 5.00 6.80 0.42431309957780439 3.2994866923183180E-002
0.50 5.00 7.20 0.42072655515176088 3.3001474803614241E-002
0.50 5.00 7.60 0.42358824524780569 3.3186149200552462E-002
0.50 5.00 8.00 0.42396061805080915 3.3154633756820678E-002
0.50 5.00 8.40 0.42507951528818289 3.3279909076974624E-002
0.50 5.00 8.80 0.42206004561428312 3.3202929231918935E-002
0.50 5.00 9.20 0.42212796335441372 3.3299602602466317E-002
0.50 5.00 9.60 0.41909173068280864 3.3087667664405698E-002
0.50 5.00 10.00 0.42014900505471464 3.3261877167821065E-002
0.50 5.00 10.40 0.41559201756041952 3.2926818724726324E-002
0.50 5.00 10.80 0.42107730136488453 3.3420096862768582E-002
0.50 5.00 11.20 0.42125840091206507 3.3236177316998426E-002
0.50 5.00 11.60 0.42177601208451360 3.3395159938934015E-002
0.50 5.00 12.00 0.42000214256809565 3.3335810353906904E-002

0.50 5.20 0.00 0.14055631226163462 2.0311772837340390E-002
0.50 5.20 0.40 0.43925125703757600 3.2825405344743687E-002
0.50 5.20 0.80 0.44029073601960533 3.2806584094949492E-002
0.50 5.20 1.20 0.43924341565900155 3.2837907645225886E-002
0.50 5.20 1.60 0.43471270870134149 3.2815334598179570E-002
0.50 5.20 2.00 0.43552282394524838 3.2859408573173148E-002
0.50 5.20 2.40 0.42984467641896912 3.2892496499691122E-002
0.50 5.20 2.80 0.43119012087367786 3.3020923271300462E-002
0.50 5.20 3.20 0.42724599253539103 3.2977820123673326E-002
0.50 5.20 3.60 0.42862797902892724 3.3210123118602490E-002
0.50 5.20 4.00 0.42840891828954392 3.3273626694836959E-002
0.50 5.20 4.40 0.42275455821920704 3.3220352315381403E-002
0.50 5.20 4.80 0.42296480302402417 3.3029691850259092E-002
0.50 5.20 5.20 0.42353199239292671 3.2978331033836600E-002
0.50 5.20 5.60 0.42537597238428937 3.3100165596765319E-002
0.50 5.20 6.00 0.42749144577079845 3.3062844903667121E-002
0.50 5.20 6.40 0.41960394123245637 3.3201728041559846E-002
0.50 5.20 6.80 0.42106523989410205 3.3203964270466686E-002
0.50 5.20 7.20 0.41997736547290121 3.3347032161260462E-002
0.50 5.20 7.60 0.42465630339398402 3.3269948371277155E-002
0.50 5.20 8.00 0.42165328371837479 3.3124851358621359E-002
0.50 5.20 8.40 0.41969287503056768 3.3025711532692667E-002
0.50 5.20 8.80 0.42195266325688818 3.3137300771387768E-002
0.50 5.20 9.20 0.42117684180426596 3.3205710597978645E-002
0.50 5.20 9.60 0.42146765684933107 3.3169196913289019E-002
0.50 5.20 10.00 0.42436033150479019 3.3574404064311787E-002
0.50 5.20 10.40 0.41725851577401174 3.3382890317080430E-002
0.50 5.20 10.80 0.41577149998268992 3.3349815697907695E-002
0.50 5.20 11.20 0.41895787214558416 3.3213031393721164E-002
0.50 5.20 11.60 0.41820342379571984 3.3339145497386202E-002
0.50 5.20 12.00 0.41891143889268234 3.3412875595131231E-002

0.50 5.40 0.00 0.23007961393211809 3.1762098869909862E-002
0.50 5.40 0.40 0.43832829421889075 3.2794596876806435E-002
0.50 5.40 0.80 0.44342963431515842 3.2990728465243729E-002
0.50 5.40 1.20 0.44003690316441613 3.3015342360189479E-002
0.50 5.40 1.60 0.43803151107114058 3.2807620343533475E-002
0.50 5.40 2.00 0.43180239017233835 3.3078589343640420E-002
0.50 5.40 2.40 0.42913845974652409 3.2864681624570520E-002
0.50 5.40 2.80 0.42989183526579638 3.2924376757978720E-002
0.50 5.40 3.20 0.42671534974367675 3.2912749103640483E-002
0.50 5.40 3.60 0.42468198491337156 3.3029662042362677E-002
0.50 5.40 4.00 0.43013007040797946 3.3064194934665891E-002
0.50 5.40 4.40 0.42391187491898136 3.3147965861628791E-002
0.50 5.40 4.80 0.42276041604868536 3.2936771386707399E-002
0.50 5.40 5.20 0.42066093228132528 3.3129614519804611E-002
0.50 5.40 5.60 0.42538007465819838 3.3315239888971511E-002
0.50 5.40 6.00 0.42316196114746341 3.3034412032540574E-002
0.50 5.40 6.40 0.42401155588432377 3.3106322872167721E-002
0.50 5.40 6.80 0.42059262529805552 3.3398587692432272E-002
0.50 5.40 7.20 0.42352079589854136 3.3083405683941629E-002
0.50 5.40 7.60 0.42191247672452814 3.3096945795458098E-002
0.50 5.40 8.00 0.42123925587125244 3.3235910301788699E-002
0.50 5.40 8.40 0.41996422055450555 3.3300659749778312E-002
0.50 5.40 8.80 0.42127011126181169 3.3367789451242483E-002
0.50 5.40 9.20 0.41911028439538744 3.3440496391378104E-002
0.50 5.40 9.60 0.42262952961810907 3.3246137853008090E-002
0.50 5.40 10.00 0.42141650899554151 3.3366923985782761E-002
0.50 5.40 10.40 0.42220633444317962 3.3314102950844283E-002
0.50 5.40 10.80 0.41288399245514212 3.3186496579133896E-002
0.50 5.40 11.20 0.41483605368268528 3.3050323094015718E-002
0.50 5.40 11.60 0.41455557930374498 3.3261097788526518E-002
0.50 5.40 12.00 0.41589507127023168 3.3452173571002476E-002

0.50 5.60 0.00 0.16316684232582407 2.5086223093327822E-002
0.50 5.60 0.40 0.43705302060456674 3.3036042857921527E-002
0.50 5.60 0.80 0.43838418391270428 3.2880841447486285E-002
0.50 5.60 1.20 0.43565511937740309 3.2739883306385109E-002
0.50 5.60 1.60 0.43247722088204393 3.3000553812132787E-002
0.50 5.60 2.00 0.43334445309688174 3.3038496676799013E-002
0.50 5.60 2.40 0.43114662528770709 3.2978894434779707E-002
0.50 5.60 2.80 0.42919125943954917 3.3145067815551578E-002
0.50 5.60 3.20 0.42685492169868222 3.2920626401642471E-002
0.50 5.60 3.60 0.42894276040707113 3.3045680533815507E-002
0.50 5.60 4.00 0.42627674268627602 3.3363614608940093E-002
0.50 5.60 4.40 0.42650490824001075 3.3180889197053046E-002
0.50 5.60 4.80 0.42818256639704311 3.3131893693654400E-002
0.50 5.60 5.20 0.42722093473501993 3.2900653554284433E-002
0.50 5.60 5.60 0.42401537146443236 3.3260465617946454E-002
0.50 5.60 6.00 0.42201245144808180 3.3035922046444961E-002
0.50 5.60 6.40 0.42142316074856323 3.3333439811135887E-002
0.50 5.60 6.80 0.42140174140667674 3.3229230239291203E-002
0.50 5.60 7.20 0.42271545551362016 3.3193156268712602E-002
0.50 5.60 7.60 0.42145680775527189 3.3219641723855026E-002
0.50 5.60 8.00 0.42041462081317638 3.3087091740896205E-002
0.50 5.60 8.40 0.42058757236931160 3.3181479791010653E-002
0.50 5.60 8.80 0.42203355415705629 3.3248738873180313E-002
0.50 5.60 9.20 0.42652505871063573 3.3460347167253560E-002
0.50 5.60 9.60 0.41868414771195483 3.3184046078406346E-002
0.50 5.60 10.00 0.41623232939461119 3.3250709980540770E-002
0.50 5.60 10.40 0.41530439560490306 3.3334392745760701E-002
0.50 5.60 10.80 0.41757121513188106 3.3291561200934787E-002
0.50 5.60 11.20 0.41699476496442828 3.3468740303940689E-002
0.50 5.60 11.60 0.41715882218918654 3.3291635367662602E-002
0.50 5.60 12.00 0.42191607123401786 3.3443228875800410E-002

0.50 5.80 0.00 0.15982443845494965 2.5890496285919610E-002
0.50 5.80 0.40 0.43121182133691488 3.2829142896089174E-002
0.50 5.80 0.80 0.44002201116467576 3.2771956708520539E-002
0.50 5.80 1.20 0.43524016727575709 3.2822737106120277E-002
0.50 5.80 1.60 0.42717474033833591 3.2932884538118629E-002
0.50 5.80 2.00 0.42823515598697703 3.2864605477354078E-002
0.50 5.80 2.40 0.43111468718632973 3.2934376482760611E-002
0.50 5.80 2.80 0.42363936961212001 3.2912891691364805E-002
0.50 5.80 3.20 0.42483710222199278 3.3114105077875662E-002
0.50 5.80 3.60 0.42641294394677809 3.2967359265122710E-002
0.50 5.80 4.00 0.42481264452179623 3.3079623695481751E-002
0.50 5.80 4.40 0.42305463745250027 3.3277952383314290E-002
0.50 5.80 4.80 0.42402303877184694 3.3021845080953308E-002
0.50 5.80 5.20 0.42323395766953265 3.3263137758947611E-002
0.50 5.80 5.60 0.42441117216655266 3.3418990338195960E-002
0.50 5.80 6.00 0.42068731448480740 3.3139350260786585E-002
0.50 5.80 6.40 0.41953550277132273 3.3130936942961681E-002
0.50 5.80 6.80 0.42071883092118345 3.3104232546298205E-002
0.50 5.80 7.20 0.41822281826365570 3.3076731647730853E-002
0.50 5.80 7.60 0.41832057049449656 3.2791249313297265E-002
0.50 5.80 8.00 0.42065842186424512 3.3382239370422416E-002
0.50 5.80 8.40 0.42195864877338646 3.3350961989444219E-002
0.50 5.80 8.80 0.41938813723180307 3.3306513773521874E-002
0.50 5.80 9.20 0.42039774972546090 3.3347807648063034E-002
0.50 5.80 9.60 0.41791673142122338 3.3409846509235050E-002
0.50 5.80 10.00 0.42174887902861535 3.3385823297373739E-002
0.50 5.80 10.40 0.41817007263198686 3.3244469363678246E-002
0.50 5.80 10.80 0.41961863382837405 3.3244549880898741E-002
0.50 5.80 11.20 0.42236251837070277 3.3232448711494653E-002
0.50 5.80 11.60 0.41111388088472928 3.3232548548754536E-002
0.50 5.80 12.00 0.41398998987518237 3.3345824708440774E-002

0.50 6.00 0.00 0.18054784796540860 2.7299548649586742E-002
0.50 6.00 0.40 0.43156738305882386 3.2931838447345395E-002
0.50 6.00 0.80 0.43427235178795220 3.2775400138173573E-002
0.50 6.00 1.20 0.43552419302104539 3.3139521227598667E-002
0.50 6.00 1.60 0.43384999524059281 3.3020203550785353E-002
0.50 6.00 2.00 0.43125854801433550 3.3232710432148788E-002
0.50 6.00 2.40 0.42747830572073359 3.3114189984425862E-002
0.50 6.00 2.80 0.42722394974780009 3.3059361395477938E-002
0.50 6.00 3.20 0.42370940346059305 3.2946904143881878E-002
0.50 6.00 3.60 0.42468347873012446 3.3143079364735914E-002
0.50 6.00 4.00 0.42074048028451150 3.3099171549881332E-002
0.50 6.00 4.40 0.42492988151056538 3.3329216134473406E-002
0.50 6.00 4.80 0.42107847261745607 3.3141419021677727E-002
0.50 6.00 5.20 0.42075246362437035 3.3219959033382748E-002
0.50 6.00 5.60 0.42394435267707442 3.3318328463189925E-002
0.50 6.00 6.00 0.42074538812236695 3.3261845396969851E-002
0.50 6.00 6.40 0.42268965561979127 3.3173116642150093E-002
0.50 6.00 6.80 0.42380932664656373 3.3217401831555735E-002
0.50 6.00 7.20 0.42248396994608950 3.3257131402995049E-002
0.50 6.00 7.60 0.41914470331226344 3.3191412280579570E-002
0.50 6.00 8.00 0.41981743790858683 3.3302096144809779E-002
0.50 6.00 8.40 0.41813103749502634 3.3220850011150285E-002
0.50 6.00 8.80 0.41887087886219943 3.3269300964038712E-002
0.50 6.00 9.20 0.41642694462378682 3.3354557592665410E-002
0.50 6.00 9.60 0.41661624980666473 3.3224411043713577E-002
0.50 6.00 10.00 0.41673460362099563 3.3222729361542427E-002
0.50 6.00 10.40 0.41741378360826148 3.3252649348261394E-002
0.50 6.00 10.80 0.41705374489642316 3.3346070696431203E-002
0.50 6.00 11.20 0.41711345131386501 3.3282448616279131E-002
0.50 6.00 11.60 0.41696598818435138 3.3345711629188791E-002
0.50 6.00 12.00 0.41638604809501290 3.3486162766299697E-002


