0.50 0.25 0.00 1.8834514159865294E-005 NaN NaN NaN
0.50 0.25 0.10 -3.5043172714219299E-003 5.4047182600818894E-003 0.48358902698355000 8.6828926806536942E-003
0.50 0.25 0.20 -1.0123840443818921E-002 4.4945188523200117E-003 0.51648412725638182 8.4760174830128803E-003
0.50 0.25 0.30
0.50 0.25 0.40 -1.6404825538354647E-002 4.0926706970554234E-003 0.52597488730503950 8.4138181392832394E-003
0.50 0.25 0.50 -2.4450032815400809E-002 4.9422051049169647E-003 0.52569930221140371 8.3927855657792115E-003
0.50 0.25 1.00 -8.2753644414424912E-002 9.3788047577072643E-003 0.49938991145944323 8.5519367838772526E-003
0.50 0.25 1.50 -0.18386576653044343 1.3052085302429624E-002 0.44525195726364419 8.9193481073149058E-003
0.50 0.25 2.00 -0.27783244199114793 1.4474130996167888E-002 0.41931080209497235 9.0818447921847921E-003
0.50 0.25 2.50 -0.34960536283829097 1.5845636717048441E-002 0.40616288794366689 9.1369081988921241E-003
0.50 0.25 3.00 -0.39818453534069281 1.7166350554001543E-002 0.39730934887208741 9.1387920447166086E-003
0.50 0.25 3.50 -0.47465510545595674 1.7303349282519222E-002 0.39326724145899905 9.1891902489151418E-003
0.50 0.25 4.00 -0.51854946041936645 1.6407928217726884E-002 0.39187870508764139 9.1562851274669659E-003
0.50 0.25 4.50 -0.54036769140242424 1.8639621689920279E-002 0.39293201925962762 9.2021108372714426E-003
0.50 0.25 5.00 -0.58136918129895054 1.7500092640886249E-002 0.39187858856287339 9.2049074241315823E-003
0.50 0.25 5.50 -0.60909585307519498 1.7614753866281280E-002 0.39044912214519145 9.1790656547068861E-003
0.50 0.25 6.00 -0.63736619057782540 1.6671003879704455E-002 0.38879095391609986 9.1946832289483606E-003
0.50 0.25 6.50 -0.67448312078254768 1.7513486336013375E-002 0.38779228745363359 9.1977300282861905E-003
0.50 0.25 7.00 -0.70370773808468168 1.8050886987503255E-002 0.39013274804158354 9.2054648723555142E-003
0.50 0.25 7.50 -0.66532318348382036 1.9047655226552218E-002 0.38916793426951635 9.1995581979100079E-003
0.50 0.25 8.00 -0.70469723457734590 1.7118067598770433E-002 0.39084243443782429 9.1997686623561132E-003
0.50 0.25 8.50 -0.71980133974168548 1.7051460385888794E-002 0.38883803141157036 9.1998940338112040E-003
0.50 0.25 9.00 -0.71797898680431305 1.6431551810981233E-002 0.38846580676282128 9.1617941238176723E-003
0.50 0.25 9.50 -0.74485413795448796 1.6513009987064304E-002 0.38923688899238151 9.1892208392277130E-003
0.50 0.25 10.00 -0.76438172006167648 1.7020164475031022E-002 0.38835030634162104 9.1715446699355777E-003
0.50 0.25 11.00 -0.75824445661189654 1.5863092239691033E-002 0.38750685078506247 9.1655574282212271E-003
0.50 0.25 12.00 -0.80533167991460874 1.4947901622795202E-002 0.38763742412392826 9.2115186439671801E-003
0.50 0.25 13.00 -0.81422253803106748 1.4762630842783977E-002 0.38696946080778921 9.2047449338925908E-003
0.50 0.25 14.00 -0.82511933898698775 1.4414889967068615E-002 0.38550609102502059 9.1982710182650518E-003
0.50 0.25 15.00 -0.83720075031649388 1.4115722438991627E-002 0.38932119395813702 9.1854564038992108E-003
0.50 0.25 16.00 -0.84463952802831133 1.3704767597983737E-002 0.39020311947316216 9.1686640882405329E-003
0.50 0.25 17.00 -0.84762374806827667 1.4206781247840855E-002 0.38586739261510805 9.2067815509113068E-003
0.50 0.25 18.00 -0.86765520974319432 1.2536322495530491E-002 0.38474017368909846 9.1482011300246871E-003
0.50 0.25 19.00 -0.87144298159964240 1.2647371684120673E-002 0.38761851066681585 9.1504750621542574E-003
0.50 0.25 20.00 -0.87304308180807633 1.2923449994987875E-002 0.38640743498436259 9.1568157422676072E-003
