0.50 0.25 0.00 0.23884880406129272 1.8217951923211732E-002
0.50 0.25 0.50 0.52125335259690286 1.6283898859629945E-002
0.50 0.25 1.00 0.49167754359087035 1.6736495213666446E-002
0.50 0.25 1.50 0.45123261507825191 1.7161469596121880E-002
0.50 0.25 2.00 0.42720108680150681 1.7386086498226278E-002
0.50 0.25 2.50 0.40941694754754182 1.7518372249992736E-002
0.50 0.25 3.00 0.40690804914730344 1.7662338161689856E-002
0.50 0.25 3.50 0.40679822437360735 1.7598011591209297E-002
0.50 0.25 4.00 0.40227002461517314 1.7700494266595132E-002
0.50 0.25 4.50 0.39938342173053509 1.7620497923285072E-002
0.50 0.25 5.00 0.40537750875182810 1.7767375335787917E-002
0.50 0.25 5.50 0.39798523073961567 1.7774743853054033E-002
0.50 0.25 6.00 0.39647931912766116 1.7646950876643978E-002
0.50 0.25 6.50 0.39698455043864239 1.7665797910550916E-002
0.50 0.25 7.00 0.39779167245188646 1.7738586289208547E-002
0.50 0.25 7.50 0.39732920520778187 1.7792120675282439E-002
0.50 0.25 8.00 0.39572589757192955 1.7730500455071661E-002
0.50 0.25 8.50 0.39355317039105475 1.7727465499953174E-002
0.50 0.25 9.00 0.39515754344369042 1.7680522512474588E-002
0.50 0.25 9.50 0.39422590865171087 1.7706571910813432E-002
0.50 0.25 10.00 0.39636447770537120 1.7687815831500558E-002
