0.50 0.25 0.00
0.50 0.25 0.50
0.50 0.25 1.00
0.50 0.25 1.50
0.50 0.25 2.00
0.50 0.25 2.50
0.50 0.25 3.00
0.50 0.25 3.50
0.50 0.25 4.00
0.50 0.25 4.50
0.50 0.25 5.00
0.50 0.25 5.50
0.50 0.25 6.00
0.50 0.25 6.50
0.50 0.25 7.00
0.50 0.25 7.50
0.50 0.25 0.00 0.54723666963047912 5.5151197641579788E-002
0.50 0.25 0.50 0.58595384305919407 5.3760378792891396E-002
0.50 0.25 1.00 0.53897348764706265 5.7630131261681615E-002
0.50 0.25 1.50 0.50076432185988851 6.0687244105049602E-002
0.50 0.25 2.00 0.48308797607872977 6.0158207577864664E-002
0.50 0.25 2.50 0.48451306043963449 5.9907187077929455E-002
0.50 0.25 3.00 0.47069757611038393 6.3037436494339794E-002
0.50 0.25 3.50 0.46867292098472724 6.2014663496412596E-002
0.50 0.25 4.00 0.46633949762488391 6.2502419462784828E-002
0.50 0.25 4.50 0.45756342162563302 6.3573649919849651E-002
0.50 0.25 5.00 0.45717712384529252 6.1593888231534499E-002
0.50 0.25 5.50 0.45249777497541765 6.2189811024729529E-002
0.50 0.25 6.00 0.45984349948548314 6.0710071580612708E-002
0.50 0.25 6.50 0.45279573542825641 6.3541102617888853E-002
0.50 0.25 7.00 0.42854136800750231 6.2065313242617638E-002
0.50 0.25 7.50 0.44273211351209862 6.1880660038808301E-002
0.50 0.25 8.00 0.44760020531677452 6.3290341916178078E-002
0.50 0.25 8.50 0.43599723405747531 6.2512528632710215E-002
0.50 0.25 9.00 0.43482738550866895 6.4112745680169669E-002
0.50 0.25 9.50 0.43654290689009378 6.6365546273206164E-002
0.50 0.25 10.00 0.44295441769768151 6.3035540133745571E-002
