0.50 0.00 0.00 0.21832381462574646 3.2460736481154585E-002
0.50 0.00 0.40 0.26729759319048318 3.4183885963714696E-002
0.50 0.00 0.80 0.28504748269506242 3.3423677576224935E-002
0.50 0.00 1.20 0.30764832463983083 3.4284752697300719E-002
0.50 0.00 1.60 0.31233811827250813 3.3707234811555457E-002
0.50 0.00 2.00 0.31773383521221288 3.3866890027357370E-002
0.50 0.00 2.40 0.32652628815312934 3.3933854916872425E-002
0.50 0.00 2.80 0.32955664964434939 3.3571663074019251E-002
0.50 0.00 3.20 0.33601377159440088 3.3698720108957990E-002
0.50 0.00 3.60 0.34194765574206831 3.4180281326718853E-002
0.50 0.00 4.00 0.35105111174495657 3.3873397580114671E-002
0.50 0.00 4.40 0.35036661680288617 3.3864331838065684E-002
0.50 0.00 4.80 0.35004323625653100 3.3613610645131742E-002
0.50 0.00 5.20 0.35388632886830473 3.3795850102124006E-002
0.50 0.00 5.60 0.36089845437128421 3.3684041915821687E-002
0.50 0.00 6.00 0.35562232311189301 3.3489613244338939E-002
0.50 0.00 6.40 0.36494537032178365 3.3870332392754249E-002
0.50 0.00 6.80 0.36634357152056612 3.3945247948763038E-002
0.50 0.00 7.20 0.37001828936579406 3.3643873825231395E-002
0.50 0.00 7.60 0.36941283405046066 3.3664784024724594E-002
0.50 0.00 8.00 0.37560241879644629 3.3744956715516548E-002
0.50 0.00 8.40 0.37673711481097427 3.3742627583494396E-002
0.50 0.00 8.80 0.37829476309212978 3.3671673515245241E-002
0.50 0.00 9.20 0.37762052376979593 3.3453719442858597E-002
0.50 0.00 9.60 0.38017611658670447 3.3919481968311606E-002
0.50 0.00 10.00 0.38040759281134612 3.3448357658336647E-002
0.50 0.00 10.40 0.38427139650833797 3.3631500610386583E-002
0.50 0.00 10.80 0.38677166284362496 3.3539406545197319E-002
0.50 0.00 11.20 0.37717035983591607 3.3462648825788081E-002
0.50 0.00 11.60 0.38431112358018205 3.3542159457246146E-002
0.50 0.00 12.00 0.38652784394276940 3.3843007633029408E-002

0.50 0.20 0.00 0.49433617884259612 3.5027936572876679E-002
0.50 0.20 0.40 0.49604387852635312 3.4050213704776823E-002
0.50 0.20 0.80 0.46903385707942896 3.4245472005587085E-002
0.50 0.20 1.20 0.44552359196508429 3.4177118483482531E-002
0.50 0.20 1.60 0.43812779470123575 3.4151052020315341E-002
0.50 0.20 2.00 0.42813635147136803 3.4383738535119106E-002
0.50 0.20 2.40 0.42727588721325266 3.4117710676872082E-002
0.50 0.20 2.80 0.41652818787349088 3.3937257867795431E-002
0.50 0.20 3.20 0.41783484168175711 3.4154713323716619E-002
0.50 0.20 3.60 0.41153067371417934 3.4109290320656432E-002
0.50 0.20 4.00 0.41174256539444576 3.3931955218523678E-002
0.50 0.20 4.40 0.40651957013043488 3.3859667012471846E-002
0.50 0.20 4.80 0.40846978046702309 3.3712601434292812E-002
0.50 0.20 5.20 0.40245293308039498 3.3599885824184467E-002
0.50 0.20 5.60 0.40378018917425351 3.3427890284057002E-002
0.50 0.20 6.00 0.40179698982598860 3.3649504404242137E-002
0.50 0.20 6.40 Binary file (standard input) matches
0.50 0.20 6.80 0.40264897839666230 3.3600285896470718E-002
0.50 0.20 7.20 0.40718941810942544 3.3427128766176005E-002
0.50 0.20 7.60 0.40945296143331644 3.3436753699810119E-002
0.50 0.20 8.00 0.40591441818582219 3.3467260790605594E-002
0.50 0.20 8.40 0.40725499014130984 3.3405164691807453E-002
0.50 0.20 8.80 0.40550303381524549 3.3338030279556854E-002
0.50 0.20 9.20 0.40753333548149229 3.3534542026118448E-002
0.50 0.20 9.60 0.40536936280733016 3.3187444671816890E-002
0.50 0.20 10.00 0.40467615243394545 3.3426298136104815E-002
0.50 0.20 10.40 0.40583965408183797 3.3337973607937124E-002
0.50 0.20 10.80 0.40783690702295655 3.3599493911844414E-002
0.50 0.20 11.20 0.40787233573276149 3.3350394268641011E-002
0.50 0.20 11.60 0.40773068448828320 3.3540156390265370E-002
0.50 0.20 12.00 0.40637052835914911 3.3384549615065241E-002

0.50 0.40 0.00 0.47258311640198986 3.2725304442496626E-002
0.50 0.40 0.40 0.50792563603499841 3.3566007055837628E-002
0.50 0.40 0.80 0.48332749611263670 3.3094099479639434E-002
0.50 0.40 1.20 0.46942897502280329 3.3139291068305383E-002
0.50 0.40 1.60 0.44951173917403808 3.3681199606019334E-002
0.50 0.40 2.00 0.44530860484886131 3.3544926075808716E-002
0.50 0.40 2.40 0.44069890574122239 3.4120095338306608E-002
0.50 0.40 2.80 0.43607924011882437 3.3865254146621684E-002
0.50 0.40 3.20 0.43124345403529818 3.3794922607825524E-002
0.50 0.40 3.60 0.42996083329603357 3.4137707285123428E-002
0.50 0.40 4.00 0.42663754037689616 3.3862333293877965E-002
0.50 0.40 4.40 0.42600438909769006 3.3913157256123962E-002
0.50 0.40 4.80 0.42086012879762330 3.3830963745536125E-002
0.50 0.40 5.20 0.42282493289171946 3.3795085260629361E-002
0.50 0.40 5.60 0.42060362474155583 3.3613772069617520E-002
0.50 0.40 6.00 0.41837815619304430 3.3554642914125278E-002
0.50 0.40 6.40 0.42260056087031372 3.3429986566558705E-002
0.50 0.40 6.80 0.42299176160343810 3.3512174314160585E-002
0.50 0.40 7.20 0.41697902354683042 3.3291211131516847E-002
0.50 0.40 7.60 0.42239604775300005 3.3526802387035197E-002
0.50 0.40 8.00 0.42548614945944208 3.3561238291993950E-002
0.50 0.40 8.40 0.42184146660333283 3.3397686960215764E-002
0.50 0.40 8.80 0.42032818020568702 3.3556125506428808E-002
0.50 0.40 9.20 0.42125631816136427 3.3415188317826271E-002
0.50 0.40 9.60 0.42218767204540464 3.3562208778162780E-002
0.50 0.40 10.00 0.41777913429727687 3.3431936246125137E-002
0.50 0.40 10.40 0.41546623514870867 3.3389240425972778E-002
0.50 0.40 10.80 0.41899327068036485 3.3596854556676603E-002
0.50 0.40 11.20 0.41865879028197017 3.3369151702716211E-002
0.50 0.40 11.60 0.42067152632614269 3.3413738844913957E-002
0.50 0.40 12.00 0.41795568464128302 3.3098511953653181E-002

0.50 0.60 0.00 0.43546546958976773 3.7180627046918581E-002
0.50 0.60 0.40 0.50385945686933553 3.2994464681388072E-002
0.50 0.60 0.80 0.49793333467137602 3.2703740222068269E-002
0.50 0.60 1.20 0.47440504473283118 3.2961258105581252E-002
0.50 0.60 1.60 0.46555045863164268 3.3369876755224112E-002
0.50 0.60 2.00 0.45531491147361330 3.3782826040353570E-002
0.50 0.60 2.40 0.44276756032051229 3.3656332710904048E-002
0.50 0.60 2.80 0.44455604438799379 3.3703468855952469E-002
0.50 0.60 3.20 0.43870102098445829 3.3823117685637859E-002
0.50 0.60 3.60 0.43567351795545317 3.3847440494227873E-002
0.50 0.60 4.00 0.43928614037069413 3.3985058426881841E-002
0.50 0.60 4.40 0.42947443204607583 3.3714603974907421E-002
0.50 0.60 4.80 0.43649562453758362 3.3843266028462077E-002
0.50 0.60 5.20 0.43582403423697436 3.4036647104461061E-002
0.50 0.60 5.60 0.42885556406905340 3.3793287013095342E-002
0.50 0.60 6.00 0.43126957500490704 3.3682884869970987E-002
0.50 0.60 6.40 0.43396861952786880 3.3617392251798890E-002
0.50 0.60 6.80 0.42948731599050421 3.3576182995807342E-002
0.50 0.60 7.20 0.43376567464935212 3.3653196235122307E-002
0.50 0.60 7.60 0.42619586696718958 3.3454170264863102E-002
0.50 0.60 8.00 0.42915522645348841 3.3544010178681492E-002
0.50 0.60 8.40 0.42708448905730656 3.3725689721568197E-002
0.50 0.60 8.80 0.43195676628724888 3.3590871759928788E-002
0.50 0.60 9.20 0.43020156641199758 3.3640171230369116E-002
0.50 0.60 9.60 0.42379205929646374 3.3200473944582587E-002
0.50 0.60 10.00 0.42506611461384375 3.3337133367037822E-002
0.50 0.60 10.40 0.42632182489236020 3.3398879297172682E-002
0.50 0.60 10.80 0.41960360939666830 3.3349197279383375E-002
0.50 0.60 11.20 0.42630721207884070 3.3926923817225521E-002
0.50 0.60 11.60 0.42495678604677478 3.3361047769433737E-002
0.50 0.60 12.00 0.42807122681799975 3.3474813281263373E-002

0.50 0.80 0.00 0.39025190369453699 3.5065792128678323E-002
0.50 0.80 0.40 0.49214405681873313 3.3152614307972811E-002
0.50 0.80 0.80 0.48997261002748510 3.2977793907678382E-002
0.50 0.80 1.20 0.47678440365657926 3.3116057789916768E-002
0.50 0.80 1.60 0.46396518778956830 3.3376744315571825E-002
0.50 0.80 2.00 0.45800827086181145 3.3612712698239497E-002
0.50 0.80 2.40 0.45221304493819120 3.3677589111133784E-002
0.50 0.80 2.80 0.44576846549418103 3.3714020295793179E-002
0.50 0.80 3.20 0.44072043048360132 3.3715696948892981E-002
0.50 0.80 3.60 0.44010258674376146 3.3845838611034372E-002
0.50 0.80 4.00 0.43377476220959643 3.3737660305229025E-002
0.50 0.80 4.40 0.44020794589088724 3.3535366270946061E-002
0.50 0.80 4.80 0.43096499903245594 3.3768159673167951E-002
0.50 0.80 5.20 0.43381209468180071 3.3760673407970260E-002
0.50 0.80 5.60 0.43558629865843618 3.3801839459793752E-002
0.50 0.80 6.00 0.43731234207409103 3.3932828049629916E-002
0.50 0.80 6.40 0.43089350117463254 3.3705942203998383E-002
0.50 0.80 6.80 0.43920295327623393 3.3604371938607477E-002
0.50 0.80 7.20 0.42957200046330063 3.3574548348272906E-002
0.50 0.80 7.60 0.43316554268989221 3.3646988562869851E-002
0.50 0.80 8.00 0.42621926905287183 3.3724406918576505E-002
0.50 0.80 8.40 0.42983464303256247 3.3764084180091525E-002
0.50 0.80 8.80 0.43380945519637831 3.3396653631118649E-002
0.50 0.80 9.20 0.43214179171488432 3.3680095059979744E-002
0.50 0.80 9.60 0.42469326342424996 3.3660183085663598E-002
0.50 0.80 10.00 0.42573788011061459 3.3560710816982815E-002
0.50 0.80 10.40 0.42728927695302826 3.3646468266870740E-002
0.50 0.80 10.80 0.42883825878731530 3.3643943628097354E-002
0.50 0.80 11.20 0.42419880762694084 3.3629616794595987E-002
0.50 0.80 11.60 0.42143183131954343 3.3853327342643083E-002
0.50 0.80 12.00 0.42836003010263868 3.3656090802248011E-002

0.50 1.00 0.00 0.31514358349889793 3.5133581134423664E-002
0.50 1.00 0.40 0.45431699921882734 3.3392956314572335E-002
0.50 1.00 0.80 0.47010672587608981 3.3007029386548883E-002
0.50 1.00 1.20 0.46826156931433677 3.3129888234296342E-002
0.50 1.00 1.60 0.46700288517492633 3.3355602297899835E-002
0.50 1.00 2.00 0.46326709370693314 3.3337627359603661E-002
0.50 1.00 2.40 0.45519053277167537 3.3513695330497112E-002
0.50 1.00 2.80 0.44367277908882252 3.3629857602237231E-002
0.50 1.00 3.20 0.44580150620735737 3.3698293272724979E-002
0.50 1.00 3.60 0.43832599934794370 3.3637588860409344E-002
0.50 1.00 4.00 0.43694413530763354 3.3975294748421751E-002
0.50 1.00 4.40 0.43697856964001247 3.3557761000553035E-002
0.50 1.00 4.80 0.43779879034634667 3.3572889750439511E-002
0.50 1.00 5.20 0.43657172175482584 3.3743010717505760E-002
0.50 1.00 5.60 0.44005727698254243 3.3647877500253096E-002
0.50 1.00 6.00 0.43000968215538282 3.3480091878800453E-002
0.50 1.00 6.40 0.42775487274191820 3.3537722535394394E-002
0.50 1.00 6.80 0.43484625967551349 3.3832571092867678E-002
0.50 1.00 7.20 0.43052407782294982 3.3557983925004316E-002
0.50 1.00 7.60 0.43088497712072593 3.3842360290769848E-002
0.50 1.00 8.00 0.42489872924749827 3.3489948969490403E-002
0.50 1.00 8.40 0.42749682552865176 3.3631534598227958E-002
0.50 1.00 8.80 0.42725547272342768 3.3687776859353480E-002
0.50 1.00 9.20 0.42872529684989102 3.3797215643460964E-002
0.50 1.00 9.60 0.42591305256429707 3.3545090096629364E-002
0.50 1.00 10.00 0.42586314876919990 3.3689652048602331E-002
0.50 1.00 10.40 0.42292007463831638 3.3431442569996112E-002
0.50 1.00 10.80 0.42535235904932839 3.3514923107175493E-002
0.50 1.00 11.20 0.42485588422432119 3.3695148040716064E-002
0.50 1.00 11.60 0.42388857142836611 3.3377555053744713E-002
0.50 1.00 12.00 0.42621835763034727 3.3491034602335434E-002

0.50 1.20 0.00 0.27137292811796854 3.0478552287879594E-002
0.50 1.20 0.40 0.43681777609262190 3.3117406538212969E-002
0.50 1.20 0.80 0.46219263239345187 3.3210463304080153E-002
0.50 1.20 1.20 0.46893600393048596 3.3178472786846672E-002
0.50 1.20 1.60 0.47192658556231598 3.3484726486535145E-002
0.50 1.20 2.00 0.46457420035165764 3.3400584973654737E-002
0.50 1.20 2.40 0.45492765244756506 3.3382071919231981E-002
0.50 1.20 2.80 0.45470486808179916 3.3557680085847974E-002
0.50 1.20 3.20 0.44863385481413953 3.3364577167984369E-002
0.50 1.20 3.60 0.44552770311740747 3.3416775493077477E-002
0.50 1.20 4.00 0.44453551491697940 3.3298529619808045E-002
0.50 1.20 4.40 0.44371923612173580 3.3637169519315939E-002
0.50 1.20 4.80 0.43496928600837992 3.3583608422230710E-002
0.50 1.20 5.20 0.43248540936661978 3.3094534605452523E-002
0.50 1.20 5.60 0.43601447683099392 3.3610193329405437E-002
0.50 1.20 6.00 0.43743729741561266 3.3672487159859509E-002
0.50 1.20 6.40 0.43373480333481718 3.3573411942539592E-002
0.50 1.20 6.80 0.43688270121473644 3.3717276520630071E-002
0.50 1.20 7.20 0.43067950634212304 3.3674693633783143E-002
0.50 1.20 7.60 0.42878679521946006 3.3695905039438666E-002
0.50 1.20 8.00 0.43197691191950199 3.3495852585978203E-002
0.50 1.20 8.40 0.42774327150947800 3.3567629048685869E-002
0.50 1.20 8.80 0.42745179843180736 3.3477630311282813E-002
0.50 1.20 9.20 0.43274306062264545 3.3421384539925943E-002
0.50 1.20 9.60 0.42898116724651708 3.3656765510642207E-002
0.50 1.20 10.00 0.42413279443493862 3.3573034851325088E-002
0.50 1.20 10.40 0.42666526290462137 3.3449894053222524E-002
0.50 1.20 10.80 0.42672224191926589 3.3609598909037156E-002
0.50 1.20 11.20 0.41965276145801989 3.3408448703777502E-002
0.50 1.20 11.60 0.42257572890528178 3.3548975466233401E-002
0.50 1.20 12.00 0.42614336888803406 3.3506608557709726E-002

0.50 1.40 0.00 0.24818665157945938 3.3271491133781292E-002
0.50 1.40 0.40 0.44335654085993526 3.3355029489599050E-002
0.50 1.40 0.80 0.45701013462049306 3.3027371590610782E-002
0.50 1.40 1.20 0.46681476204081263 3.2956252663536308E-002
0.50 1.40 1.60 0.46969304790097688 3.3169182851198138E-002
0.50 1.40 2.00 0.46667112320799076 3.3323104211841835E-002
0.50 1.40 2.40 0.45704361210388933 3.3356012339657598E-002
0.50 1.40 2.80 0.45733476879964802 3.3466050118871028E-002
0.50 1.40 3.20 0.45258797938219758 3.3619382726737194E-002
0.50 1.40 3.60 0.44687861024276743 3.3448400759519790E-002
0.50 1.40 4.00 0.44798385749637504 3.3552823247273371E-002
0.50 1.40 4.40 0.43834803430861297 3.3444879510275624E-002
0.50 1.40 4.80 0.43826180142829269 3.3592841283063272E-002
0.50 1.40 5.20 0.43861169499218378 3.3487249831976151E-002
0.50 1.40 5.60 0.43886468697081993 3.3207910844963780E-002
0.50 1.40 6.00 0.43264485760383797 3.3709696870793573E-002
0.50 1.40 6.40 0.43391083348490661 3.3478158252225866E-002
0.50 1.40 6.80 0.43038209405331884 3.3505576285935888E-002
0.50 1.40 7.20 0.43201200026841757 3.3645831987130795E-002
0.50 1.40 7.60 0.43616936595021472 3.3505737244436465E-002
0.50 1.40 8.00 0.42690278460239994 3.3644768517809710E-002
0.50 1.40 8.40 0.42646839517496166 3.3491359805378998E-002
0.50 1.40 8.80 0.43181996711207998 3.3497712788549253E-002
0.50 1.40 9.20 0.42367297447973956 3.3458689994810734E-002
0.50 1.40 9.60 0.42503862423933586 3.3370251469948396E-002
0.50 1.40 10.00 0.42367462659104493 3.3317763088017857E-002
0.50 1.40 10.40 0.42547964620450368 3.3668678176224195E-002
0.50 1.40 10.80 0.42371485240600454 3.3571290818859623E-002
0.50 1.40 11.20 0.42239064248495206 3.3419135510872486E-002
0.50 1.40 11.60 0.42469198427191496 3.3748507434815465E-002
0.50 1.40 12.00 0.42144677603807734 3.3340961822164387E-002

0.50 1.60 0.00 0.26750558035452748 3.0507002193820285E-002
0.50 1.60 0.40 0.45064924781240245 3.3178845323707067E-002
0.50 1.60 0.80 0.45308786844005244 3.2994839542178543E-002
0.50 1.60 1.20 0.45922325167323058 3.2960792849633581E-002
0.50 1.60 1.60 0.45846311993634226 3.2894066163682352E-002
0.50 1.60 2.00 0.45780795699128873 3.3002451014441554E-002
0.50 1.60 2.40 0.45594969478628844 3.3193789107145731E-002
0.50 1.60 2.80 0.45139573192429694 3.3240191420033136E-002
0.50 1.60 3.20 0.45199762333993354 3.3201165802604585E-002
0.50 1.60 3.60 0.44606396947391724 3.3267718814325623E-002
0.50 1.60 4.00 0.43951696139949037 3.3187588189981798E-002
0.50 1.60 4.40 0.44493965585354162 3.3206065456875579E-002
0.50 1.60 4.80 0.43450052398314964 3.3275184398794580E-002
0.50 1.60 5.20 0.43467154016519094 3.3396825872221078E-002
0.50 1.60 5.60 0.44182124447622007 3.3495401939471654E-002
0.50 1.60 6.00 0.43175720215043978 3.3259140086240702E-002
0.50 1.60 6.40 0.43609888973299810 3.3396835800122371E-002
0.50 1.60 6.80 0.43104737474886834 3.3667000020032548E-002
0.50 1.60 7.20 0.43269930174659105 3.3388624508292289E-002
0.50 1.60 7.60 0.43080790841470540 3.3689721056426550E-002
0.50 1.60 8.00 0.42862259724550855 3.3509780921918225E-002
0.50 1.60 8.40 0.42443242379524737 3.3331612438676751E-002
0.50 1.60 8.80 0.42130311766753215 3.3459457247804900E-002
0.50 1.60 9.20 0.42844446131779279 3.3437770046918301E-002
0.50 1.60 9.60 0.42527629491764946 3.3556270694073215E-002
0.50 1.60 10.00 0.42515144820738476 3.3532746905535649E-002
0.50 1.60 10.40 0.42417013826725425 3.3365101329915409E-002
0.50 1.60 10.80 0.42412876264337190 3.3597828239190178E-002
0.50 1.60 11.20 0.41741335050133477 3.3434535162862815E-002
0.50 1.60 11.60 0.41846810512814636 3.3322021929241351E-002
0.50 1.60 12.00 0.42266132483200047 3.3475763060040735E-002

0.50 1.80 0.00 0.32588080545515624 3.8463900301810766E-002
0.50 1.80 0.40 0.45428186103830753 3.2708008022779012E-002
0.50 1.80 0.80 0.45559964666781561 3.2782436188651835E-002
0.50 1.80 1.20 0.45767525594217817 3.2686526759078065E-002
0.50 1.80 1.60 0.45730752478792258 3.2660143056576905E-002
0.50 1.80 2.00 0.45679409239224222 3.2876477274637474E-002
0.50 1.80 2.40 0.45897681838911070 3.3147442559210809E-002
0.50 1.80 2.80 0.45164560657766362 3.2995128753278875E-002
0.50 1.80 3.20 0.45197112222508995 3.3139375649376628E-002
0.50 1.80 3.60 0.45073769036520001 3.3077846580112959E-002
0.50 1.80 4.00 0.44536194260182826 3.3267151829713057E-002
0.50 1.80 4.40 0.44998991795011367 3.3326439405528693E-002
0.50 1.80 4.80 0.43577747121599025 3.3555859219934772E-002
0.50 1.80 5.20 0.43867758677026680 3.3208020475709567E-002
0.50 1.80 5.60 0.43621388860274546 3.3684025508320989E-002
0.50 1.80 6.00 0.43808113056762055 3.3544557895716469E-002
0.50 1.80 6.40 0.43516227690920523 3.3489312073623129E-002
0.50 1.80 6.80 0.43828862527488521 3.3527085844691808E-002
0.50 1.80 7.20 0.42859063566718331 3.3437509657673566E-002
0.50 1.80 7.60 0.43188496705955759 3.3510923036122159E-002
0.50 1.80 8.00 0.43460766954923458 3.3433113930561489E-002
0.50 1.80 8.40 0.42640954516014562 3.3527299121608678E-002
0.50 1.80 8.80 0.42842133984310404 3.3709475273618617E-002
0.50 1.80 9.20 0.42447820025353417 3.3637770561741165E-002
0.50 1.80 9.60 0.42484855159697588 3.3526570853069010E-002
0.50 1.80 10.00 0.42862141655533642 3.3411012378967771E-002
0.50 1.80 10.40 0.42212918668942001 3.3636988691379495E-002
0.50 1.80 10.80 0.41966746022005952 3.3327487513325670E-002
0.50 1.80 11.20 0.42832592408532966 3.3333213728243868E-002
0.50 1.80 11.60 0.42332912765735581 3.3493702641800224E-002
0.50 1.80 12.00 0.42678717749093814 3.3426749578402769E-002

0.50 2.00 0.00 0.29914383642168713 3.2621120878980649E-002
0.50 2.00 0.40 0.43617967951176972 3.2042163296971606E-002
0.50 2.00 0.80 0.45231314933035033 3.2220521763021592E-002
0.50 2.00 1.20 0.45526500704354744 3.2277337816830190E-002
0.50 2.00 1.60 0.45497929898522183 3.2239285477666350E-002
0.50 2.00 2.00 0.45671704990315687 3.2610881830823328E-002
0.50 2.00 2.40 0.45525640422439190 3.2745998598753788E-002
0.50 2.00 2.80 0.44780941008346237 3.2912441588407920E-002
0.50 2.00 3.20 0.45098170462760329 3.2980126709233656E-002
0.50 2.00 3.60 0.44955978225384213 3.3055892953781842E-002
0.50 2.00 4.00 0.44959068417608761 3.3028391234018975E-002
0.50 2.00 4.40 0.44171887782047292 3.3183464625962521E-002
0.50 2.00 4.80 0.43801138523636601 3.3376274104530583E-002
0.50 2.00 5.20 0.43751305203264945 3.3214384991388811E-002
0.50 2.00 5.60 0.43953646448456735 3.3418320478533020E-002
0.50 2.00 6.00 0.43240105958794822 3.3405207764308546E-002
0.50 2.00 6.40 0.44074620050128016 3.3349060285015573E-002
0.50 2.00 6.80 0.43638980579648046 3.3633247597793070E-002
0.50 2.00 7.20 0.43045452565326975 3.3491830304930977E-002
0.50 2.00 7.60 0.42948296804415576 3.3473265397798609E-002
0.50 2.00 8.00 0.43114271628558337 3.3621485101846538E-002
0.50 2.00 8.40 0.42737650680709838 3.3449974677851387E-002
0.50 2.00 8.80 0.42847442364678645 3.3456694598422237E-002
0.50 2.00 9.20 0.42744735787213883 3.3742538573875408E-002
0.50 2.00 9.60 0.41877164546149731 3.3440115396538052E-002
0.50 2.00 10.00 0.42822509316693075 3.3468010640027412E-002
0.50 2.00 10.40 0.42382710678770430 3.3561692574705614E-002
0.50 2.00 10.80 0.42615043508246692 3.3608200748823071E-002
0.50 2.00 11.20 0.42834120527861830 3.3601895617405717E-002
0.50 2.00 11.60 0.42524197549630760 3.3688468741039861E-002
0.50 2.00 12.00 0.42009215130643235 3.3509306770815789E-002

0.50 2.20 0.00 0.26858675990355713 3.3094815708473627E-002
0.50 2.20 0.40 0.43219031731126600 3.1737957469599933E-002
0.50 2.20 0.80 0.45344636083026202 3.1956682949644794E-002
0.50 2.20 1.20 0.45110530189229897 3.1960603118610917E-002
0.50 2.20 1.60 0.45427140319013670 3.1936920347451617E-002
0.50 2.20 2.00 0.45376106351040590 3.2175483521636156E-002
0.50 2.20 2.40 0.44664881049863503 3.2524118699979836E-002
0.50 2.20 2.80 0.44905776256845015 3.2405020245299142E-002
0.50 2.20 3.20 0.44650728743003532 3.2883620425415684E-002
0.50 2.20 3.60 0.44344039989966538 3.2959718375338877E-002
0.50 2.20 4.00 0.44199284002939232 3.3162862983098541E-002
0.50 2.20 4.40 0.44026505846437114 3.2923900094854783E-002
0.50 2.20 4.80 0.44278219489671733 3.3138044093938883E-002
0.50 2.20 5.20 0.43495651230716231 3.3303264570429522E-002
0.50 2.20 5.60 0.43562550189559363 3.3555341350802376E-002
0.50 2.20 6.00 0.43286991670449526 3.3274867970792738E-002
0.50 2.20 6.40 0.43661254959166101 3.3299915802834631E-002
0.50 2.20 6.80 0.43091781988729994 3.3747001628567606E-002
0.50 2.20 7.20 0.43072379153259438 3.3357302042957414E-002
0.50 2.20 7.60 0.42736196871027959 3.3427760437514595E-002
0.50 2.20 8.00 0.42902292678013609 3.3474248231401091E-002
0.50 2.20 8.40 0.43039942539542081 3.3243275387547788E-002
0.50 2.20 8.80 0.42165025258014205 3.3422310585424414E-002
0.50 2.20 9.20 0.42397786364641388 3.3428028573849959E-002
0.50 2.20 9.60 0.42539348242692798 3.3540036897671203E-002
0.50 2.20 10.00 0.42745275042328246 3.3364466142917451E-002
0.50 2.20 10.40 0.42590923849251033 3.3447302702935632E-002
0.50 2.20 10.80 0.42591603121814919 3.3339965797003969E-002
0.50 2.20 11.20 0.42315780474788617 3.3469229508103139E-002
0.50 2.20 11.60 0.42715649548184170 3.3488584020214207E-002
0.50 2.20 12.00 0.41851918227535689 3.3332373833607189E-002

0.50 2.40 0.00 0.28005474783279294 3.3196087026692321E-002
0.50 2.40 0.40 0.41916369383705920 3.1798265867639133E-002
0.50 2.40 0.80 0.44085351875595935 3.1448755242037454E-002
0.50 2.40 1.20 0.44900899034100777 3.1838393556867954E-002
0.50 2.40 1.60 0.45056422339703239 3.2141522046906630E-002
0.50 2.40 2.00 0.45083703087318511 3.2123809213263264E-002
0.50 2.40 2.40 0.44868743894499480 3.2432072502316729E-002
0.50 2.40 2.80 0.44733059573101625 3.2718638277394081E-002
0.50 2.40 3.20 0.44111284089424768 3.2742980002121211E-002
0.50 2.40 3.60 0.43952531610943424 3.2827185363741851E-002
0.50 2.40 4.00 0.44198725038150499 3.2853905360831291E-002
0.50 2.40 4.40 0.44052505866631392 3.2981876868166587E-002
0.50 2.40 4.80 0.43856230664424622 3.3163166372199751E-002
0.50 2.40 5.20 0.43658317565223531 3.3282926524878388E-002
0.50 2.40 5.60 0.43547808205190525 3.3406348758297857E-002
0.50 2.40 6.00 0.43399288425052240 3.3237830978333972E-002
0.50 2.40 6.40 0.43241615413135082 3.3360429562246885E-002
0.50 2.40 6.80 0.42867651244679611 3.3473894033601494E-002
0.50 2.40 7.20 0.42904560347266657 3.3560696812363074E-002
0.50 2.40 7.60 0.42931464277939274 3.3427664336509615E-002
0.50 2.40 8.00 0.42518807731859098 3.3523088269924811E-002
0.50 2.40 8.40 0.42593686910086265 3.3386958906879260E-002
0.50 2.40 8.80 0.42093627172414977 3.3325254284882096E-002
0.50 2.40 9.20 0.42196895788816874 3.3619020408071555E-002
0.50 2.40 9.60 0.42684066044681723 3.3609831819304152E-002
0.50 2.40 10.00 0.42261260937908773 3.3503282856106972E-002
0.50 2.40 10.40 0.42034840659532058 3.3418691476337026E-002
0.50 2.40 10.80 0.41982264622715010 3.3603321686758815E-002
0.50 2.40 11.20 0.42201565866891422 3.3531909604272721E-002
0.50 2.40 11.60 0.42014382299728253 3.3318685842812834E-002
0.50 2.40 12.00 0.42246172109157210 3.3649351252448313E-002

0.50 2.60 0.00 0.29158307991147547 3.3381765269138497E-002
0.50 2.60 0.40 0.42757956450614393 3.1174377580596043E-002
0.50 2.60 0.80 0.44259384153591996 3.1167150116290867E-002
0.50 2.60 1.20 0.44242085932273689 3.1709624304894900E-002
0.50 2.60 1.60 0.44614537761232215 3.1818281486225411E-002
0.50 2.60 2.00 0.44352897685276582 3.2226962774448441E-002
0.50 2.60 2.40 0.44252262779705875 3.2529992377338009E-002
0.50 2.60 2.80 0.44397984096489440 3.2649200785836330E-002
0.50 2.60 3.20 0.44057096346330515 3.2737098323921084E-002
0.50 2.60 3.60 0.44299270720161410 3.2765028855556481E-002
0.50 2.60 4.00 0.43995443166526221 3.2776046154186729E-002
0.50 2.60 4.40 0.43775968224014744 3.2947081708241802E-002
0.50 2.60 4.80 0.43395729052692716 3.3107722729682501E-002
0.50 2.60 5.20 0.43255434733826120 3.2928160702455384E-002
0.50 2.60 5.60 0.43059790950329691 3.2977391914252210E-002
0.50 2.60 6.00 0.43153565781618369 3.3240749229595828E-002
0.50 2.60 6.40 0.42988109674247427 3.3456435054418546E-002
0.50 2.60 6.80 0.43171387021871344 3.3244209428160129E-002
0.50 2.60 7.20 0.42577996746387781 3.3282425391575582E-002
0.50 2.60 7.60 0.42562871752503095 3.3356063120547959E-002
0.50 2.60 8.00 0.42224574976356671 3.3372257633980162E-002
0.50 2.60 8.40 0.42435701708665674 3.3471676559458173E-002
0.50 2.60 8.80 0.42443373508237758 3.3354868503860297E-002
0.50 2.60 9.20 0.42038958855602238 3.3385547970955082E-002
0.50 2.60 9.60 0.42513698861177807 3.3617958789581508E-002
0.50 2.60 10.00 0.42354479531493494 3.3444306127902695E-002
0.50 2.60 10.40 0.42388614093414539 3.3574467029367693E-002
0.50 2.60 10.80 0.42005961579432016 3.3378141638609769E-002
0.50 2.60 11.20 0.41638116750475351 3.3273616070021758E-002
0.50 2.60 11.60 0.42177002382011936 3.3563799908782062E-002
0.50 2.60 12.00 0.42047038518424384 3.3272433554133334E-002

0.50 2.80 0.00 0.24695997926590002 2.9065967566063739E-002
0.50 2.80 0.40 0.41725904009541226 3.2160138665755109E-002
0.50 2.80 0.80 0.44553454733232795 3.2536427775899594E-002
0.50 2.80 1.20 0.44747803607524245 3.2729648235213425E-002
0.50 2.80 1.60 0.45053627788677575 3.2518267783856671E-002
0.50 2.80 2.00 0.44672812311809745 3.2683821408168216E-002
0.50 2.80 2.40 0.44286589823179734 3.2377410982469081E-002
0.50 2.80 2.80 0.44006843205489377 3.2809026481517616E-002
0.50 2.80 3.20 0.44117068609303961 3.2876328960228310E-002
0.50 2.80 3.60 0.44344770498216607 3.2695166923306949E-002
0.50 2.80 4.00 0.44301151288543988 3.3018934744408458E-002
0.50 2.80 4.40 0.44131524890834078 3.3099754775531849E-002
0.50 2.80 4.80 0.44194428429918142 3.3075998520168716E-002
0.50 2.80 5.20 0.43489183056418373 3.3101368314306288E-002
0.50 2.80 5.60 0.43554062774869634 3.3077650897847692E-002
0.50 2.80 6.00 0.43397053585416351 3.3410280245910390E-002
0.50 2.80 6.40 0.43536579105879464 3.3604031683772226E-002
0.50 2.80 6.80 0.43044083045861947 3.3242691692433546E-002
0.50 2.80 7.20 0.42780101856155134 3.3464280077796317E-002
0.50 2.80 7.60 0.43095187297113491 3.3290544067719717E-002
0.50 2.80 8.00 0.42886266676029283 3.3407630046598510E-002
0.50 2.80 8.40 0.42783769339416883 3.3656394507052691E-002
0.50 2.80 8.80 0.42209701714963421 3.3249624139739142E-002
0.50 2.80 9.20 0.42900893038694143 3.3495290546621696E-002
0.50 2.80 9.60 0.42627527160040557 3.3455662814822991E-002
0.50 2.80 10.00 0.42628491081014824 3.3508098474935570E-002
0.50 2.80 10.40 0.42067516174514613 3.3429464817917663E-002
0.50 2.80 10.80 0.41802194896645134 3.3435660103962539E-002
0.50 2.80 11.20 Binary file (standard input) matches
0.50 2.80 11.60 0.42401089659956248 3.3398448483011364E-002
0.50 2.80 12.00 0.42248956683949829 3.3671507821543253E-002

0.50 3.00 0.00 0.23091860273489356 3.2839307976956882E-002
0.50 3.00 0.40 0.39768433402911257 3.1072690712842743E-002
0.50 3.00 0.80 0.42047068557369915 3.1168194033451557E-002
0.50 3.00 1.20 0.43077043057697129 3.1438099720981896E-002
0.50 3.00 1.60 0.43716293310536081 3.2017797463551968E-002
0.50 3.00 2.00 0.43686675854223944 3.2178199315803367E-002
0.50 3.00 2.40 0.43573674819952740 3.2353833383886949E-002
0.50 3.00 2.80 0.43997464429038907 3.2843374059540402E-002
0.50 3.00 3.20 0.43843278096796745 3.2642129868498147E-002
0.50 3.00 3.60 0.43969024579483112 3.2935144704083180E-002
0.50 3.00 4.00 0.43941069479008438 3.2876554399212526E-002
0.50 3.00 4.40 0.43771990192077609 3.3000760945934793E-002
0.50 3.00 4.80 0.43898951465316011 3.3348990742053532E-002
0.50 3.00 5.20 0.43347666892029146 3.3202025460097290E-002
0.50 3.00 5.60 0.43724773471559358 3.3473403253297875E-002
0.50 3.00 6.00 0.42882214944869446 3.3280532849700534E-002
0.50 3.00 6.40 0.43039429647720462 3.3402164360925017E-002
0.50 3.00 6.80 0.43039256452300823 3.3477993174872600E-002
0.50 3.00 7.20 0.42832158792873598 3.3575617726454503E-002
0.50 3.00 7.60 0.42628309711690565 3.3468212653228031E-002
0.50 3.00 8.00 0.42699413505816014 3.3527850381470208E-002
0.50 3.00 8.40 0.42620903906382140 3.3543929669257774E-002
0.50 3.00 8.80 0.42220786230779561 3.3533913894934660E-002
0.50 3.00 9.20 0.42641498809775841 3.3395310860314158E-002
0.50 3.00 9.60 0.42625742310973036 3.3642912257266899E-002
0.50 3.00 10.00 0.42474117611499801 3.3482604235940981E-002
0.50 3.00 10.40 0.42563403862832361 3.3402232054441178E-002
0.50 3.00 10.80 0.42444032903142448 3.3556055020070454E-002
0.50 3.00 11.20 0.42472300401122209 3.3625236868147820E-002
0.50 3.00 11.60 0.42403248561686196 3.3387060547184419E-002
0.50 3.00 12.00 0.42151401592554227 3.3630009600632747E-002

0.50 3.20 0.00 0.21778734104100303 3.1521560321671582E-002
0.50 3.20 0.40 0.38632859816490717 3.1808283778977910E-002
0.50 3.20 0.80 0.41157185310242977 3.1754597206167377E-002
0.50 3.20 1.20 0.43211575824738102 3.1830793342957679E-002
0.50 3.20 1.60 0.43382422098994011 3.2172926430021155E-002
0.50 3.20 2.00 0.44157630967084505 3.2622862470977350E-002
0.50 3.20 2.40 0.44471252720632071 3.2808385319982453E-002
0.50 3.20 2.80 0.44405694931300932 3.2861264864513108E-002
0.50 3.20 3.20 0.44124171570180726 3.2947204838660239E-002
0.50 3.20 3.60 0.44130454376749417 3.3243481213115759E-002
0.50 3.20 4.00 0.43887543626215564 3.3338109802967045E-002
0.50 3.20 4.40 0.43117122391445273 3.3338137720304466E-002
0.50 3.20 4.80 0.43890402422386987 3.3355715262594877E-002
0.50 3.20 5.20 0.44097523906659497 3.3346018462275230E-002
0.50 3.20 5.60 0.43863257152000346 3.3612138880532549E-002
0.50 3.20 6.00 0.43310162409251085 3.3651859774797128E-002
0.50 3.20 6.40 0.43465434150356358 3.3602340924125847E-002
0.50 3.20 6.80 0.43526606409753948 3.3598971488526280E-002
0.50 3.20 7.20 0.42628207111241528 3.3558148777949832E-002
0.50 3.20 7.60 0.43480972298787862 3.3526962613441097E-002
0.50 3.20 8.00 0.43105546742668432 3.3530281757631133E-002
0.50 3.20 8.40 0.42671392268416042 3.3595514867632230E-002
0.50 3.20 8.80 0.42711085954040662 3.3527831456605373E-002
0.50 3.20 9.20 0.42220091184442232 3.3388771511914113E-002
0.50 3.20 9.60 0.42835513764355915 3.3718337448542177E-002
0.50 3.20 10.00 0.42536201147275365 3.3710428544215097E-002
0.50 3.20 10.40 0.42225509682698348 3.3625687624946020E-002
0.50 3.20 10.80 0.42933563141923986 3.3655014417364182E-002
0.50 3.20 11.20 0.42845482735661583 3.3841276128275637E-002
0.50 3.20 11.60 0.42476866349564413 3.3559179836844734E-002
0.50 3.20 12.00 0.42365481233744884 3.3546615653399690E-002

0.50 3.40 0.00 0.21330089690701506 3.3319888544054502E-002
0.50 3.40 0.40 0.40485048861884332 3.2776281397499676E-002
0.50 3.40 0.80 0.42564361766926295 3.2753094162789050E-002
0.50 3.40 1.20 0.42757720507432229 3.2722040781702467E-002
0.50 3.40 1.60 0.43017311354623000 3.2906803920318826E-002
0.50 3.40 2.00 0.43476308425939025 3.2761084518182985E-002
0.50 3.40 2.40 0.43684460088455801 3.2949531019607153E-002
0.50 3.40 2.80 0.43515289372500876 3.3218042819662619E-002
0.50 3.40 3.20 0.43275011170281763 3.2950677322581043E-002
0.50 3.40 3.60 0.43875798287115425 3.3153411080635971E-002
0.50 3.40 4.00 0.43884360081793039 3.3357852490887040E-002
0.50 3.40 4.40 0.43285177945534870 3.3110155660169317E-002
0.50 3.40 4.80 0.43251224268982325 3.3215788619077632E-002
0.50 3.40 5.20 0.43375613980341310 3.3475099119520624E-002
0.50 3.40 5.60 0.43518948443354410 3.3555139421788983E-002
0.50 3.40 6.00 0.43019540144431179 3.3325954606696226E-002
0.50 3.40 6.40 0.43220034828919329 3.3312996858051058E-002
0.50 3.40 6.80 0.42920262549113330 3.3507184420073860E-002
0.50 3.40 7.20 0.42931423957669435 3.3581714698061753E-002
0.50 3.40 7.60 0.43022393980259360 3.3488237929324358E-002
0.50 3.40 8.00 0.43114911233291486 3.3700484049951303E-002
0.50 3.40 8.40 0.42530397714277368 3.3645246267751582E-002
0.50 3.40 8.80 0.43094499947852266 3.3277393953528980E-002
0.50 3.40 9.20 0.42509417623487816 3.3636392328907021E-002
0.50 3.40 9.60 0.42579030724501143 3.3573741713646424E-002
0.50 3.40 10.00 0.42495262200821121 3.3651741499655323E-002
0.50 3.40 10.40 0.42367022983812214 3.3692244804171753E-002
0.50 3.40 10.80 0.42976955821653151 3.3514830412608811E-002
0.50 3.40 11.20 0.42269071975511291 3.3762463083816439E-002
0.50 3.40 11.60 0.42907822756771996 3.3575282480746114E-002
0.50 3.40 12.00 0.42090604276736432 3.3649575634003823E-002

0.50 3.60 0.00 0.22636948793132211 3.1910802626289314E-002
0.50 3.60 0.40 0.42251055210785926 3.4481897245344673E-002
0.50 3.60 0.80 0.42386973266366501 3.3557744104155553E-002
0.50 3.60 1.20 0.42425347710653594 3.3118059439739750E-002
0.50 3.60 1.60 0.42910632370523211 3.3267909544101290E-002
0.50 3.60 2.00 0.42740860365555572 3.3142788922034171E-002
0.50 3.60 2.40 0.42951627533027947 3.3082929291060603E-002
0.50 3.60 2.80 0.43124964224263318 3.2828927434298001E-002
0.50 3.60 3.20 0.43710233505031593 3.3083552801621320E-002
0.50 3.60 3.60 0.43018459006147625 3.3236039309761579E-002
0.50 3.60 4.00 0.43254517646573981 3.3110675750845357E-002
0.50 3.60 4.40 0.43244635994879099 3.3334716719482335E-002
0.50 3.60 4.80 0.43027904589642246 3.3292750038374189E-002
0.50 3.60 5.20 0.43798022885121501 3.3385522286842273E-002
0.50 3.60 5.60 0.43207877549536960 3.3573013474538838E-002
0.50 3.60 6.00 0.43294663286270357 3.3466857736499059E-002
0.50 3.60 6.40 0.43372154564489424 3.3661867576938093E-002
0.50 3.60 6.80 0.42891099702178720 3.3533195888938175E-002
0.50 3.60 7.20 0.43071998839203429 3.3537241230300260E-002
0.50 3.60 7.60 0.42818158454645072 3.3486042791779788E-002
0.50 3.60 8.00 0.43202801415895176 3.3897403826751937E-002
0.50 3.60 8.40 0.42839503155597913 3.3509083379401165E-002
0.50 3.60 8.80 0.42804627535890993 3.3685059538941832E-002
0.50 3.60 9.20 0.42347182475943085 3.3539108104142394E-002
0.50 3.60 9.60 0.43018923904320749 3.3503601088441734E-002
0.50 3.60 10.00 0.42532791511730839 3.3518890894296105E-002
0.50 3.60 10.40 0.42784250132320584 3.3545735446723637E-002
0.50 3.60 10.80 0.42495551652941393 3.3648137124655975E-002
0.50 3.60 11.20 0.42317114497131858 3.3707163649721192E-002
0.50 3.60 11.60 0.42579514142689767 3.3538216516670057E-002
0.50 3.60 12.00 0.42775653116650236 3.3728277928143223E-002

0.50 3.80 0.00 0.21791025118714949 3.0299309229016805E-002
0.50 3.80 0.40 0.39620337244835485 3.3137974434547052E-002
0.50 3.80 0.80 0.40428859272609030 3.3001942355662041E-002
0.50 3.80 1.20 0.41557159504459396 3.2803590556540453E-002
0.50 3.80 1.60 0.42134755690028314 3.2943888856516633E-002
0.50 3.80 2.00 0.42781142165373626 3.2741715799708165E-002
0.50 3.80 2.40 0.42608634671865042 3.2894027243416085E-002
0.50 3.80 2.80 0.43027722516099837 3.2929151559058865E-002
0.50 3.80 3.20 0.43106229817247987 3.3017149564320600E-002
0.50 3.80 3.60 0.42774645296557140 3.3043672549089562E-002
0.50 3.80 4.00 0.43171200840286855 3.3472057443811126E-002
0.50 3.80 4.40 0.43531052017289307 3.3291090290199027E-002
0.50 3.80 4.80 0.43637079705384896 3.3329404856615834E-002
0.50 3.80 5.20 0.43318806563043982 3.3130439665627370E-002
0.50 3.80 5.60 0.42945326661190286 3.3505744997488159E-002
0.50 3.80 6.00 0.43450524626253079 3.3603304244858349E-002
0.50 3.80 6.40 0.43647852403521387 3.3603543087780838E-002
0.50 3.80 6.80 0.43764373258891587 3.3536552458167758E-002
0.50 3.80 7.20 0.42930018942405512 3.3663590124757399E-002
0.50 3.80 7.60 0.43146746849405282 3.3414139603663760E-002
0.50 3.80 8.00 0.42896137136713380 3.3493091142669219E-002
0.50 3.80 8.40 0.43345767621892239 3.3796465947440478E-002
0.50 3.80 8.80 0.42935496361735970 3.3689874254848595E-002
0.50 3.80 9.20 0.43030855736887136 3.3617122414608243E-002
0.50 3.80 9.60 0.42905450929436484 3.3489239391788675E-002
0.50 3.80 10.00 0.43050431506839892 3.3596205930036226E-002
0.50 3.80 10.40 0.42967025646654944 3.3780206339835125E-002
0.50 3.80 10.80 0.43443019272427480 3.3761336542376431E-002
0.50 3.80 11.20 0.42890053697873143 3.3853605367808168E-002
0.50 3.80 11.60 0.42458252464399659 3.3529764148455335E-002
0.50 3.80 12.00 0.42764560915809124 3.3846800110586814E-002

0.50 4.00 0.00 0.18792889455126416 2.6201249815257621E-002
0.50 4.00 0.40 0.38244731488733602 3.2460280658945885E-002
0.50 4.00 0.80 0.40121195453603153 3.3049416762285191E-002
0.50 4.00 1.20 0.40851974938321706 3.3158952685976857E-002
0.50 4.00 1.60 0.41507388134586332 3.3121017217696599E-002
0.50 4.00 2.00 0.41543155106723723 3.3154861329375035E-002
0.50 4.00 2.40 0.42745520588903674 3.3195763068353493E-002
0.50 4.00 2.80 0.42539913104728511 3.3360855788335711E-002
0.50 4.00 3.20 0.43039396326244922 3.3306484897233764E-002
0.50 4.00 3.60 0.43208126099333038 3.3210495933559077E-002
0.50 4.00 4.00 0.43214012187051043 3.3369186750051287E-002
0.50 4.00 4.40 0.43553729430236521 3.3475372074221389E-002
0.50 4.00 4.80 0.43116256654653329 3.3414328925959400E-002
0.50 4.00 5.20 0.43392078503932119 3.3530060617884896E-002
0.50 4.00 5.60 0.43406935037776917 3.3455228461384330E-002
0.50 4.00 6.00 0.43772279339705616 3.3805420239157231E-002
0.50 4.00 6.40 0.43713568482232396 3.3564244149718279E-002
0.50 4.00 6.80 0.43440677482040291 3.3805712358761050E-002
0.50 4.00 7.20 0.43308341797524152 3.3658416312858694E-002
0.50 4.00 7.60 0.43351865073869345 3.3734177045935614E-002
0.50 4.00 8.00 0.43033566507412369 3.3622473588924798E-002
0.50 4.00 8.40 0.43241188753840348 3.3823416108007202E-002
0.50 4.00 8.80 0.42937723110370757 3.3706096371090337E-002
0.50 4.00 9.20 0.42788337881053373 3.3921296037311525E-002
0.50 4.00 9.60 0.43448238728838862 3.3982116558104396E-002
0.50 4.00 10.00 0.42999826094612459 3.3875308401502990E-002
0.50 4.00 10.40 0.42916972070225584 3.3746075188952125E-002
0.50 4.00 10.80 0.42991751276334317 3.3763321959100298E-002
0.50 4.00 11.20 0.42634799213511804 3.3917943085759274E-002
0.50 4.00 11.60 0.42577532074089747 3.3778803838744237E-002
0.50 4.00 12.00 0.42663456391779342 3.3678932866183210E-002

0.50 4.20 0.00 0.24469784719334506 3.6198947262232058E-002
0.50 4.20 0.40 0.40733955069896466 3.3248284981997216E-002
0.50 4.20 0.80 0.40392526571275883 3.3305343472331536E-002
0.50 4.20 1.20 0.40776458147687072 3.3319429307388050E-002
0.50 4.20 1.60 0.41363729005562722 3.3446741701820069E-002
0.50 4.20 2.00 0.41484245577948708 3.3537921116668708E-002
0.50 4.20 2.40 0.42322978197700112 3.3584450898832441E-002
0.50 4.20 2.80 0.42581399315609481 3.3419165418598455E-002
0.50 4.20 3.20 0.42797322941255900 3.3596895391510985E-002
0.50 4.20 3.60 0.42730085770836423 3.3436820022978472E-002
0.50 4.20 4.00 0.42837959394204034 3.3422465171189575E-002
0.50 4.20 4.40 0.42766524918066329 3.3432100743153892E-002
0.50 4.20 4.80 0.43464440898982470 3.3729279418666255E-002
0.50 4.20 5.20 0.43112948103416648 3.3774186978898106E-002
0.50 4.20 5.60 0.43059450414048650 3.3412740585193917E-002
0.50 4.20 6.00 0.43286011099348159 3.4003229093925107E-002
0.50 4.20 6.40 0.43019569848959049 3.3624755503488320E-002
0.50 4.20 6.80 0.42985834962588843 3.3587088974259736E-002
0.50 4.20 7.20 0.42938942764545268 3.3547677222941309E-002
0.50 4.20 7.60 0.42886323598265419 3.3491277115740486E-002
0.50 4.20 8.00 0.43062999496225840 3.3674373993857476E-002
0.50 4.20 8.40 0.42818831189744733 3.3574984339534132E-002
0.50 4.20 8.80 0.42768944880682891 3.3693453638879156E-002
0.50 4.20 9.20 0.42629976464108077 3.3622075641320165E-002
0.50 4.20 9.60 0.42662066795570397 3.3631002572640081E-002
0.50 4.20 10.00 0.42544078304767369 3.3756224987466291E-002
0.50 4.20 10.40 0.42714289828668595 3.3469817625328642E-002
0.50 4.20 10.80 0.42636363998378196 3.3498502583462868E-002
0.50 4.20 11.20 0.42959044676415054 3.3631095465983668E-002
0.50 4.20 11.60 0.42811765339449470 3.3684447099623552E-002
0.50 4.20 12.00 0.42994950334481630 3.3519780764401784E-002

0.50 4.40 0.00 0.26063799596917614 3.8236822471310133E-002
0.50 4.40 0.40 0.38850597225663519 3.3336628247079558E-002
0.50 4.40 0.80 0.40920581174553333 3.3333488249677877E-002
0.50 4.40 1.20 0.41594771554761512 3.3347146809860714E-002
0.50 4.40 1.60 0.42100704640140585 3.3483987995753237E-002
0.50 4.40 2.00 0.41649332405076278 3.3259533327884082E-002
0.50 4.40 2.40 0.41966126218449584 3.3341325365137661E-002
0.50 4.40 2.80 0.42509679324530997 3.3599093986521986E-002
0.50 4.40 3.20 0.42646982532315975 3.3641109302132058E-002
0.50 4.40 3.60 0.42522061292774194 3.3444651800206400E-002
0.50 4.40 4.00 0.43001907545576568 3.3342471137859694E-002
0.50 4.40 4.40 0.43006405550178239 3.3318185479301828E-002
0.50 4.40 4.80 0.42887910048899325 3.3594514400150544E-002
0.50 4.40 5.20 0.42847949069157137 3.3516264238168524E-002
0.50 4.40 5.60 0.42823440309848726 3.3520886480260574E-002
0.50 4.40 6.00 0.43081224930709006 3.3610882175035495E-002
0.50 4.40 6.40 0.43137316565247408 3.3625727228402756E-002
0.50 4.40 6.80 0.43009226018843749 3.3674328622158849E-002
0.50 4.40 7.20 0.42726509369736843 3.3461889875178168E-002
0.50 4.40 7.60 0.42674704063213714 3.3697442280076866E-002
0.50 4.40 8.00 0.42877125223338847 3.3473926613539769E-002
0.50 4.40 8.40 0.42315161770593140 3.3667037162414620E-002
0.50 4.40 8.80 0.42557203348928974 3.3592833757111071E-002
0.50 4.40 9.20 0.42516738995503117 3.3494387584890650E-002
0.50 4.40 9.60 0.42727247942109098 3.3619019375628119E-002
0.50 4.40 10.00 0.42000921211766123 3.3533778243252960E-002
0.50 4.40 10.40 0.42357384308105556 3.3370105581062008E-002
0.50 4.40 10.80 0.42746229441761202 3.3520377528077329E-002
0.50 4.40 11.20 0.42439705352058488 3.3687577394603693E-002
0.50 4.40 11.60 0.42070190362545323 3.3642851917003412E-002
0.50 4.40 12.00 0.42536540443163479 3.3615907248801868E-002

0.50 4.60 0.00 0.27599027042332519 3.8385877636056644E-002
0.50 4.60 0.40 0.39546418264005723 3.3159970269731706E-002
0.50 4.60 0.80 0.39717017520614878 3.3180540613295409E-002
0.50 4.60 1.20 0.40523531192342005 3.3201129549286043E-002
0.50 4.60 1.60 0.40681914686059206 3.3174587351014348E-002
0.50 4.60 2.00 0.41104228981830804 3.3155505294789209E-002
0.50 4.60 2.40 0.41805767473201705 3.3269801973802957E-002
0.50 4.60 2.80 0.41913349794253429 3.3445167260400054E-002
0.50 4.60 3.20 0.42807817593123865 3.3657814267111300E-002
0.50 4.60 3.60 0.42579142768025963 3.3411652772802197E-002
0.50 4.60 4.00 0.42608336167961741 3.3578310274665076E-002
0.50 4.60 4.40 0.42941787394516834 3.3649675601407095E-002
0.50 4.60 4.80 0.42652322137092202 3.3569958886928979E-002
0.50 4.60 5.20 0.42839707308857011 3.3541498237759745E-002
0.50 4.60 5.60 0.42759031374886486 3.3354216352275416E-002
0.50 4.60 6.00 0.42848955548438017 3.3459181605616110E-002
0.50 4.60 6.40 0.42891487375795184 3.3564424690357982E-002
0.50 4.60 6.80 0.42921904293038199 3.3656861961731288E-002
0.50 4.60 7.20 0.42939077409049864 3.3715335399968467E-002
0.50 4.60 7.60 0.43085409997948682 3.3666790087841132E-002
0.50 4.60 8.00 0.42160884857524089 3.3689256087682314E-002
0.50 4.60 8.40 0.42116017199519906 3.3499831402064618E-002
0.50 4.60 8.80 0.42223490215124604 3.3641507482363109E-002
0.50 4.60 9.20 0.42648196092639062 3.3487769049356075E-002
0.50 4.60 9.60 0.42395030609760836 3.3616171332698612E-002
0.50 4.60 10.00 0.42282776721057191 3.3473169741621588E-002
0.50 4.60 10.40 0.42273929709386887 3.3501725320536899E-002
0.50 4.60 10.80 0.42730942235032748 3.3452123112600117E-002
0.50 4.60 11.20 0.42766502193598688 3.3577629847218786E-002
0.50 4.60 11.60 0.42708979826873705 3.3495665796879688E-002
0.50 4.60 12.00 0.42740568555246095 3.3749323120673892E-002

0.50 4.80 0.00 0.24215205626030373 3.3983570555748147E-002
0.50 4.80 0.40 0.36151666772237578 3.2786801347815323E-002
0.50 4.80 0.80 0.38254178632889257 3.2973990926010215E-002
0.50 4.80 1.20 0.39565723767296024 3.3202751420496640E-002
0.50 4.80 1.60 0.40325278458495617 3.3236774988349885E-002
0.50 4.80 2.00 0.41318957779234439 3.3533760774082211E-002
0.50 4.80 2.40 0.41242920362451529 3.3574129690367660E-002
0.50 4.80 2.80 0.42583204746814163 3.3529194438921196E-002
0.50 4.80 3.20 0.42525429148934579 3.3623292916402092E-002
0.50 4.80 3.60 0.42515178019459937 3.3696041488552889E-002
0.50 4.80 4.00 0.42855824102597423 3.3660096095814981E-002
0.50 4.80 4.40 0.42854703654740589 3.3498914906434314E-002
0.50 4.80 4.80 0.43139979214200208 3.3661093900718142E-002
0.50 4.80 5.20 0.42676060821154849 3.3443993008604601E-002
0.50 4.80 5.60 0.42765305242530405 3.3489133966139770E-002
0.50 4.80 6.00 0.42647588805973841 3.3452425484945383E-002
0.50 4.80 6.40 0.42748284477472331 3.3629972327395841E-002
0.50 4.80 6.80 0.42721085410264426 3.3642400048798891E-002
0.50 4.80 7.20 0.43086649533625671 3.3451797882306518E-002
0.50 4.80 7.60 0.42766423946837151 3.3582066074388184E-002
0.50 4.80 8.00 0.42923271545238684 3.3632636940899067E-002
0.50 4.80 8.40 0.42264474478377390 3.3613497090264760E-002
0.50 4.80 8.80 0.42837820386699493 3.3824989002335874E-002
0.50 4.80 9.20 0.42949377436521524 3.3578085149375853E-002
0.50 4.80 9.60 0.42506786070243024 3.3678228967783053E-002
0.50 4.80 10.00 0.42291415350135575 3.3512129815144232E-002
0.50 4.80 10.40 0.42126998489729262 3.3470882903007468E-002
0.50 4.80 10.80 0.42325489669932875 3.3574685586754527E-002
0.50 4.80 11.20 0.42439794706740674 3.3827937665282005E-002
0.50 4.80 11.60 0.42766990945228278 3.3579658848806107E-002
0.50 4.80 12.00 0.42504673639706503 3.3675628833211693E-002

0.50 5.00 0.00 0.19835045099058674 2.8105260461211919E-002
0.50 5.00 0.40 0.36161538118039371 3.2416517129828071E-002
0.50 5.00 0.80 0.38575897415385613 3.3054523391278713E-002
0.50 5.00 1.20 0.39974426264567015 3.3485805711879563E-002
0.50 5.00 1.60 0.40511004368921943 3.3552885305768020E-002
0.50 5.00 2.00 0.41443124955325733 3.3755350072543530E-002
0.50 5.00 2.40 0.42549767237095304 3.3747844136839247E-002
0.50 5.00 2.80 0.42318044526577692 3.3688051641895887E-002
0.50 5.00 3.20 0.42732863069852273 3.3851358080013605E-002
0.50 5.00 3.60 0.42822647021518084 3.3755301756535717E-002
0.50 5.00 4.00 0.42763286067942852 3.3729018991263245E-002
0.50 5.00 4.40 0.43334651329962837 3.3985795382683988E-002
0.50 5.00 4.80 0.43648820744883238 3.3808418823109428E-002
0.50 5.00 5.20 0.42995645787919984 3.3713583275494098E-002
0.50 5.00 5.60 0.43281689957258679 3.3624030627238288E-002
0.50 5.00 6.00 0.43360742785640244 3.3800246718423202E-002
0.50 5.00 6.40 0.43270705136943199 3.3777639100900203E-002
0.50 5.00 6.80 0.43071482899832247 3.3602559300838379E-002
0.50 5.00 7.20 0.43275531498202657 3.3644668560403400E-002
0.50 5.00 7.60 0.43130807401551652 3.3667091492584990E-002
0.50 5.00 8.00 0.42868579131795287 3.3590600446924489E-002
0.50 5.00 8.40 0.43004016930151689 3.3543429642108553E-002
0.50 5.00 8.80 0.43033056738911790 3.3620305080082166E-002
0.50 5.00 9.20 0.42805259532673212 3.3342027819426460E-002
0.50 5.00 9.60 0.42661378890978652 3.3801424005590434E-002
0.50 5.00 10.00 0.42907844692080727 3.3629237651931279E-002
0.50 5.00 10.40 0.42675937106157519 3.3415270164892562E-002
0.50 5.00 10.80 0.42829487970611363 3.3692418448435818E-002
0.50 5.00 11.20 0.42828278674949721 3.3843455779922212E-002
0.50 5.00 11.60 0.42184200607892636 3.3492460292955523E-002
0.50 5.00 12.00 0.43000708603584875 3.3913129344893073E-002

0.50 5.20 0.00 0.22353944998360356 3.2375428518221006E-002
0.50 5.20 0.40 0.39072780735056922 3.3424131610107918E-002
0.50 5.20 0.80 0.40401070965670832 3.3640150807930466E-002
0.50 5.20 1.20 0.40724539200059812 3.3664826182235721E-002
0.50 5.20 1.60 0.41034388907081398 3.3745116011752042E-002
0.50 5.20 2.00 0.41445197423844632 3.3802808632595847E-002
0.50 5.20 2.40 0.42124724458268464 3.3897746258521780E-002
0.50 5.20 2.80 0.42098698712162086 3.3882444648911866E-002
0.50 5.20 3.20 0.42300518817141197 3.3718338216965217E-002
0.50 5.20 3.60 0.42614135169051226 3.3833210716631826E-002
0.50 5.20 4.00 0.42418271245609579 3.3621181065044685E-002
0.50 5.20 4.40 0.42217124224982727 3.3976740496668073E-002
0.50 5.20 4.80 0.42500916429915281 3.3804294512335742E-002
0.50 5.20 5.20 0.42884859536803388 3.3726375245461362E-002
0.50 5.20 5.60 0.42492673693790045 3.3662239161429242E-002
0.50 5.20 6.00 0.42585262336353863 3.3790631161252582E-002
0.50 5.20 6.40 0.42833616020142651 3.3472859871823052E-002
0.50 5.20 6.80 0.42553338069580821 3.3516852791876967E-002
0.50 5.20 7.20 0.42148521216542906 3.3369561153086216E-002
0.50 5.20 7.60 0.42764834783118949 3.3657823505778436E-002
0.50 5.20 8.00 0.42148400918664652 3.3672745511822554E-002
0.50 5.20 8.40 0.41981765661202841 3.3588027140367696E-002
0.50 5.20 8.80 0.42632482556173806 3.3611017592390477E-002
0.50 5.20 9.20 0.42076817561865065 3.3582546084394177E-002
0.50 5.20 9.60 0.42084395689815868 3.3698429390203580E-002
0.50 5.20 10.00 0.42059778098014061 3.3411346737217955E-002
0.50 5.20 10.40 0.42412523554791265 3.3455836600422735E-002
0.50 5.20 10.80 0.42135835856001691 3.3497486632576123E-002
0.50 5.20 11.20 0.42127913477241252 3.3411804387337291E-002
0.50 5.20 11.60 0.42522140213896426 3.3566348555024023E-002
0.50 5.20 12.00 0.42223812997018373 3.3548612344941553E-002

0.50 5.40 0.00 0.22287724655985586 3.4752875182017029E-002
0.50 5.40 0.40 0.40071808464168746 3.3911558096910169E-002
0.50 5.40 0.80 0.40311922596901006 3.3619016320904679E-002
0.50 5.40 1.20 0.40581557790230038 3.3802010722913174E-002
0.50 5.40 1.60 0.40569293474782925 3.3945183468696558E-002
0.50 5.40 2.00 0.41255616356217739 3.4034868707780011E-002
0.50 5.40 2.40 0.41758540461477728 3.3999466328791680E-002
0.50 5.40 2.80 0.42269049986673607 3.3785550908211434E-002
0.50 5.40 3.20 0.41909260228521372 3.3915254658524636E-002
0.50 5.40 3.60 0.42546893383361012 3.3806745516495325E-002
0.50 5.40 4.00 0.42613158607596535 3.3929302054588148E-002
0.50 5.40 4.40 0.42271729221111293 3.4118589390654389E-002
0.50 5.40 4.80 0.42320169649201478 3.3678271179934036E-002
0.50 5.40 5.20 0.42931303935210563 3.3681709324726174E-002
0.50 5.40 5.60 0.42521748087238570 3.3550318573089370E-002
0.50 5.40 6.00 0.42505251479713085 3.4048621261434181E-002
0.50 5.40 6.40 0.42567827246665307 3.3673560893844975E-002
0.50 5.40 6.80 0.42220970903673855 3.3789868068583091E-002
0.50 5.40 7.20 0.42565701274051604 3.3835342459073610E-002
0.50 5.40 7.60 0.42849257035347188 3.3514134972785450E-002
0.50 5.40 8.00 0.42489926040369380 3.3408946341093683E-002
0.50 5.40 8.40 0.42045599730222005 3.3427693601050620E-002
0.50 5.40 8.80 0.42129592398186411 3.3635506799083836E-002
0.50 5.40 9.20 0.41967069364412779 3.3636804856095104E-002
0.50 5.40 9.60 0.41992071434620409 3.3424818507176011E-002
0.50 5.40 10.00 0.41567988258040167 3.3429812968378644E-002
0.50 5.40 10.40 0.42070127607325897 3.3517535886015332E-002
0.50 5.40 10.80 0.41942907061836932 3.3210858101854215E-002
0.50 5.40 11.20 0.42245087794960234 3.3588585912717260E-002
0.50 5.40 11.60 0.42250809830295211 3.3570889632601644E-002
0.50 5.40 12.00 0.41835762468708104 3.3496765794340938E-002

0.50 5.60 0.00 0.18714242330611153 3.1044447242441105E-002
0.50 5.60 0.40 0.37285984833142355 3.3501900318387165E-002
0.50 5.60 0.80 0.39492567275389995 3.2929140586516456E-002
0.50 5.60 1.20 0.40218771730807024 3.3343266021977742E-002
0.50 5.60 1.60 0.40924028308824012 3.3151590527600340E-002
0.50 5.60 2.00 0.40887677055553684 3.3422696775116563E-002
0.50 5.60 2.40 0.41620443698336518 3.3732695342700895E-002
0.50 5.60 2.80 0.41508751657201010 3.3641398977231896E-002
0.50 5.60 3.20 0.42078370922433184 3.3739699852810029E-002
0.50 5.60 3.60 0.42067649351686337 3.3386454992696366E-002
0.50 5.60 4.00 0.42329165436556748 3.3513011161672109E-002
0.50 5.60 4.40 0.42392856757959307 3.3559651295010040E-002
0.50 5.60 4.80 0.41996050383988609 3.3549233312410220E-002
0.50 5.60 5.20 0.42642076659142891 3.3676868626820490E-002
0.50 5.60 5.60 0.41896875706841757 3.3185038257649485E-002
0.50 5.60 6.00 0.42567990353436624 3.3593345035184137E-002
0.50 5.60 6.40 0.42345181672997445 3.3600585483244204E-002
0.50 5.60 6.80 0.42038829879936507 3.3646509102158974E-002
0.50 5.60 7.20 0.42295372484890220 3.3416215356255760E-002
0.50 5.60 7.60 0.42011703242021631 3.3658043148467855E-002
0.50 5.60 8.00 0.42447374381148500 3.3686452380903155E-002
0.50 5.60 8.40 0.42221982252869072 3.3197956176454241E-002
0.50 5.60 8.80 0.42221299815882335 3.3668379909257432E-002
0.50 5.60 9.20 0.42009071224737227 3.3522002382606157E-002
0.50 5.60 9.60 0.41875821464239610 3.3465436438218463E-002
0.50 5.60 10.00 0.41770443351434583 3.3557917158227701E-002
0.50 5.60 10.40 0.42015856637227378 3.3536657121973797E-002
0.50 5.60 10.80 0.42315115329478797 3.3728735371974350E-002
0.50 5.60 11.20 0.41955815479726838 3.3483970339508590E-002
0.50 5.60 11.60 0.42505371507351974 3.3896269953491577E-002
0.50 5.60 12.00 0.41526522294556695 3.3436925235861940E-002

0.50 5.80 0.00 0.19323157987014955 3.0501693686033660E-002
0.50 5.80 0.40 0.37294848596540697 3.2758923304710280E-002
0.50 5.80 0.80 0.38129577223839256 3.2577569198536951E-002
0.50 5.80 1.20 0.39292083091704672 3.2641260176780700E-002
0.50 5.80 1.60 0.39983708610911928 3.3221987530361416E-002
0.50 5.80 2.00 0.40484660108696230 3.3374352659864832E-002
0.50 5.80 2.40 0.40970082724047002 3.3435272589197013E-002
0.50 5.80 2.80 Binary file (standard input) matches
0.50 5.80 3.20 0.41680541390118364 3.3459297606357560E-002
0.50 5.80 3.60 0.41600366020282714 3.3337070804497722E-002
0.50 5.80 4.00 0.42234643670456490 3.3309261625052912E-002
0.50 5.80 4.40 0.42421582576006589 3.3525925060417287E-002
0.50 5.80 4.80 0.42409668583328647 3.3424495200932582E-002
0.50 5.80 5.20 0.42579016108352474 3.3557501544394894E-002
0.50 5.80 5.60 0.42224278034122376 3.3417126714673451E-002
0.50 5.80 6.00 0.42636431782141038 3.3515253858997410E-002
0.50 5.80 6.40 0.42396305661659728 3.3663606556718642E-002
0.50 5.80 6.80 0.42165922418435631 3.3219353185889443E-002
0.50 5.80 7.20 0.42057696505775999 3.3492159774681368E-002
0.50 5.80 7.60 0.41801279337425995 3.3513043455868169E-002
0.50 5.80 8.00 0.41986225053375448 3.3318800507783033E-002
0.50 5.80 8.40 0.42321849989612453 3.3461617613943548E-002
0.50 5.80 8.80 0.42191271936482844 3.3745728872266526E-002
0.50 5.80 9.20 0.42617159213242078 3.3614330317773965E-002
0.50 5.80 9.60 0.41778888721775409 3.3728476582508160E-002
0.50 5.80 10.00 0.41884399857337451 3.3752619088753391E-002
0.50 5.80 10.40 0.42183568431630442 3.3696954883369587E-002
0.50 5.80 10.80 0.42130681065068665 3.3489469179525000E-002
0.50 5.80 11.20 0.41931536101967098 3.3514484185608769E-002
0.50 5.80 11.60 0.41849793635311833 3.3595730433131049E-002
0.50 5.80 12.00 0.41790071171166393 3.3317124105108495E-002

0.50 6.00 0.00 0.20831754760719443 3.1699091332196845E-002
0.50 6.00 0.40 0.38464458723247624 3.4545032812557351E-002
0.50 6.00 0.80 0.38538865768245439 3.3676280318957350E-002
0.50 6.00 1.20 0.39815047919598368 3.3445846342645469E-002
0.50 6.00 1.60 0.40528572580929512 3.3657167945710477E-002
0.50 6.00 2.00 0.41441153762524330 3.3387268863304356E-002
0.50 6.00 2.40 0.41519887099426550 3.3429968746885301E-002
0.50 6.00 2.80 0.42517684689153634 3.3405496904615993E-002
0.50 6.00 3.20 0.42303153898469043 3.3462470511963861E-002
0.50 6.00 3.60 0.42069857534693600 3.3336300930307108E-002
0.50 6.00 4.00 0.42334678518812752 3.3344853754356307E-002
0.50 6.00 4.40 0.42081895630753630 3.3443559002075192E-002
0.50 6.00 4.80 0.42309238232638691 3.3370939679957072E-002
0.50 6.00 5.20 0.42526624943350022 3.3271670492723317E-002
0.50 6.00 5.60 0.42467700117895274 3.3466951011389752E-002
0.50 6.00 6.00 0.42299814431350785 3.3308815333734455E-002
0.50 6.00 6.40 0.42066711946512780 3.3560126822652005E-002
0.50 6.00 6.80 0.42262251678596413 3.3431602918841841E-002
0.50 6.00 7.20 0.42586409436268957 3.3671301043100808E-002
0.50 6.00 7.60 0.42330519770025321 3.3418034591169599E-002
0.50 6.00 8.00 0.42462372701574580 3.3564055534386079E-002
0.50 6.00 8.40 0.42579115860220174 3.3439168111203954E-002
0.50 6.00 8.80 0.41987504288380012 3.3584555883417862E-002
0.50 6.00 9.20 0.42182940386317425 3.3444689678425378E-002
0.50 6.00 9.60 0.41959930422302183 3.3571432780939998E-002
0.50 6.00 10.00 0.42681227283712564 3.3483743131249195E-002
0.50 6.00 10.40 0.41916887787518620 3.3503399353027978E-002
0.50 6.00 10.80 0.42278876827355427 3.3578822283664642E-002
0.50 6.00 11.20 0.42572491832551151 3.3555721390565278E-002
0.50 6.00 11.60 0.42026989398360814 3.3476818367370410E-002
0.50 6.00 12.00 0.42124741736667931 3.3688970324863649E-002

