0.50 0.25 1.00 -6.0043795704590959E-002 7.5353569299775689E-003 0.52330408413447571 4.4199478597875090E-003
0.50 0.25 1.05 -6.4130406442215668E-002 7.6988946187684891E-003 0.51578947948188214 4.4442218647955493E-003
0.50 0.25 1.10 -6.1309163092343973E-002 7.4685300733377440E-003 0.51640868364016279 4.4514769007904303E-003
0.50 0.25 1.15 -7.1597639358918455E-002 9.1530875229938868E-003 0.50328970816447671 4.4885293184403858E-003
0.50 0.25 1.20 -8.6066764392933412E-002 9.4144968826907326E-003 0.50089750880337147 4.4969359510067149E-003
0.50 0.25 1.25 -7.6911920778807652E-002 9.1442235864255660E-003 0.49786836863963196 4.5033100727950182E-003
0.50 0.25 1.30 -0.10852127219319752 8.6942744705698644E-003 0.48544024223617666 4.5386186762693898E-003
0.50 0.25 1.35 -0.11490820060155529 9.5182925539124864E-003 0.48703903359211154 4.5457884522159811E-003
0.50 0.25 1.40 -0.11537998469100651 9.2830114551215610E-003 0.47628200756222555 4.5738638880917434E-003
0.50 0.25 1.45 -0.16561177008452715 1.3332995342295900E-002 0.46508643236319996 4.6026930325384994E-003
0.50 0.25 1.50 -0.15687434054392893 1.1632145979297492E-002 0.46629894820939283 4.6007547412287029E-003
0.50 0.25 1.55 -0.15347118706298765 1.1261336651309187E-002 0.45821611993784483 4.6277908233312076E-003
0.50 0.25 1.60 -0.14896080483639035 1.0019588972890943E-002 0.45607533563296176 4.6390390185915434E-003
0.50 0.25 1.65 -0.18062377761332737 1.2825314617068624E-002 0.45049862260960100 4.6513258374974234E-003
0.50 0.25 1.70 -0.18371271383438106 1.1596070189681774E-002 0.44272367476634178 4.6722580658422564E-003
0.50 0.25 1.75 -0.20984353754821730 1.3003594587445429E-002 0.43568673970235128 4.6939575474445787E-003
0.50 0.25 1.80 -0.20357410928221456 1.2656640022728663E-002 0.43756383641127894 4.6770738502916473E-003
0.50 0.25 1.85 -0.21290301398722453 1.3821435446346501E-002 0.42975893767187223 4.7167541782872470E-003
0.50 0.25 1.90 -0.24526912415605837 1.2993050509508634E-002 0.42653308834130488 4.7042133241920981E-003
0.50 0.25 1.95 -0.23230721152386072 1.3677404251826928E-002 0.42915772037283550 4.7134792902662299E-003
0.50 0.25 2.00 -0.21529830232937405 1.2463160471907880E-002 0.42781832713504808 4.7132090671218986E-003
