0.50 0.00 0.00 0.40158220912906561 6.9110813571499577E-002
0.50 0.00 0.40 0.50100282361858528 6.0225441086749557E-002
0.50 0.00 0.80 0.51593903007987207 5.9913975446205053E-002
0.50 0.00 1.20 0.49826759427271144 6.0484288790090164E-002
0.50 0.00 1.60 0.48078478207850950 6.1118716771339468E-002
0.50 0.00 2.00 0.47854892878378602 6.0621221997947283E-002
0.50 0.00 2.40 0.46156647061040745 6.2776678527940041E-002
0.50 0.00 2.80 0.45516508468602507 6.2713227868018681E-002
0.50 0.00 3.20 0.45306529767456671 6.2600999105964478E-002
0.50 0.00 3.60 0.43922584325232517 6.2896553456821241E-002
0.50 0.00 4.00 0.44003659783458271 6.2594548012644385E-002
0.50 0.00 4.40 0.43558615412237628 6.2930798863731610E-002
0.50 0.00 4.80 0.43140530643326647 6.2618287831255448E-002
0.50 0.00 5.20 0.42614421111170031 6.3165919813078786E-002
0.50 0.00 5.60 0.42692397440769281 6.3636686691456640E-002
0.50 0.00 6.00 0.42306319190694441 6.3142217244585130E-002
0.50 0.00 6.40 0.41137108055675942 6.3128935989296614E-002
0.50 0.00 6.80 0.42006709119974250 6.3470875327336029E-002
0.50 0.00 7.20 0.41367340057064511 6.3368251942842208E-002
0.50 0.00 7.60 0.41450119911461208 6.3273346809073330E-002
0.50 0.00 8.00 0.41194643426316668 6.3797645049998589E-002
0.50 0.00 8.40 0.41661769864392956 6.3282535421004302E-002
0.50 0.00 8.80 0.41255161517009364 6.3780138069322520E-002
0.50 0.00 9.20 0.41053328076660361 6.4095243713344532E-002
0.50 0.00 9.60 0.40451077530492291 6.3050856361613464E-002
0.50 0.00 10.00 0.40307439268089357 6.3622098119090947E-002
0.50 0.00 10.40 0.40597418471087365 6.3543001380550523E-002
0.50 0.00 10.80 0.40339045813491625 6.3211648082076813E-002
0.50 0.00 11.20 0.40210034095026426 6.4083034360770327E-002
0.50 0.00 11.60 Binary file (standard input) matches
0.50 0.00 12.00 0.40259370758212504 6.3931601181947656E-002

0.50 0.20 0.00 0.41620637129921595 6.0464420549439540E-002
0.50 0.20 0.40 0.52480742513342815 5.9529987546972016E-002
0.50 0.20 0.80 0.52500464748170272 5.9207228682053241E-002
0.50 0.20 1.20 0.52109705183887489 5.9822304261775490E-002
0.50 0.20 1.60 0.51526835613143596 5.9884506582184943E-002
0.50 0.20 2.00 0.51064303403539624 5.9417025206412163E-002
0.50 0.20 2.40 0.50682251988393501 6.0083181347457583E-002
0.50 0.20 2.80 0.49732693809629691 6.0117554711039058E-002
0.50 0.20 3.20 0.48828008787708344 6.1058038680652842E-002
0.50 0.20 3.60 0.49035929478454643 6.1311056352687902E-002
0.50 0.20 4.00 0.47661105231690443 6.1232712427381090E-002
0.50 0.20 4.40 0.47878017735520528 6.1737010689179125E-002
0.50 0.20 4.80 0.47702092970237631 6.1432262244161519E-002
0.50 0.20 5.20 0.46608662527003364 6.2027098443833105E-002
0.50 0.20 5.60 0.46020750570212565 6.2358590033967758E-002
0.50 0.20 6.00 0.45937342846926538 6.2577353393283103E-002
0.50 0.20 6.40 0.45360899413891193 6.2128571639218547E-002
0.50 0.20 6.80 0.45725749442819008 6.2530768919550603E-002
0.50 0.20 7.20 0.45348873783927857 6.3092401909876153E-002
0.50 0.20 7.60 0.45891357831191221 6.2407395979731238E-002
0.50 0.20 8.00 0.45372086523357352 6.3102321875346382E-002
0.50 0.20 8.40 0.44687248857064532 6.2542048022478286E-002
0.50 0.20 8.80 0.45220001978487112 6.3232808743158592E-002
0.50 0.20 9.20 0.44409679777624189 6.3185579641468495E-002
0.50 0.20 9.60 0.44239882302681133 6.3374826482016283E-002
0.50 0.20 10.00 0.44167150335074173 6.3316323333609245E-002
0.50 0.20 10.40 0.43856863633522591 6.3406057245011416E-002
0.50 0.20 10.80 0.43942913657317251 6.3667920794128779E-002
0.50 0.20 11.20 0.43661147339526518 6.3322940582460518E-002
0.50 0.20 11.60 0.43938774156007321 6.2791535017962710E-002
0.50 0.20 12.00 0.43519766041144675 6.3711544059662645E-002

0.50 0.40 0.00 0.52881375789577811 6.9607381077619296E-002
0.50 0.40 0.40 0.52530330279104598 5.9884889581133922E-002
0.50 0.40 0.80 0.52427076398880390 5.9440906034276160E-002
0.50 0.40 1.20 0.52420541011365329 5.9222031030444676E-002
0.50 0.40 1.60 0.52357296915431051 5.9113297757766498E-002
0.50 0.40 2.00 0.51566170607723616 5.9664933977423423E-002
0.50 0.40 2.40 0.50673817325764026 6.0344445381204335E-002
0.50 0.40 2.80 0.50141901554258084 6.0574854476773063E-002
0.50 0.40 3.20 0.49762491162252565 6.1235296030148614E-002
0.50 0.40 3.60 0.48795389442814452 6.1451459957004580E-002
0.50 0.40 4.00 0.48059917195673674 6.1370154131804931E-002
0.50 0.40 4.40 0.48097680881257227 6.1671096872481720E-002
0.50 0.40 4.80 0.47293794169612974 6.1548506240861056E-002
0.50 0.40 5.20 0.46823279266942508 6.1339636510699999E-002
0.50 0.40 5.60 0.46511514976218848 6.1932434327506523E-002
0.50 0.40 6.00 0.46175127845407121 6.1794218204161692E-002
0.50 0.40 6.40 0.46638879140341671 6.2138352113754458E-002
0.50 0.40 6.80 0.45611000103660537 6.2325753570164795E-002
0.50 0.40 7.20 0.45577507326381372 6.3273106384899108E-002
0.50 0.40 7.60 0.45136059671481565 6.2700353761635644E-002
0.50 0.40 8.00 0.45112428597664450 6.2491311568607009E-002
0.50 0.40 8.40 0.45170283667660860 6.2686299232162082E-002
0.50 0.40 8.80 0.44935909887728354 6.2774672908964921E-002
0.50 0.40 9.20 0.44125589184577196 6.2861187641442301E-002
0.50 0.40 9.60 0.44464999581153919 6.2779377359828303E-002
0.50 0.40 10.00 0.44546053258921059 6.3003574839316429E-002
0.50 0.40 10.40 0.44856890649308828 6.3233308217738718E-002
0.50 0.40 10.80 0.44523920172681120 6.3190268207262396E-002
0.50 0.40 11.20 0.43711106784799830 6.3059795073240471E-002
0.50 0.40 11.60 0.43870251795224613 6.3232059561720219E-002
0.50 0.40 12.00 0.43548631543712341 6.3367042627667874E-002

0.50 0.60 0.00 0.39591829795936068 5.8341970658097000E-002
0.50 0.60 0.40 0.52180991692725176 5.9715478841820942E-002
0.50 0.60 0.80 0.51960147814148505 6.0013134905146530E-002
0.50 0.60 1.20 0.52545705319915581 5.8934622725709693E-002
0.50 0.60 1.60 0.51983885199332092 6.0001196991194473E-002
0.50 0.60 2.00 0.51832599172041460 5.9527555031322378E-002
0.50 0.60 2.40 0.50128018749010306 6.0461716669071457E-002
0.50 0.60 2.80 0.49928528443761550 6.0201210168757527E-002
0.50 0.60 3.20 0.49784658605331444 6.0946528214509556E-002
0.50 0.60 3.60 0.48226927427356847 6.0438066157201431E-002
0.50 0.60 4.00 0.48258633015190339 6.1387348317892852E-002
0.50 0.60 4.40 0.47799984482637942 6.1691934078054310E-002
0.50 0.60 4.80 0.47791619157499515 6.1836464748245085E-002
0.50 0.60 5.20 0.47547647538641941 6.2368092400891091E-002
0.50 0.60 5.60 0.46510464023551223 6.1853647340033756E-002
0.50 0.60 6.00 0.46483611988846552 6.1935610563752214E-002
0.50 0.60 6.40 0.45892673448456972 6.2232316191461301E-002
0.50 0.60 6.80 0.45479155656886688 6.2054688985929488E-002
0.50 0.60 7.20 0.45700905637532729 6.1994473907180658E-002
0.50 0.60 7.60 0.45440647401070888 6.2171063354821067E-002
0.50 0.60 8.00 0.45378529001515966 6.2691725478152521E-002
0.50 0.60 8.40 0.45014178036650565 6.3196413055045295E-002
0.50 0.60 8.80 0.45150764806879173 6.2823374229791548E-002
0.50 0.60 9.20 0.44547195406185258 6.2749972029567530E-002
0.50 0.60 9.60 0.44274429005991750 6.2714274639081580E-002
0.50 0.60 10.00 0.44344092730305584 6.3377318963366416E-002
0.50 0.60 10.40 0.44417003177472142 6.3481544456192571E-002
0.50 0.60 10.80 0.44123602332390144 6.3011978924992468E-002
0.50 0.60 11.20 0.44108811749405341 6.2677129451211289E-002
0.50 0.60 11.60 0.44167844596252026 6.3850350696425792E-002
0.50 0.60 12.00 0.43926612102424417 6.3411454738758602E-002

0.50 0.80 0.00 0.47656664376392621 7.3034896642335007E-002
0.50 0.80 0.40 0.51567240815786808 6.0276592499302145E-002
0.50 0.80 0.80 0.52547065386890879 5.9227886570999477E-002
0.50 0.80 1.20 0.52089852187220176 5.9538539109077207E-002
0.50 0.80 1.60 0.51232026367018824 5.9284745884469386E-002
0.50 0.80 2.00 0.51170175075486901 5.9771172535877791E-002
0.50 0.80 2.40 0.50188441073827306 6.0684332961363309E-002
0.50 0.80 2.80 0.50325025741790663 6.0240695328276729E-002
0.50 0.80 3.20 0.49115971915931844 6.0897585828527660E-002
0.50 0.80 3.60 0.49124119495649082 6.0860725111818337E-002
0.50 0.80 4.00 0.48416542948356389 6.1006568183605343E-002
0.50 0.80 4.40 0.47607068446237344 6.2146666844592420E-002
0.50 0.80 4.80 0.47287832402366459 6.2099670070640843E-002
0.50 0.80 5.20 0.47735420922222477 6.1820888973116911E-002
0.50 0.80 5.60 0.46659775016092803 6.1733815970590841E-002
0.50 0.80 6.00 0.46527233404257762 6.1960443159585772E-002
0.50 0.80 6.40 0.46282301820165450 6.2903249018080337E-002
0.50 0.80 6.80 0.45510327213968160 6.1967872726978922E-002
0.50 0.80 7.20 0.45417488666552075 6.2329281257425442E-002
0.50 0.80 7.60 0.45319095602384385 6.2532342030857474E-002
0.50 0.80 8.00 0.45330585794995654 6.3024347444597811E-002
0.50 0.80 8.40 0.45158283787591402 6.2705399900483891E-002
0.50 0.80 8.80 0.44917682251821561 6.3209801675225552E-002
0.50 0.80 9.20 0.44891940569433852 6.3125171530869217E-002
0.50 0.80 9.60 0.44715135209971146 6.3180103183154299E-002
0.50 0.80 10.00 0.44014159532243607 6.2871185484538475E-002
0.50 0.80 10.40 0.44120316433044876 6.3407820743235171E-002
0.50 0.80 10.80 0.44498616490158643 6.3557637730802155E-002
0.50 0.80 11.20 0.44388984052288916 6.3279733240144409E-002
0.50 0.80 11.60 0.43306265828534418 6.2824539354878320E-002
0.50 0.80 12.00 0.43194672776699639 6.3321489347450383E-002

0.50 1.00 0.00 0.44434650622895183 6.7549619536087138E-002
0.50 1.00 0.40 0.50374533721208326 5.9953179514304816E-002
0.50 1.00 0.80 0.51251914706736090 5.9731578814461228E-002
0.50 1.00 1.20 0.51756779717000578 5.9915348688674583E-002
0.50 1.00 1.60 0.51279576901931434 5.9699571150941974E-002
0.50 1.00 2.00 0.51279521448704946 6.0260615315550048E-002
0.50 1.00 2.40 0.50262208432166355 5.9807226737949575E-002
0.50 1.00 2.80 0.49643630703376884 6.0674172093286932E-002
0.50 1.00 3.20 0.49357396107154694 6.0595357251690768E-002
0.50 1.00 3.60 0.48862762786749458 6.0901339458874534E-002
0.50 1.00 4.00 0.48404581858110152 6.1650560615601695E-002
0.50 1.00 4.40 0.48037292920623537 6.1517135932743994E-002
0.50 1.00 4.80 0.47503819830100308 6.2682560564456674E-002
0.50 1.00 5.20 0.47336797339722186 6.1905987147724460E-002
0.50 1.00 5.60 0.47002015813920978 6.2330874374685305E-002
0.50 1.00 6.00 0.46800229684184413 6.2581464607280451E-002
0.50 1.00 6.40 0.46277549498690984 6.2902911071185452E-002
0.50 1.00 6.80 0.45980292737221073 6.2468164281047102E-002
0.50 1.00 7.20 0.45627540107311104 6.2315706592213839E-002
0.50 1.00 7.60 0.45707786684397167 6.3035489132484052E-002
0.50 1.00 8.00 0.44944912141399368 6.2502879320521842E-002
0.50 1.00 8.40 0.44992856459505076 6.3336269736003301E-002
0.50 1.00 8.80 0.45247442419662159 6.3419184557979957E-002
0.50 1.00 9.20 0.44863735399341487 6.3524124711172913E-002
0.50 1.00 9.60 0.44922993390821275 6.2922964488641875E-002
0.50 1.00 10.00 0.44583814450062131 6.3792872786803401E-002
0.50 1.00 10.40 0.44231948387561726 6.2747337404062020E-002
0.50 1.00 10.80 0.44135984665783862 6.2943859666746399E-002
0.50 1.00 11.20 0.43442350036666733 6.3026705469913791E-002
0.50 1.00 11.60 0.43933840971512811 6.3498560323816497E-002
0.50 1.00 12.00 0.44215557709725861 6.3748829864940321E-002

0.50 1.20 0.00 0.44511346946393349 7.5413533634438465E-002
0.50 1.20 0.40 0.49646396560624817 6.0545557419532908E-002
0.50 1.20 0.80 0.51157071308507240 6.0089452125043616E-002
0.50 1.20 1.20 0.51071097982552272 5.9793192635372049E-002
0.50 1.20 1.60 0.51026777882554364 5.9765808907239718E-002
0.50 1.20 2.00 0.50120852423432560 6.0099518109779919E-002
0.50 1.20 2.40 0.50245767052849188 6.0718915673492573E-002
0.50 1.20 2.80 0.49460409004445288 6.1065566625250700E-002
0.50 1.20 3.20 0.49411453884358753 6.1451571644396241E-002
0.50 1.20 3.60 0.48585573485615602 6.1358706733401401E-002
0.50 1.20 4.00 0.48377706965733031 6.1491683431402461E-002
0.50 1.20 4.40 0.47648041230616400 6.2148220612030285E-002
0.50 1.20 4.80 0.47283931144988267 6.1493420596929659E-002
0.50 1.20 5.20 0.47353802649984111 6.2002251412090960E-002
0.50 1.20 5.60 0.46920375326973629 6.2372979586029942E-002
0.50 1.20 6.00 0.46439903342100736 6.2351296487641698E-002
0.50 1.20 6.40 0.45971484846990968 6.1976088654572631E-002
0.50 1.20 6.80 0.45777980933536827 6.3415029057949365E-002
0.50 1.20 7.20 0.46120907733211902 6.3340173712343725E-002
0.50 1.20 7.60 0.45208017219215596 6.3255388161915782E-002
0.50 1.20 8.00 0.44886262633118157 6.2549243863287501E-002
0.50 1.20 8.40 0.45084079414100076 6.2854128893236799E-002
0.50 1.20 8.80 0.44507061677587706 6.2696686900808332E-002
0.50 1.20 9.20 0.44610217017159937 6.3703255208913706E-002
0.50 1.20 9.60 0.44127845892895834 6.3127762906068335E-002
0.50 1.20 10.00 0.44276980531447158 6.2587017855614213E-002
0.50 1.20 10.40 0.44122444052075338 6.3454077102875234E-002
0.50 1.20 10.80 0.43541216851670106 6.3410117469834396E-002
0.50 1.20 11.20 0.43827986624130350 6.2880564889667562E-002
0.50 1.20 11.60 0.43546406776048663 6.3381908241736465E-002
0.50 1.20 12.00 0.43340418262831515 6.3567166166692404E-002

0.50 1.40 0.00 0.31130069190851384 5.9595681750625053E-002
0.50 1.40 0.40 0.48046395095584504 6.0577783266476309E-002
0.50 1.40 0.80 0.50249899278418453 6.0705274355895851E-002
0.50 1.40 1.20 0.50632420890399787 5.9901320679716187E-002
0.50 1.40 1.60 0.50652246576115223 6.0540862574766166E-002
0.50 1.40 2.00 0.50054789095669117 6.0849086733435580E-002
0.50 1.40 2.40 0.49605482990567629 6.0971802808532184E-002
0.50 1.40 2.80 0.49109866760449183 6.1328044450453617E-002
0.50 1.40 3.20 0.48869179259296791 6.0823723186145026E-002
0.50 1.40 3.60 0.48429489622401389 6.1923746942532297E-002
0.50 1.40 4.00 0.47683375610474588 6.1428921978221904E-002
0.50 1.40 4.40 0.47527630919731012 6.2102976347533374E-002
0.50 1.40 4.80 0.47434894794367333 6.2052444987596080E-002
0.50 1.40 5.20 0.47253126174868526 6.2084009822819169E-002
0.50 1.40 5.60 0.46759155941743097 6.2938357834783076E-002
0.50 1.40 6.00 0.46364324096074422 6.2278279947976002E-002
0.50 1.40 6.40 0.45743027909610456 6.2470615740811954E-002
0.50 1.40 6.80 0.45855179365112947 6.2393799077264896E-002
0.50 1.40 7.20 0.45693215110517327 6.2219361277654206E-002
0.50 1.40 7.60 0.44971127055944854 6.2284209920711583E-002
0.50 1.40 8.00 0.44921665007987543 6.2696031458991913E-002
0.50 1.40 8.40 0.44873466452440691 6.2769263770105610E-002
0.50 1.40 8.80 0.44563941765533138 6.2836880683203852E-002
0.50 1.40 9.20 0.44755018385783157 6.3107287315673638E-002
0.50 1.40 9.60 0.44144963162358086 6.3496030314311627E-002
0.50 1.40 10.00 0.44850580202456625 6.2925899680122757E-002
0.50 1.40 10.40 0.43755792518899328 6.3055722392343333E-002
0.50 1.40 10.80 0.43650209752987584 6.2905003288266495E-002
0.50 1.40 11.20 Binary file (standard input) matches
0.50 1.40 11.60 0.44003293761962603 6.3524905191906150E-002
0.50 1.40 12.00 0.43821520724170188 6.3067529667584485E-002

0.50 1.60 0.00 0.39198466635062518 7.1155361055205077E-002
0.50 1.60 0.40 0.48049814942640723 6.0496476509366265E-002
0.50 1.60 0.80 0.48684463529537342 6.0920643428530014E-002
0.50 1.60 1.20 0.49579607416911048 6.0802464163348204E-002
0.50 1.60 1.60 0.49325590147217613 6.0590410122826281E-002
0.50 1.60 2.00 0.49719896289277266 6.1492931170167887E-002
0.50 1.60 2.40 0.48679408971307980 6.1464864490776587E-002
0.50 1.60 2.80 0.49410930665137470 6.1164354973256334E-002
0.50 1.60 3.20 0.48686342636204599 6.1490462734922195E-002
0.50 1.60 3.60 0.47691955179000267 6.1823918959602008E-002
0.50 1.60 4.00 0.47487782645283022 6.1680060130870684E-002
0.50 1.60 4.40 0.47518887440168955 6.1498206785197275E-002
0.50 1.60 4.80 0.46996926365951452 6.1782951997705567E-002
0.50 1.60 5.20 0.46921928612848313 6.1589822392318534E-002
0.50 1.60 5.60 0.46356592396599605 6.2461033125842252E-002
0.50 1.60 6.00 0.46749801056281448 6.2655520197997458E-002
0.50 1.60 6.40 0.46050852759738747 6.2593502189754985E-002
0.50 1.60 6.80 0.45853643642765435 6.2434584156271150E-002
0.50 1.60 7.20 0.45315335416915098 6.2113744958583017E-002
0.50 1.60 7.60 0.45260496502453423 6.2607109906527764E-002
0.50 1.60 8.00 0.45447100523094752 6.3449739126055213E-002
0.50 1.60 8.40 0.44868773159849268 6.2865466400540415E-002
0.50 1.60 8.80 0.44716227468754816 6.3284144649368074E-002
0.50 1.60 9.20 0.44720495034479446 6.2766346457365105E-002
0.50 1.60 9.60 0.44283538943776363 6.3063345566846882E-002
0.50 1.60 10.00 0.44185018474745341 6.3702883423166282E-002
0.50 1.60 10.40 0.43464738152933158 6.3074103098134257E-002
0.50 1.60 10.80 0.44016691908188188 6.3309050870694467E-002
0.50 1.60 11.20 0.43689513731278690 6.3130998379060346E-002
0.50 1.60 11.60 0.43432186763213326 6.3505923742316783E-002
0.50 1.60 12.00 0.43507039353490129 6.3719021836141657E-002

0.50 1.80 0.00 0.33929485554452293 6.2939359925087826E-002
0.50 1.80 0.40 0.47637376216694677 6.1838386428174998E-002
0.50 1.80 0.80 0.48636172934169064 6.1132435887405176E-002
0.50 1.80 1.20 0.48873890137149045 6.0911961364819314E-002
0.50 1.80 1.60 0.49074311294277911 6.0988646004750381E-002
0.50 1.80 2.00 0.48961519868037173 6.1474353380852338E-002
0.50 1.80 2.40 0.48546320370584323 6.0963977322084285E-002
0.50 1.80 2.80 0.47892101617691718 6.2041378953197765E-002
0.50 1.80 3.20 0.48343458324952709 6.1996952623228054E-002
0.50 1.80 3.60 0.47735465932944721 6.1625235186641120E-002
0.50 1.80 4.00 0.47675739128938288 6.1709024299379391E-002
0.50 1.80 4.40 0.46985231682702822 6.1566853314843843E-002
0.50 1.80 4.80 0.46762409618130951 6.2174172629237100E-002
0.50 1.80 5.20 0.46662481947508300 6.2762967282726734E-002
0.50 1.80 5.60 0.46478952138895713 6.2509023400100922E-002
0.50 1.80 6.00 0.46091319240591205 6.1826122839041091E-002
0.50 1.80 6.40 0.45833986853817654 6.2618643077597597E-002
0.50 1.80 6.80 0.45329975687963203 6.2751496667436665E-002
0.50 1.80 7.20 0.45339186019254063 6.3092574306777963E-002
0.50 1.80 7.60 0.45041109324287143 6.2513268498357352E-002
0.50 1.80 8.00 0.44890076779833121 6.2896353934674215E-002
0.50 1.80 8.40 0.44952720084930498 6.2800755845028908E-002
0.50 1.80 8.80 0.45123805996160071 6.3213251941343057E-002
0.50 1.80 9.20 0.44546337823947074 6.2828577824846688E-002
0.50 1.80 9.60 0.44563790274821385 6.2872258404035306E-002
0.50 1.80 10.00 0.43912668289121148 6.3311174619811297E-002
0.50 1.80 10.40 0.44402675280328535 6.3452800468732612E-002
0.50 1.80 10.80 0.44110421250191167 6.3551957453074057E-002
0.50 1.80 11.20 0.44078542906280377 6.3934316706767275E-002
0.50 1.80 11.60 0.43490336508872895 6.3321941396544429E-002
0.50 1.80 12.00 0.43194289535414576 6.3100622831247871E-002

0.50 2.00 0.00 0.44646969758918464 6.3439380217152952E-002
0.50 2.00 0.40 0.47178327900711964 6.1718752475131748E-002
0.50 2.00 0.80 0.47593012420047109 6.1872020639692750E-002
0.50 2.00 1.20 0.48265930071377766 6.1730138447172456E-002
0.50 2.00 1.60 0.48470856776227123 6.1757466933034334E-002
0.50 2.00 2.00 0.48381293570753658 6.1934011404476845E-002
0.50 2.00 2.40 0.48542756720045244 6.1325762856638516E-002
0.50 2.00 2.80 0.48005088580301464 6.1530274289202450E-002
0.50 2.00 3.20 0.47712058031109983 6.1636637574491768E-002
0.50 2.00 3.60 0.47377106899594884 6.2529584587380407E-002
0.50 2.00 4.00 0.47379338056611003 6.1937544638479190E-002
0.50 2.00 4.40 0.46947667113282227 6.1729007193812753E-002
0.50 2.00 4.80 0.46219377362613379 6.1914541909193876E-002
0.50 2.00 5.20 0.46242725056244510 6.2146587935405465E-002
0.50 2.00 5.60 0.46252409818353640 6.2169070840481490E-002
0.50 2.00 6.00 0.46137318138733691 6.2457985321466333E-002
0.50 2.00 6.40 0.45588104482479463 6.2652839219104639E-002
0.50 2.00 6.80 0.45671714792269069 6.2595220513862210E-002
0.50 2.00 7.20 0.45548905970834114 6.2331931996045344E-002
0.50 2.00 7.60 0.44973831928941915 6.3050503997444052E-002
0.50 2.00 8.00 0.44756877669348982 6.2516248865695442E-002
0.50 2.00 8.40 0.45087823823111350 6.3286303417427900E-002
0.50 2.00 8.80 0.44585947287836813 6.3306050016715423E-002
0.50 2.00 9.20 0.44431487284630367 6.3659956558612160E-002
0.50 2.00 9.60 0.44395979104120498 6.3044202329283358E-002
0.50 2.00 10.00 0.44070642105268149 6.3722221993324724E-002
0.50 2.00 10.40 0.43870053857444102 6.4168161302891880E-002
0.50 2.00 10.80 0.44270675757342082 6.3907543976483766E-002
0.50 2.00 11.20 0.44019859703152842 6.3903643253971118E-002
0.50 2.00 11.60 0.43042297826603998 6.3094414875602661E-002
0.50 2.00 12.00 0.43548912492352471 6.3222578711691568E-002

0.50 2.20 0.00 0.14839976890665726 4.1840373002981122E-002
0.50 2.20 0.40 0.46820509703771734 6.2164817588073476E-002
0.50 2.20 0.80 0.46727548319951523 6.2338982268435414E-002
0.50 2.20 1.20 0.47309511751034072 6.2059851903226028E-002
0.50 2.20 1.60 0.47369723617986892 6.2036317624283251E-002
0.50 2.20 2.00 0.47729028684766367 6.1005799387109573E-002
0.50 2.20 2.40 0.47606428865392481 6.1843660035903220E-002
0.50 2.20 2.80 0.47008230037263454 6.1251812516473721E-002
0.50 2.20 3.20 0.47537895107495692 6.1651536335541074E-002
0.50 2.20 3.60 0.46679023020556992 6.1970216898305022E-002
0.50 2.20 4.00 0.46700373883946772 6.2392394455213461E-002
0.50 2.20 4.40 0.46646263957466250 6.2386759295378284E-002
0.50 2.20 4.80 0.46711377875255594 6.2932472564656589E-002
0.50 2.20 5.20 0.45944946874941728 6.3260721656021368E-002
0.50 2.20 5.60 0.46653421079368129 6.2593528528890857E-002
0.50 2.20 6.00 0.45512834198109003 6.2705862005821178E-002
0.50 2.20 6.40 0.45479829490906953 6.2135587579574596E-002
0.50 2.20 6.80 0.45223207526686399 6.2706244487718693E-002
0.50 2.20 7.20 0.45046983664884033 6.3072552256756731E-002
0.50 2.20 7.60 0.45075939582450547 6.3374762978940916E-002
0.50 2.20 8.00 0.44392006519419230 6.3355924017204329E-002
0.50 2.20 8.40 0.44278212772695269 6.3537560606967358E-002
0.50 2.20 8.80 0.44656541021830209 6.2670379111143107E-002
0.50 2.20 9.20 0.44550408500801114 6.3563523319830076E-002
0.50 2.20 9.60 0.44193684579429637 6.2982742624330942E-002
0.50 2.20 10.00 0.43987116098999846 6.3526319453967944E-002
0.50 2.20 10.40 0.44105691796657254 6.3582139605930843E-002
0.50 2.20 10.80 0.43827159335145821 6.3916035290674883E-002
0.50 2.20 11.20 0.43947003936261630 6.3597120656191858E-002
0.50 2.20 11.60 0.44102190784200063 6.3731733285603762E-002
0.50 2.20 12.00 0.43960859527015872 6.3588532870551939E-002

0.50 2.40 0.00 0.32388879840576290 5.5748695981190928E-002
0.50 2.40 0.40 0.45768095240067452 6.2376803359808851E-002
0.50 2.40 0.80 0.46428777608632482 6.2328782160318660E-002
0.50 2.40 1.20 0.46543965367642237 6.2876683173572201E-002
0.50 2.40 1.60 0.46725350561567158 6.1910992142567400E-002
0.50 2.40 2.00 0.46878382247904182 6.1848766132691961E-002
0.50 2.40 2.40 0.47158321842646045 6.2084806014656477E-002
0.50 2.40 2.80 0.46666506309816069 6.1707275806503835E-002
0.50 2.40 3.20 0.47111134231980678 6.2609248596297809E-002
0.50 2.40 3.60 0.46794731781435595 6.2314669065081242E-002
0.50 2.40 4.00 0.46025206656816220 6.2606226194660164E-002
0.50 2.40 4.40 0.46695266368252231 6.2644362365721296E-002
0.50 2.40 4.80 0.46078584038632425 6.2055127106670979E-002
0.50 2.40 5.20 0.46044296110006327 6.2263629853385967E-002
0.50 2.40 5.60 0.45875773268301712 6.2508351437919149E-002
0.50 2.40 6.00 0.45351981249787893 6.2838470447491038E-002
0.50 2.40 6.40 0.45435265238955325 6.2086187080425695E-002
0.50 2.40 6.80 0.44763656896277337 6.2965324874245138E-002
0.50 2.40 7.20 0.45185491789987309 6.3141806914588150E-002
0.50 2.40 7.60 0.44723886746452113 6.3259223854910354E-002
0.50 2.40 8.00 0.44976330587331581 6.3178478065551047E-002
0.50 2.40 8.40 0.44553310698436394 6.2804442777403421E-002
0.50 2.40 8.80 0.44704224720356300 6.3537077203668468E-002
0.50 2.40 9.20 0.44544063017230906 6.2992336939665244E-002
0.50 2.40 9.60 0.44188774691587324 6.3100085912487128E-002
0.50 2.40 10.00 0.44176885603399746 6.3191107430709340E-002
0.50 2.40 10.40 0.43505407177287270 6.3731349893055456E-002
0.50 2.40 10.80 0.43923123859419883 6.3168846718602706E-002
0.50 2.40 11.20 0.43698580447359403 6.2975889785948078E-002
0.50 2.40 11.60 0.43532667376125611 6.3770125145233253E-002
0.50 2.40 12.00 0.43464785801324768 6.2990734710710664E-002

0.50 2.60 0.00 0.20139290988409217 5.7263886290769846E-002
0.50 2.60 0.40 0.45141663086745715 6.1937940990383064E-002
0.50 2.60 0.80 0.45680288002617253 6.1297662137695712E-002
0.50 2.60 1.20 0.46614890424026345 6.1997233735629688E-002
0.50 2.60 1.60 0.46697418790407702 6.2225988086253625E-002
0.50 2.60 2.00 0.46391737291882607 6.2057553379197959E-002
0.50 2.60 2.40 0.46312560324687146 6.1887721202551225E-002
0.50 2.60 2.80 0.46882761947907448 6.2297364679772455E-002
0.50 2.60 3.20 0.46638716234906064 6.2656521150984995E-002
0.50 2.60 3.60 0.46230263650411307 6.1924580426207028E-002
0.50 2.60 4.00 0.46101542109082477 6.2132988543094292E-002
0.50 2.60 4.40 0.46153926281378210 6.2386995579103766E-002
0.50 2.60 4.80 0.45271111342182485 6.2469368220805448E-002
0.50 2.60 5.20 0.45165027011752157 6.3108001651451834E-002
0.50 2.60 5.60 0.45461774844413982 6.2800695736615605E-002
0.50 2.60 6.00 0.45724566109565734 6.3259603684632709E-002
0.50 2.60 6.40 0.45218701155851082 6.2524792995294204E-002
0.50 2.60 6.80 0.45457303413878136 6.2698251590091320E-002
0.50 2.60 7.20 0.44578511844642515 6.3008869662040126E-002
0.50 2.60 7.60 0.44610377633658055 6.3506655663520872E-002
0.50 2.60 8.00 0.44690885141833431 6.3052379249282212E-002
0.50 2.60 8.40 0.44137492432447428 6.2614731054236747E-002
0.50 2.60 8.80 0.44101706304093202 6.3132021114216008E-002
0.50 2.60 9.20 0.44307849710157116 6.3722304746793579E-002
0.50 2.60 9.60 0.44363122001130539 6.3626402117032396E-002
0.50 2.60 10.00 0.43931288802419743 6.3396731672149750E-002
0.50 2.60 10.40 0.43985664596784363 6.3734010045307890E-002
0.50 2.60 10.80 0.43219342493026180 6.3204883081721272E-002
0.50 2.60 11.20 0.43781117035286138 6.3325385905002293E-002
0.50 2.60 11.60 0.43639176577848282 6.2568380250553710E-002
0.50 2.60 12.00 0.44066502071458197 6.3682219135882415E-002

0.50 2.80 0.00 0.25772468334837706 5.9482663048357858E-002
0.50 2.80 0.40 0.45123231070758046 6.2262740822751052E-002
0.50 2.80 0.80 0.45935223018658922 6.2120064157224153E-002
0.50 2.80 1.20 0.45340211219805793 6.1534617820915585E-002
0.50 2.80 1.60 0.46152362289472182 6.1878340243591040E-002
0.50 2.80 2.00 0.46180064032358692 6.2056686466048741E-002
0.50 2.80 2.40 0.46419227479209535 6.2823942600528482E-002
0.50 2.80 2.80 0.45948681662463464 6.2126642105605825E-002
0.50 2.80 3.20 0.46166126977524569 6.2280287564020702E-002
0.50 2.80 3.60 0.45855302264775216 6.2341845011623251E-002
0.50 2.80 4.00 0.45516140664166721 6.2333712696537695E-002
0.50 2.80 4.40 0.45822346634662897 6.2422478875366255E-002
0.50 2.80 4.80 0.45288292201634234 6.3077819035285462E-002
0.50 2.80 5.20 0.45559990818411861 6.2734868385309700E-002
0.50 2.80 5.60 0.44986531209728675 6.2760179305451261E-002
0.50 2.80 6.00 0.45764120622795251 6.3119306840284994E-002
0.50 2.80 6.40 0.45345039736736076 6.3294797595523936E-002
0.50 2.80 6.80 0.44634839262890696 6.3120211142841040E-002
0.50 2.80 7.20 0.45054975686768117 6.3346145811758917E-002
0.50 2.80 7.60 Binary file (standard input) matches
0.50 2.80 8.00 0.44810923893430432 6.3823622915698874E-002
0.50 2.80 8.40 0.44203179568846229 6.2573593139115813E-002
0.50 2.80 8.80 0.44011933465746411 6.3079885576226943E-002
0.50 2.80 9.20 0.44468482840903845 6.3082198159633632E-002
0.50 2.80 9.60 0.44467666088391961 6.3441317847250309E-002
0.50 2.80 10.00 0.43759585931784228 6.3623775234225730E-002
0.50 2.80 10.40 0.43471105669011123 6.3437815891492208E-002
0.50 2.80 10.80 0.44137157566442342 6.3065106135347507E-002
0.50 2.80 11.20 0.43792247455767608 6.3739541919078602E-002
0.50 2.80 11.60 0.43808246275410667 6.3581288312743123E-002
0.50 2.80 12.00 0.43375383163502246 6.3472126894318928E-002

0.50 3.00 0.00 0.18877007433222204 4.9047393419543769E-002
0.50 3.00 0.40 0.44120897161073047 6.2129340915551647E-002
0.50 3.00 0.80 0.44560522253891560 6.1962038266130191E-002
0.50 3.00 1.20 0.45082790119750060 6.2724519667469752E-002
0.50 3.00 1.60 0.45535220515801245 6.2293345156021716E-002
0.50 3.00 2.00 0.45007902564764624 6.2060332268768482E-002
0.50 3.00 2.40 0.45785507580736262 6.2183391116558379E-002
0.50 3.00 2.80 0.45919964362183546 6.1800615864438184E-002
0.50 3.00 3.20 0.45971215094984680 6.2892419643144945E-002
0.50 3.00 3.60 0.45522003612257034 6.2656832982572588E-002
0.50 3.00 4.00 0.45645042404084013 6.2774982997461148E-002
0.50 3.00 4.40 0.45675589336483763 6.3513714920889405E-002
0.50 3.00 4.80 0.45704827653416408 6.2812175231634002E-002
0.50 3.00 5.20 0.45034652010401227 6.3028962507353695E-002
0.50 3.00 5.60 0.45122655274135565 6.2304856990632290E-002
0.50 3.00 6.00 0.44985582185271078 6.3271676341921212E-002
0.50 3.00 6.40 0.45137541450165664 6.3714361498078631E-002
0.50 3.00 6.80 0.44963793266784463 6.3917747896629795E-002
0.50 3.00 7.20 0.44832644101312968 6.2449209587070245E-002
0.50 3.00 7.60 0.44615626875574871 6.2929671389767586E-002
0.50 3.00 8.00 0.44274861372270735 6.2646496694070547E-002
0.50 3.00 8.40 0.44405683611056845 6.3693700365174494E-002
0.50 3.00 8.80 0.44449672208768787 6.3109248274416899E-002
0.50 3.00 9.20 0.44076452878173289 6.2794584896570360E-002
0.50 3.00 9.60 0.44008621135250137 6.3580323086862400E-002
0.50 3.00 10.00 0.44046006136208538 6.2663185217875242E-002
0.50 3.00 10.40 0.44023294816412911 6.3005533214555320E-002
0.50 3.00 10.80 0.44060239972928361 6.3078899691435611E-002
0.50 3.00 11.20 0.43288888866568775 6.2962358909497612E-002
0.50 3.00 11.60 0.43846643584643435 6.3387970337013655E-002
0.50 3.00 12.00 0.44048048062159439 6.3406642011424957E-002

0.50 3.20 0.00 0.35843666272793789 6.3235126212158668E-002
0.50 3.20 0.40 0.44364120535419671 6.3013006212745415E-002
0.50 3.20 0.80 0.44372597908828082 6.1973739141107806E-002
0.50 3.20 1.20 0.45154042322347243 6.2881475929624189E-002
0.50 3.20 1.60 0.45028208323970159 6.2455413937454934E-002
0.50 3.20 2.00 0.45486117862125958 6.2503700100445106E-002
0.50 3.20 2.40 0.45698149126353299 6.2340755065526575E-002
0.50 3.20 2.80 0.45503446639014455 6.2284701264955049E-002
0.50 3.20 3.20 0.45341573981077127 6.3180152830268926E-002
0.50 3.20 3.60 0.45450064073798774 6.3289891516250502E-002
0.50 3.20 4.00 0.45897356135830980 6.2844284332687794E-002
0.50 3.20 4.40 0.45037394017657723 6.2317911075253848E-002
0.50 3.20 4.80 0.45164633046383429 6.3473404070929065E-002
0.50 3.20 5.20 0.45034538833534876 6.2852183258640115E-002
0.50 3.20 5.60 0.44796729459017265 6.3126624290702787E-002
0.50 3.20 6.00 0.44687857336401898 6.3029465749673719E-002
0.50 3.20 6.40 0.44622042065440748 6.2849917956277701E-002
0.50 3.20 6.80 0.45042199263177185 6.3123561879488518E-002
0.50 3.20 7.20 0.45010756722989675 6.3310483375090945E-002
0.50 3.20 7.60 0.44354064705133800 6.2898880483724773E-002
0.50 3.20 8.00 0.44015050795506855 6.3364342474916485E-002
0.50 3.20 8.40 0.44310692479453129 6.2980688807133325E-002
0.50 3.20 8.80 0.44074037564484669 6.2884816051244463E-002
0.50 3.20 9.20 0.44188699723602864 6.3484227138911553E-002
0.50 3.20 9.60 0.44004372270121406 6.3510560936675522E-002
0.50 3.20 10.00 0.43587066220661441 6.3343254847536445E-002
0.50 3.20 10.40 0.43856250391717994 6.3747780468482812E-002
0.50 3.20 10.80 0.43704515548966133 6.3851262372784934E-002
0.50 3.20 11.20 0.43435317182645933 6.3794913691242489E-002
0.50 3.20 11.60 0.43701442859064005 6.3843608825408904E-002
0.50 3.20 12.00 0.43378189173339743 6.3561634049678489E-002

0.50 3.40 0.00 0.23906559985291881 6.3008209628576409E-002
0.50 3.40 0.40 0.44922874030504384 6.2768533030624504E-002
0.50 3.40 0.80 0.45470397019996261 6.2513604340971779E-002
0.50 3.40 1.20 0.45274991936633874 6.2490999009780654E-002
0.50 3.40 1.60 0.44905990310099553 6.2310813575379605E-002
0.50 3.40 2.00 0.45182199145690144 6.2643721189616391E-002
0.50 3.40 2.40 0.45354503768906040 6.2958870270539438E-002
0.50 3.40 2.80 0.45217814781512250 6.2755539620779760E-002
0.50 3.40 3.20 0.45358217228765974 6.2961113358098703E-002
0.50 3.40 3.60 0.44829605880463130 6.3056971769813674E-002
0.50 3.40 4.00 0.45365513509439725 6.2657604647304646E-002
0.50 3.40 4.40 0.45004894092904946 6.3154859628169802E-002
0.50 3.40 4.80 0.44607158395138047 6.2579454156508715E-002
0.50 3.40 5.20 0.44988752431629353 6.3327479378330304E-002
0.50 3.40 5.60 0.44741856932612539 6.2859217001856177E-002
0.50 3.40 6.00 0.44602159062222313 6.3007812503389771E-002
0.50 3.40 6.40 0.44830376287452173 6.2959372995284299E-002
0.50 3.40 6.80 0.45156337961542137 6.3949555599544156E-002
0.50 3.40 7.20 0.44112336505931793 6.3542940814070012E-002
0.50 3.40 7.60 0.44260822741716954 6.3393432211526365E-002
0.50 3.40 8.00 0.44606037576015911 6.3898106183136738E-002
0.50 3.40 8.40 0.44872438174341578 6.2977115483291685E-002
0.50 3.40 8.80 0.43904997951944313 6.3574838633614114E-002
0.50 3.40 9.20 0.44089777311202971 6.3211707892782895E-002
0.50 3.40 9.60 0.43548947783847369 6.2948342936037613E-002
0.50 3.40 10.00 0.43688156630117281 6.2825722955618946E-002
0.50 3.40 10.40 0.43832373742068836 6.3238857306075119E-002
0.50 3.40 10.80 0.43857201186354500 6.3008811913376414E-002
0.50 3.40 11.20 0.43886218325552778 6.3382597461353468E-002
0.50 3.40 11.60 0.43172504755410224 6.3663030063157489E-002
0.50 3.40 12.00 0.43921150298264988 6.3830538215436397E-002

0.50 3.60 0.00 0.39629619516498460 6.3485442712935741E-002
0.50 3.60 0.40 0.44665465049171998 6.2484108717876685E-002
0.50 3.60 0.80 0.44652825553642950 6.2223235841160456E-002
0.50 3.60 1.20 0.44899894613577873 6.2747500262660683E-002
0.50 3.60 1.60 0.44351666788340555 6.2861376121405910E-002
0.50 3.60 2.00 0.44754054182506958 6.2346721508916056E-002
0.50 3.60 2.40 0.44940026409109340 6.3333472933705698E-002
0.50 3.60 2.80 0.44259724978473108 6.3369351810771482E-002
0.50 3.60 3.20 0.45138027260369301 6.2998264586681521E-002
0.50 3.60 3.60 0.45078422716109035 6.3053914817741641E-002
0.50 3.60 4.00 0.45129380140246111 6.3432053038131112E-002
0.50 3.60 4.40 0.44712547730315794 6.3062361259097852E-002
0.50 3.60 4.80 0.44979647875183959 6.3368837569702893E-002
0.50 3.60 5.20 0.44697010180064972 6.2962854900707035E-002
0.50 3.60 5.60 0.44816189945336787 6.2876159317874492E-002
0.50 3.60 6.00 0.44250924155275173 6.3167003377050931E-002
0.50 3.60 6.40 0.44856773703997177 6.2722506305227119E-002
0.50 3.60 6.80 0.44376877651721686 6.3942964596393093E-002
0.50 3.60 7.20 0.44392964855783862 6.3651350434194093E-002
0.50 3.60 7.60 0.43999127204330674 6.3774372664353401E-002
0.50 3.60 8.00 0.44304222956040384 6.3459538849634553E-002
0.50 3.60 8.40 0.44293422854138198 6.3541288242781865E-002
0.50 3.60 8.80 0.44018291173476876 6.3077999535799317E-002
0.50 3.60 9.20 0.43661933606381587 6.3034103338158468E-002
0.50 3.60 9.60 0.44018227310161767 6.3128510381956382E-002
0.50 3.60 10.00 0.43565023248097579 6.2749030902170877E-002
0.50 3.60 10.40 0.43592997254193683 6.3838480964318794E-002
0.50 3.60 10.80 0.43819338622943799 6.3560417007251457E-002
0.50 3.60 11.20 0.43803067585556865 6.3840056746294740E-002
0.50 3.60 11.60 0.43645987414971765 6.3965965074554168E-002
0.50 3.60 12.00 0.43606442339318929 6.3457899539025378E-002

0.50 3.80 0.00 0.27793742103915775 7.5042247775048490E-002
0.50 3.80 0.40 0.43692241537545928 6.3382950650484354E-002
0.50 3.80 0.80 0.43732894028964597 6.2707461234666390E-002
0.50 3.80 1.20 0.44258914718390202 6.3038104483153945E-002
0.50 3.80 1.60 0.44419475989900581 6.3358183792456349E-002
0.50 3.80 2.00 0.44164506607038134 6.3083208626496426E-002
0.50 3.80 2.40 0.44308434406160602 6.2505784147448826E-002
0.50 3.80 2.80 0.44463634939674196 6.2883009861484734E-002
0.50 3.80 3.20 0.44161148037655734 6.2331593601668643E-002
0.50 3.80 3.60 0.44711953510321434 6.2731521846686344E-002
0.50 3.80 4.00 0.44738875787187826 6.3343450296319534E-002
0.50 3.80 4.40 0.44572597224082144 6.2987220809603658E-002
0.50 3.80 4.80 0.44636714177680920 6.3295916595434779E-002
0.50 3.80 5.20 0.44061445515466036 6.3035083649437537E-002
0.50 3.80 5.60 0.44423731229808994 6.3146058820714751E-002
0.50 3.80 6.00 0.44883096117015642 6.3253895577274219E-002
0.50 3.80 6.40 0.44323002353997476 6.3242757955071643E-002
0.50 3.80 6.80 0.44767714900396427 6.3354566151476416E-002
0.50 3.80 7.20 0.44884315161371013 6.3042335059580026E-002
0.50 3.80 7.60 0.44508793158012239 6.3466079239923090E-002
0.50 3.80 8.00 0.44181580656087671 6.3221068189659543E-002
0.50 3.80 8.40 0.44176586100325616 6.3571546166497558E-002
0.50 3.80 8.80 0.44499388696373721 6.3519700805014845E-002
0.50 3.80 9.20 0.44089603780405157 6.3804928255011273E-002
0.50 3.80 9.60 0.43829668125690252 6.3410830545271135E-002
0.50 3.80 10.00 0.44024134043575980 6.3694482365128230E-002
0.50 3.80 10.40 0.43645154969687966 6.3692571433823481E-002
0.50 3.80 10.80 0.43804128642765178 6.3035552338113532E-002
0.50 3.80 11.20 0.43498009587714553 6.4276296360237684E-002
0.50 3.80 11.60 0.43597491492478041 6.3924854521278968E-002
0.50 3.80 12.00 0.43495674773191573 6.3583843999639983E-002

0.50 4.00 0.00 0.19466943586238297 4.6837848640530692E-002
0.50 4.00 0.40 0.43555704450358868 6.3061630683393377E-002
0.50 4.00 0.80 0.43669815588022026 6.3456389610742250E-002
0.50 4.00 1.20 0.43356593855495940 6.3182995584247406E-002
0.50 4.00 1.60 0.43304595917615069 6.2846680727853821E-002
0.50 4.00 2.00 0.43505368643457781 6.2965801211472702E-002
0.50 4.00 2.40 0.43433100514693956 6.2856949317757163E-002
0.50 4.00 2.80 0.43894839353864368 6.3256895236195904E-002
0.50 4.00 3.20 0.43999627992805107 6.2493372177167203E-002
0.50 4.00 3.60 0.43841378089264021 6.3166438272461239E-002
0.50 4.00 4.00 0.44529931979979986 6.3034399171310748E-002
0.50 4.00 4.40 0.43956188017123027 6.4216339503848238E-002
0.50 4.00 4.80 0.44623688546459894 6.3179478894101096E-002
0.50 4.00 5.20 0.44324085575570688 6.3261342752244917E-002
0.50 4.00 5.60 0.43759185594724154 6.3035703217058023E-002
0.50 4.00 6.00 0.44496888899812193 6.3772140078157083E-002
0.50 4.00 6.40 0.44463878453594663 6.3636843857484401E-002
0.50 4.00 6.80 0.44249555301323518 6.3242394685695841E-002
0.50 4.00 7.20 0.44546557329970699 6.3475750728720179E-002
0.50 4.00 7.60 0.43550744121506096 6.2837705391038515E-002
0.50 4.00 8.00 0.44000385926351926 6.3589907547983937E-002
0.50 4.00 8.40 0.43484951160166085 6.3743811095769543E-002
0.50 4.00 8.80 0.43366008265310241 6.3656678639232411E-002
0.50 4.00 9.20 0.44059687341367093 6.3286264877482470E-002
0.50 4.00 9.60 0.44030627621799068 6.3527470889415905E-002
0.50 4.00 10.00 0.43616935643574706 6.3568020475123499E-002
0.50 4.00 10.40 0.43883638493174698 6.3911261160210717E-002
0.50 4.00 10.80 0.43216218237451187 6.3493018782831687E-002
0.50 4.00 11.20 0.43447536994500774 6.3176709772726408E-002
0.50 4.00 11.60 0.43152945894499001 6.3344810696503370E-002
0.50 4.00 12.00 0.43134860635858968 6.3710197034915428E-002

0.50 4.20 0.00 0.37976245508173789 7.5910587438689600E-002
0.50 4.20 0.40 0.42529562388489922 6.2779777364239217E-002
0.50 4.20 0.80 0.43817441079756214 6.3116901695335084E-002
0.50 4.20 1.20 0.43259223769322847 6.3326052822959569E-002
0.50 4.20 1.60 0.43241473555763965 6.3237715427055474E-002
0.50 4.20 2.00 0.43471320383405399 6.2766099883375948E-002
0.50 4.20 2.40 0.43942790740044180 6.3599628625425397E-002
0.50 4.20 2.80 0.44149637138635744 6.3373039074437892E-002
0.50 4.20 3.20 0.43921713932462769 6.2947958019443681E-002
0.50 4.20 3.60 0.44283575476909454 6.3284925602435121E-002
0.50 4.20 4.00 0.43932015961162990 6.3814255428339697E-002
0.50 4.20 4.40 0.44213055850014082 6.2971898635048679E-002
0.50 4.20 4.80 0.44547389445640417 6.3129720362811434E-002
0.50 4.20 5.20 0.44839430911816375 6.3352856968701340E-002
0.50 4.20 5.60 0.44494559732826316 6.2865736941944667E-002
0.50 4.20 6.00 0.44359048917464766 6.3138642522494862E-002
0.50 4.20 6.40 0.44031046549353603 6.3413692941719349E-002
0.50 4.20 6.80 0.44044326953972240 6.2954192812171753E-002
0.50 4.20 7.20 0.44292347430002427 6.3397360363154381E-002
0.50 4.20 7.60 0.43996015179612630 6.3370022919812655E-002
0.50 4.20 8.00 0.43601550157664420 6.2862676302603074E-002
0.50 4.20 8.40 0.43682863289363894 6.3323054653974115E-002
0.50 4.20 8.80 0.43554187343062623 6.3821404291110023E-002
0.50 4.20 9.20 0.43678246513414398 6.3311098448494585E-002
0.50 4.20 9.60 0.43271546295817487 6.3063930891204004E-002
0.50 4.20 10.00 0.43736042440312389 6.3504204989051835E-002
0.50 4.20 10.40 0.43816882837649951 6.3979028669170143E-002
0.50 4.20 10.80 0.43781785573881021 6.3697246533547289E-002
0.50 4.20 11.20 0.43174448292996381 6.3223414927398233E-002
0.50 4.20 11.60 0.43484118153360179 6.3536317866663888E-002
0.50 4.20 12.00 0.42872620182212895 6.3997368819995668E-002

0.50 4.40 0.00 0.30770723405228012 8.2536439680343660E-002
0.50 4.40 0.40 0.43518816111640701 6.3784450670213252E-002
0.50 4.40 0.80 0.43481242879712029 6.3377298726301337E-002
0.50 4.40 1.20 0.44339558320503913 6.3010895012787851E-002
0.50 4.40 1.60 0.43683265520904524 6.3305459663264313E-002
0.50 4.40 2.00 0.44188955365132720 6.3358752333135746E-002
0.50 4.40 2.40 0.43599313440511472 6.3328585582820229E-002
0.50 4.40 2.80 0.43835594119527793 6.3262094475261502E-002
0.50 4.40 3.20 0.43918467069630374 6.2833880635606396E-002
0.50 4.40 3.60 0.43700308296515028 6.3121967526116596E-002
0.50 4.40 4.00 0.44277393339769705 6.3075123812496275E-002
0.50 4.40 4.40 0.44006951162852809 6.3426956084375000E-002
0.50 4.40 4.80 0.43940409626528820 6.2831362615946365E-002
0.50 4.40 5.20 0.43816559348531436 6.3424055540934540E-002
0.50 4.40 5.60 0.44023624285458141 6.3090542658127219E-002
0.50 4.40 6.00 0.43979671881065824 6.3173808726704930E-002
0.50 4.40 6.40 0.43893517641945323 6.3326949697813120E-002
0.50 4.40 6.80 0.44335127660920709 6.2975498702170396E-002
0.50 4.40 7.20 0.44054249755863462 6.3703875354375106E-002
0.50 4.40 7.60 0.43998508488724319 6.3530125103974128E-002
0.50 4.40 8.00 0.44001792121006311 6.3087049727594394E-002
0.50 4.40 8.40 0.43472713368274540 6.3118803240720056E-002
0.50 4.40 8.80 0.43283991580974079 6.3653175738777018E-002
0.50 4.40 9.20 0.43463738000054164 6.4056003209865264E-002
0.50 4.40 9.60 0.43739611664758610 6.4240129088368056E-002
0.50 4.40 10.00 0.43496777767629197 6.3918369082533955E-002
0.50 4.40 10.40 0.43140610802800572 6.3717965941529189E-002
0.50 4.40 10.80 0.43045012326276166 6.3430524090783327E-002
0.50 4.40 11.20 0.43723868838562241 6.3330172941795077E-002
0.50 4.40 11.60 0.43044508479141719 6.3925634151683730E-002
0.50 4.40 12.00 0.43396376276461385 6.3504440629695236E-002

0.50 4.60 0.00 0.24302278019452522 7.1667696071103695E-002
0.50 4.60 0.40 0.41934384943857167 6.3135098419768609E-002
0.50 4.60 0.80 0.43101939184811905 6.2574888125629669E-002
0.50 4.60 1.20 0.43552877542636931 6.3649986084177573E-002
0.50 4.60 1.60 0.43684428592677393 6.3671647080574684E-002
0.50 4.60 2.00 0.43409192613978698 6.3582978713270205E-002
0.50 4.60 2.40 0.43401492628934768 6.3287662046676241E-002
0.50 4.60 2.80 0.43455329193856940 6.3165509914814635E-002
0.50 4.60 3.20 0.43921094030912472 6.3510977858186629E-002
0.50 4.60 3.60 0.43588732951577691 6.3725903692122221E-002
0.50 4.60 4.00 0.44230233018864107 6.2978809190909216E-002
0.50 4.60 4.40 0.43711878067256765 6.3577657789739880E-002
0.50 4.60 4.80 0.43659763856046530 6.3683025982212538E-002
0.50 4.60 5.20 0.43830734312082270 6.3447052840674062E-002
0.50 4.60 5.60 0.43421960603074616 6.3055227139798969E-002
0.50 4.60 6.00 0.43406588493658471 6.3419497899220176E-002
0.50 4.60 6.40 0.43993351926858493 6.3586980924990419E-002
0.50 4.60 6.80 0.43708335929869674 6.4166956254948851E-002
0.50 4.60 7.20 0.43999151631035077 6.3279922517197912E-002
0.50 4.60 7.60 0.43349847139387332 6.3658553709751542E-002
0.50 4.60 8.00 0.43745315556628867 6.3936586487826116E-002
0.50 4.60 8.40 0.43865555100246362 6.3863845309378012E-002
0.50 4.60 8.80 0.43097963942522177 6.3771445094096130E-002
0.50 4.60 9.20 0.43844941180816888 6.3495248014363459E-002
0.50 4.60 9.60 0.43920343709137510 6.4403629787193786E-002
0.50 4.60 10.00 0.43407721678148442 6.3862528616419528E-002
0.50 4.60 10.40 0.43280381490277914 6.3128679546227001E-002
0.50 4.60 10.80 0.43137694712499763 6.3331098453710752E-002
0.50 4.60 11.20 0.42590602371282332 6.3638975573041212E-002
0.50 4.60 11.60 0.43123652505665416 6.3622243217785659E-002
0.50 4.60 12.00 0.43523891482157773 6.3394274239423745E-002

0.50 4.80 0.00 0.13992038713593169 4.3657795139483840E-002
0.50 4.80 0.40 0.41484606211418329 6.2800766146592954E-002
0.50 4.80 0.80 0.42777166865032995 6.3102059856536608E-002
0.50 4.80 1.20 0.43061080517881417 6.3069856946833897E-002
0.50 4.80 1.60 0.43179813292830005 6.3970326546932035E-002
0.50 4.80 2.00 0.43209513043119419 6.3716025121575842E-002
0.50 4.80 2.40 0.43378312964976268 6.3454431247400966E-002
0.50 4.80 2.80 0.43416315270383593 6.3344956778091710E-002
0.50 4.80 3.20 0.43543053973742396 6.3563430587133568E-002
0.50 4.80 3.60 0.43887817975558380 6.3453397088292118E-002
0.50 4.80 4.00 0.43412885707349680 6.3226764340964386E-002
0.50 4.80 4.40 0.43441506930970031 6.3209491546495133E-002
0.50 4.80 4.80 0.43632846576629269 6.2975823713390500E-002
0.50 4.80 5.20 0.43749461368278364 6.3369327054630442E-002
0.50 4.80 5.60 0.43783636379548713 6.3844025419354758E-002
0.50 4.80 6.00 0.43516960380096614 6.3537820805515940E-002
0.50 4.80 6.40 0.43776036226735349 6.3620589968426594E-002
0.50 4.80 6.80 0.43470685413130028 6.3140263997999518E-002
0.50 4.80 7.20 Binary file (standard input) matches
0.50 4.80 7.60 0.43358158779662503 6.3415933003968972E-002
0.50 4.80 8.00 0.43785953549155304 6.3198560200811868E-002
0.50 4.80 8.40 0.44074737869714153 6.3766295133547729E-002
0.50 4.80 8.80 0.43611250532834678 6.3079193836747274E-002
0.50 4.80 9.20 0.43240028548231868 6.3664822254881320E-002
0.50 4.80 9.60 0.43848100122526290 6.4179897891668169E-002
0.50 4.80 10.00 0.43379738394148087 6.3584719626322658E-002
0.50 4.80 10.40 0.43151390402348888 6.4073893681556443E-002
0.50 4.80 10.80 0.43400060723910139 6.3540309757709190E-002
0.50 4.80 11.20 0.42834411644174369 6.3716343153747079E-002
0.50 4.80 11.60 0.43300721391020225 6.3745480664972404E-002
0.50 4.80 12.00 0.43095457606062187 6.3354313244699256E-002

0.50 5.00 0.00 0.29416834465293790 6.9735829755577794E-002
0.50 5.00 0.40 0.41494278870899109 6.3211444665422598E-002
0.50 5.00 0.80 0.42287623126085316 6.3261273538165699E-002
0.50 5.00 1.20 0.42772890379020900 6.2676961560938826E-002
0.50 5.00 1.60 0.42683375700067289 6.3761255312056869E-002
0.50 5.00 2.00 0.43568225554141604 6.3124924186319042E-002
0.50 5.00 2.40 0.43623076731167537 6.3519262422802633E-002
0.50 5.00 2.80 0.43212628314358542 6.2869885455211036E-002
0.50 5.00 3.20 0.43353495180260204 6.3270347585671502E-002
0.50 5.00 3.60 0.43431088577744459 6.3192382264215322E-002
0.50 5.00 4.00 0.43506370621631640 6.3494838833719980E-002
0.50 5.00 4.40 0.43642843869409909 6.4199739922111115E-002
0.50 5.00 4.80 0.43522647538986015 6.4229292207621649E-002
0.50 5.00 5.20 0.43125889585590665 6.3533000684810340E-002
0.50 5.00 5.60 0.43616713683395963 6.3647711665828305E-002
0.50 5.00 6.00 0.43032773940478197 6.3167534475347412E-002
0.50 5.00 6.40 0.43592186680367273 6.3299576060869153E-002
0.50 5.00 6.80 0.43486223768740501 6.3228340612221601E-002
0.50 5.00 7.20 0.43195554203477809 6.3792527432311272E-002
0.50 5.00 7.60 0.43775470773286768 6.3058354256146046E-002
0.50 5.00 8.00 0.43851126684184960 6.3798773553029542E-002
0.50 5.00 8.40 0.43869972880102709 6.3716204032640625E-002
0.50 5.00 8.80 0.43564973520389227 6.3429184658498200E-002
0.50 5.00 9.20 0.43103768975172435 6.3831603548680671E-002
0.50 5.00 9.60 0.43951054689290470 6.3837193481337082E-002
0.50 5.00 10.00 0.43000350475645355 6.3916730068449099E-002
0.50 5.00 10.40 0.43316746211155788 6.3540668051981733E-002
0.50 5.00 10.80 0.43667145532304730 6.4096544937989636E-002
0.50 5.00 11.20 0.43117030299160541 6.3884915361706748E-002
0.50 5.00 11.60 0.43333545284191066 6.3801120076607765E-002
0.50 5.00 12.00 0.43260091829963443 6.3695501261348333E-002

0.50 5.20 0.00 0.20412224912034610 3.9378867275209159E-002
0.50 5.20 0.40 0.42886983942781620 6.3600513261812180E-002
0.50 5.20 0.80 0.43845660931586938 6.3808628172372039E-002
0.50 5.20 1.20 0.44210991142714623 6.3323818751746225E-002
0.50 5.20 1.60 0.43662398521573909 6.3238965725164242E-002
0.50 5.20 2.00 0.43983267218846250 6.3079709824763935E-002
0.50 5.20 2.40 0.43624540360318553 6.3831579262714211E-002
0.50 5.20 2.80 0.43858910921568628 6.3859611785269707E-002
0.50 5.20 3.20 0.43762437101488627 6.3301323397529335E-002
0.50 5.20 3.60 0.43574203594952793 6.3473235861625732E-002
0.50 5.20 4.00 0.43882197623004354 6.3474627886912771E-002
0.50 5.20 4.40 0.43764076663773882 6.3768056690276867E-002
0.50 5.20 4.80 0.43537088586906847 6.3253132072453241E-002
0.50 5.20 5.20 0.43490876059024075 6.4067058458080334E-002
0.50 5.20 5.60 0.43130371305970927 6.3802044550527390E-002
0.50 5.20 6.00 0.43101660517552814 6.3131450482598467E-002
0.50 5.20 6.40 0.43258312943649646 6.3575282125879179E-002
0.50 5.20 6.80 0.43354205466828449 6.3633864937612000E-002
0.50 5.20 7.20 0.43660654934714582 6.3717081609604140E-002
0.50 5.20 7.60 0.42889923045102663 6.3485727044298071E-002
0.50 5.20 8.00 0.43228801354885915 6.3783776472164738E-002
0.50 5.20 8.40 0.43774102893189426 6.3491435462001533E-002
0.50 5.20 8.80 0.43428878027972795 6.3304274087008505E-002
0.50 5.20 9.20 0.43028807510246125 6.3540924586700118E-002
0.50 5.20 9.60 0.42997898874470603 6.3675471830275235E-002
0.50 5.20 10.00 0.43524797304956186 6.4437754759186255E-002
0.50 5.20 10.40 0.43429547572719851 6.3393409777860621E-002
0.50 5.20 10.80 0.43155307948411731 6.3892657571795380E-002
0.50 5.20 11.20 0.43475421562062222 6.3519583435479615E-002
0.50 5.20 11.60 0.42535891915784080 6.3675801968247903E-002
0.50 5.20 12.00 0.42681798462664056 6.3505083039575277E-002

0.50 5.40 0.00 0.28651566543036733 7.7248635912118613E-002
0.50 5.40 0.40 0.43181849511069093 6.3949884755672107E-002
0.50 5.40 0.80 0.43875710608567237 6.4061985960619794E-002
0.50 5.40 1.20 0.44622361843189517 6.3384359362834125E-002
0.50 5.40 1.60 0.43584602309684806 6.3625750363552822E-002
0.50 5.40 2.00 0.43676254609854059 6.3619382942698033E-002
0.50 5.40 2.40 0.43208759831495741 6.3625891530538575E-002
0.50 5.40 2.80 0.42695906144723317 6.3858688309042705E-002
0.50 5.40 3.20 0.42776425825649317 6.2876560149569716E-002
0.50 5.40 3.60 0.42637731527266381 6.3870540442102691E-002
0.50 5.40 4.00 0.43068963290671147 6.3935474458644059E-002
0.50 5.40 4.40 0.43022139192576303 6.3733644616065954E-002
0.50 5.40 4.80 0.42993602075199588 6.3468363499437144E-002
0.50 5.40 5.20 0.43049161754797122 6.4157972902579408E-002
0.50 5.40 5.60 0.43546757360032806 6.3648088021487151E-002
0.50 5.40 6.00 0.43382290553326275 6.3176008083397156E-002
0.50 5.40 6.40 0.42670010073979914 6.3397059116446913E-002
0.50 5.40 6.80 0.43145020930115052 6.3424348547553203E-002
0.50 5.40 7.20 0.43699443826019230 6.3925763745790357E-002
0.50 5.40 7.60 0.42771714160153101 6.3621522807457184E-002
0.50 5.40 8.00 0.42946127958250380 6.3553671119056174E-002
0.50 5.40 8.40 0.43089362110179008 6.4095075548874600E-002
0.50 5.40 8.80 0.42830209450622270 6.4141381040515241E-002
0.50 5.40 9.20 0.43409996461853184 6.3761331944844721E-002
0.50 5.40 9.60 0.43611975879550380 6.3655028137061781E-002
0.50 5.40 10.00 0.43295131888647420 6.4073901909115494E-002
0.50 5.40 10.40 0.43225756564050782 6.4050544743456964E-002
0.50 5.40 10.80 0.43139551944827959 6.4025696309098934E-002
0.50 5.40 11.20 0.43027544472593082 6.3714323468928802E-002
0.50 5.40 11.60 0.43114129682181079 6.3598330503363595E-002
0.50 5.40 12.00 0.43111591107766428 6.3866258551277630E-002

0.50 5.60 0.00 0.23675773314710041 7.1824458606538508E-002
0.50 5.60 0.40 0.42096559765064684 6.3100635669026933E-002
0.50 5.60 0.80 0.42631676311630368 6.3768715935073175E-002
0.50 5.60 1.20 0.42324873148363223 6.3109137412077701E-002
0.50 5.60 1.60 0.42111749417630140 6.3876807680183945E-002
0.50 5.60 2.00 0.42322672674048389 6.3254620250317375E-002
0.50 5.60 2.40 0.42162175557340581 6.2947699690229120E-002
0.50 5.60 2.80 0.42317060099779374 6.3984412719270703E-002
0.50 5.60 3.20 0.42364336931353314 6.3899922430458625E-002
0.50 5.60 3.60 0.42801912014210497 6.3781814339632870E-002
0.50 5.60 4.00 0.43026321975227483 6.4070755338824503E-002
0.50 5.60 4.40 0.42412095903640362 6.3262282657294167E-002
0.50 5.60 4.80 0.43101994321602788 6.4403774969609709E-002
0.50 5.60 5.20 0.42552002338966199 6.3335894611733709E-002
0.50 5.60 5.60 0.43205598789462246 6.3099232780451792E-002
0.50 5.60 6.00 0.42709789146659283 6.3224741472518359E-002
0.50 5.60 6.40 0.43414204939531997 6.3331106500586251E-002
0.50 5.60 6.80 0.42843895983138280 6.2925222105543577E-002
0.50 5.60 7.20 0.43200079497021698 6.3816833834177411E-002
0.50 5.60 7.60 0.43326798835210861 6.3639352286822062E-002
0.50 5.60 8.00 0.43286961346892439 6.3750661837288600E-002
0.50 5.60 8.40 0.43496819834471845 6.4304090434201072E-002
0.50 5.60 8.80 0.43069963937803690 6.3625378008745750E-002
0.50 5.60 9.20 0.43266323188054834 6.4304255303277200E-002
0.50 5.60 9.60 0.43355959952766610 6.3577294945405122E-002
0.50 5.60 10.00 0.43696359633074489 6.3951215010625048E-002
0.50 5.60 10.40 0.42778261752368685 6.3855700357356174E-002
0.50 5.60 10.80 0.43146426748781230 6.4047210539156366E-002
0.50 5.60 11.20 0.43135308015629353 6.3396156447343643E-002
0.50 5.60 11.60 0.43283626722395363 6.3950026557621831E-002
0.50 5.60 12.00 0.43254134570228420 6.3760590070143036E-002

0.50 5.80 0.00 0.30145427655408896 7.3727690726575493E-002
0.50 5.80 0.40 0.42112392560323231 6.3583035283819866E-002
0.50 5.80 0.80 0.41995866878521759 6.3314595429468004E-002
0.50 5.80 1.20 0.42501339227563661 6.3469944196096958E-002
0.50 5.80 1.60 0.42087654096464411 6.2994608545906855E-002
0.50 5.80 2.00 0.42589712419465009 6.3129062750766185E-002
0.50 5.80 2.40 0.42586846152119806 6.3299787803895960E-002
0.50 5.80 2.80 0.42453036400271271 6.3164598465184435E-002
0.50 5.80 3.20 0.42850351823034816 6.3281768318635342E-002
0.50 5.80 3.60 0.42818234624138951 6.3319533124793506E-002
0.50 5.80 4.00 0.43472084795085647 6.3611796009926697E-002
0.50 5.80 4.40 0.42897031794544194 6.3585813014290685E-002
0.50 5.80 4.80 0.43226801599355485 6.4109608780899788E-002
0.50 5.80 5.20 0.43237047697542003 6.3174753118465043E-002
0.50 5.80 5.60 0.43670834650727547 6.3208048426804483E-002
0.50 5.80 6.00 0.43110569378548352 6.4091538724616370E-002
0.50 5.80 6.40 0.42483794417218618 6.3741709186940262E-002
0.50 5.80 6.80 0.43669888250759553 6.4091684792927137E-002
0.50 5.80 7.20 0.43452778161186900 6.3761019513616152E-002
0.50 5.80 7.60 0.43340174182094771 6.3688632684222549E-002
0.50 5.80 8.00 0.42766233752329413 6.4090755369025851E-002
0.50 5.80 8.40 0.43414350940686469 6.3467088624906340E-002
0.50 5.80 8.80 0.42817283933148981 6.3433604638271107E-002
0.50 5.80 9.20 0.42755924860160349 6.3818307917268863E-002
0.50 5.80 9.60 0.42399593942893715 6.3649233734357658E-002
0.50 5.80 10.00 0.43032995364407622 6.3950593487959922E-002
0.50 5.80 10.40 0.42963843919579114 6.3940088583361671E-002
0.50 5.80 10.80 0.43089263132272365 6.3586989580140224E-002
0.50 5.80 11.20 0.43137970379852569 6.3223252915730999E-002
0.50 5.80 11.60 0.42762212833320462 6.3910021637112430E-002
0.50 5.80 12.00 0.43157769339026436 6.4603871896625753E-002

0.50 6.00 0.00 0.17630748176628377 5.9143961947789876E-002
0.50 6.00 0.40 0.42606404710367529 6.3064214900811530E-002
0.50 6.00 0.80 0.43732949962690182 6.3872527328482420E-002
0.50 6.00 1.20 0.42945919752842504 6.3537180091327528E-002
0.50 6.00 1.60 0.43397817049633636 6.2714909109412686E-002
0.50 6.00 2.00 0.43544613819861400 6.3723048587401090E-002
0.50 6.00 2.40 0.43921997218816572 6.3524425694377620E-002
0.50 6.00 2.80 0.43424808139367599 6.3730500855934041E-002
0.50 6.00 3.20 0.43500257448892093 6.3569675390332495E-002
0.50 6.00 3.60 0.43386521573860054 6.3598360802999090E-002
0.50 6.00 4.00 0.43057737061298162 6.3717281676147944E-002
0.50 6.00 4.40 0.42861483638055048 6.3042299058273812E-002
0.50 6.00 4.80 0.42810300124966777 6.3782242046524135E-002
0.50 6.00 5.20 0.43076993214764830 6.3486764989989938E-002
0.50 6.00 5.60 0.42262668907169482 6.3352130375362581E-002
0.50 6.00 6.00 0.42709681548210748 6.3425163424027861E-002
0.50 6.00 6.40 0.43503720618845482 6.3501029837104983E-002
0.50 6.00 6.80 0.42791910929648669 6.3619473339508223E-002
0.50 6.00 7.20 0.43190510377835345 6.3993304728057226E-002
0.50 6.00 7.60 0.42389037041525174 6.3498980355989540E-002
0.50 6.00 8.00 0.43107922994290526 6.3040579289009052E-002
0.50 6.00 8.40 0.43018932799448012 6.4038360751325088E-002
0.50 6.00 8.80 0.43050175966335702 6.4165641494946218E-002
0.50 6.00 9.20 0.43141600361279819 6.3524080618404727E-002
0.50 6.00 9.60 0.42740903418072201 6.3849308522136286E-002
0.50 6.00 10.00 0.43199231303081931 6.3368013832743902E-002
0.50 6.00 10.40 0.43028079724763107 6.3476417280621394E-002
0.50 6.00 10.80 0.43152285143214958 6.4067900213085338E-002
0.50 6.00 11.20 0.42708394958390106 6.4224721150930503E-002
0.50 6.00 11.60 0.42694744028665088 6.3469061157014742E-002
0.50 6.00 12.00 0.42494648768686555 6.4375915889355553E-002

