0.50 0.00 0.00 0.36277306725514480 3.1430331376161746E-002
0.50 0.00 0.40 0.52105902426176587 3.0899793284369721E-002
0.50 0.00 0.80 0.52572492615528299 3.0940242334471894E-002
0.50 0.00 1.20 0.51524084160915706 3.0875145529383422E-002
0.50 0.00 1.60 0.50247695602409059 3.1379752528806593E-002
0.50 0.00 2.00 0.48693128884936987 3.1703177181212343E-002
0.50 0.00 2.40 0.47053057312485713 3.2056856178173790E-002
0.50 0.00 2.80 0.45738694279364056 3.2205532054303522E-002
0.50 0.00 3.20 0.45166726648076361 3.2348112403145918E-002
0.50 0.00 3.60 0.44316342739091175 3.2487091974831912E-002
0.50 0.00 4.00 0.43255852605186229 3.2760114841785898E-002
0.50 0.00 4.40 0.43402692251964503 3.2845100040646294E-002
0.50 0.00 4.80 0.42539654610185779 3.3113203367215856E-002
0.50 0.00 5.20 0.42383860912231064 3.3079655121790501E-002
0.50 0.00 5.60 0.41946941834677504 3.3085614932745491E-002
0.50 0.00 6.00 0.41550922803117218 3.3132896586131201E-002
0.50 0.00 6.40 0.41458638901305439 3.3158137299750860E-002
0.50 0.00 6.80 0.41413284205689782 3.3160278670962634E-002
0.50 0.00 7.20 0.41136220096376441 3.3440746973129265E-002
0.50 0.00 7.60 0.41410893064208248 3.3276192966994612E-002
0.50 0.00 8.00 0.40807211800221294 3.3366841649756451E-002
0.50 0.00 8.40 0.41053575715414486 3.3276813923724224E-002
0.50 0.00 8.80 0.40803017207391890 3.3320083812972266E-002
0.50 0.00 9.20 0.40898591882479918 3.3330247296217974E-002
0.50 0.00 9.60 0.40236400811550943 3.3487249035659812E-002
0.50 0.00 10.00 0.40136531472086973 3.3471410508495981E-002
0.50 0.00 10.40 0.40370908947217565 3.3348808032127690E-002
0.50 0.00 10.80 0.40497438145603387 3.3320098235121290E-002
0.50 0.00 11.20 0.40876184806871751 3.3407543545810693E-002
0.50 0.00 11.60 0.40082621784260891 3.3338672602064641E-002
0.50 0.00 12.00 0.40695794948082586 3.3563985445949407E-002

0.50 0.20 0.00 0.38889945515904845 3.5459313075577460E-002
0.50 0.20 0.40 0.52978672918983594 3.0791786994346981E-002
0.50 0.20 0.80 0.53029461424582802 3.0889696203508409E-002
0.50 0.20 1.20 0.53048245979587783 3.0615575887294241E-002
0.50 0.20 1.60 0.52558020903214930 3.0733127350432848E-002
0.50 0.20 2.00 0.52345407432082780 3.1023670347629106E-002
0.50 0.20 2.40 0.51402344864022975 3.1227024259112751E-002
0.50 0.20 2.80 0.50635492992668552 3.1374098172631516E-002
0.50 0.20 3.20 0.49807503337300585 3.1490165851379287E-002
0.50 0.20 3.60 0.48891664257636086 3.1430954015021981E-002
0.50 0.20 4.00 0.47751012897532591 3.1873505463258761E-002
0.50 0.20 4.40 0.47257764657694895 3.2058533320759329E-002
0.50 0.20 4.80 0.46869103094692166 3.2194589068143986E-002
0.50 0.20 5.20 0.46289603696150350 3.2171306735587560E-002
0.50 0.20 5.60 0.45661339361003817 3.2599103819829868E-002
0.50 0.20 6.00 0.45698005217886717 3.2593918417127492E-002
0.50 0.20 6.40 0.44920756978317183 3.2563834489318759E-002
0.50 0.20 6.80 0.44518889279788432 3.2740174788421450E-002
0.50 0.20 7.20 0.44546905844430523 3.2635069308461204E-002
0.50 0.20 7.60 0.44564834994281749 3.2800925947378559E-002
0.50 0.20 8.00 0.43772102106755828 3.2842056349468733E-002
0.50 0.20 8.40 0.43922991319902349 3.2722266759878139E-002
0.50 0.20 8.80 0.44024584412815981 3.2878753246610361E-002
0.50 0.20 9.20 0.43328442908424786 3.2851247734414162E-002
0.50 0.20 9.60 0.43963317522433998 3.2984403940009031E-002
0.50 0.20 10.00 0.42936616421945917 3.2920970585543718E-002
0.50 0.20 10.40 0.43122810929985295 3.3006740045999058E-002
0.50 0.20 10.80 0.43421744927749917 3.3112952612555070E-002
0.50 0.20 11.20 0.43276307461765995 3.3170638872950853E-002
0.50 0.20 11.60 0.42646617980314588 3.3178250544565920E-002
0.50 0.20 12.00 0.42699392616581128 3.3203234588423530E-002

0.50 0.40 0.00 0.42619001917683230 3.3145010462001960E-002
0.50 0.40 0.40 0.53419640921803879 3.0662313521187808E-002
0.50 0.40 0.80 0.52917009914202962 3.0744105643333134E-002
0.50 0.40 1.20 0.52866775281712330 3.0598128626995083E-002
0.50 0.40 1.60 0.52943555883923377 3.0915689905053587E-002
0.50 0.40 2.00 0.52280227859654227 3.0821084585482331E-002
0.50 0.40 2.40 0.51656001206651125 3.1092601350067941E-002
0.50 0.40 2.80 0.50766040027643156 3.1131977839626429E-002
0.50 0.40 3.20 0.50712469777216662 3.1471123523574382E-002
0.50 0.40 3.60 0.49536640828585687 3.1586966158088835E-002
0.50 0.40 4.00 0.49103379422281546 3.1533658513930619E-002
0.50 0.40 4.40 0.48137592416980263 3.1857303693361254E-002
0.50 0.40 4.80 0.47519580228544739 3.1677112012895768E-002
0.50 0.40 5.20 0.46584655098485106 3.2103385060834780E-002
0.50 0.40 5.60 0.46680996936144226 3.2356284197751217E-002
0.50 0.40 6.00 0.46348237793537556 3.2428076244892703E-002
0.50 0.40 6.40 0.46342280778651102 3.2430532201430995E-002
0.50 0.40 6.80 0.45246283549561472 3.2548633354626696E-002
0.50 0.40 7.20 0.45327315877977814 3.2587577430773229E-002
0.50 0.40 7.60 0.45117339872233542 3.2672234894512257E-002
0.50 0.40 8.00 0.44791305790061625 3.2520821826017864E-002
0.50 0.40 8.40 0.44534729825670338 3.2484933923580442E-002
0.50 0.40 8.80 0.44379908111688560 3.2717458717211302E-002
0.50 0.40 9.20 0.44043678589213203 3.2813474730266551E-002
0.50 0.40 9.60 0.43961826322790021 3.2606115993071505E-002
0.50 0.40 10.00 0.43220403182280770 3.2878755493478386E-002
0.50 0.40 10.40 0.43719958493829481 3.3031299262756511E-002
0.50 0.40 10.80 0.43827873857762345 3.2875280096956533E-002
0.50 0.40 11.20 0.43502814897746933 3.3017004754620390E-002
0.50 0.40 11.60 0.43008928831632492 3.3023170643568515E-002
0.50 0.40 12.00 0.42854013919397094 3.3188796796858711E-002

0.50 0.60 0.00 0.47446292669462736 3.5909716314849953E-002
0.50 0.60 0.40 0.53210235351046009 3.0765343877972751E-002
0.50 0.60 0.80 0.53223212422900723 3.0743000643041710E-002
0.50 0.60 1.20 0.52926292298418920 3.0470121775375780E-002
0.50 0.60 1.60 0.52804018186757029 3.0792959042555988E-002
0.50 0.60 2.00 0.51901401882564335 3.0956151240667883E-002
0.50 0.60 2.40 0.51797388132170985 3.1179031878979777E-002
0.50 0.60 2.80 0.50747341456531214 3.1145818463813500E-002
0.50 0.60 3.20 0.50725399447145192 3.1342061897265475E-002
0.50 0.60 3.60 0.49981578139653549 3.1331806389212138E-002
0.50 0.60 4.00 0.49167726060970712 3.1630323437965013E-002
0.50 0.60 4.40 0.48451963176082957 3.1861542125311240E-002
0.50 0.60 4.80 0.47959406628592083 3.1830911575685780E-002
0.50 0.60 5.20 0.46651071332790650 3.2186496244582093E-002
0.50 0.60 5.60 0.46643392396372196 3.2112274861722731E-002
0.50 0.60 6.00 0.46843867963047481 3.2447741740345197E-002
0.50 0.60 6.40 0.46219943562191357 3.2313022795387975E-002
0.50 0.60 6.80 0.45866550402129880 3.2338827765209223E-002
0.50 0.60 7.20 0.45458177573997338 3.2626616268984443E-002
0.50 0.60 7.60 0.44566208911406308 3.2630162571847844E-002
0.50 0.60 8.00 0.45241445014750326 3.2567979643746699E-002
0.50 0.60 8.40 0.44605638031166900 3.2905691676415730E-002
0.50 0.60 8.80 0.44193423602182047 3.2533752530752913E-002
0.50 0.60 9.20 0.43775181167040145 3.2792788614825763E-002
0.50 0.60 9.60 0.44603823897049166 3.2988394177209793E-002
0.50 0.60 10.00 0.43835380226191151 3.2851106423086612E-002
0.50 0.60 10.40 0.43449654218493017 3.3039474975883602E-002
0.50 0.60 10.80 0.43354097092285793 3.3062129823061996E-002
0.50 0.60 11.20 0.43634546563682114 3.2859889158347096E-002
0.50 0.60 11.60 0.43302753897020851 3.3063793646088357E-002
0.50 0.60 12.00 0.42791460806811071 3.2919080433291600E-002

0.50 0.80 0.00 0.45178718443838822 3.0642102459087731E-002
0.50 0.80 0.40 0.52706406564684549 3.0985359551025826E-002
0.50 0.80 0.80 0.52993340585272242 3.0737626266210551E-002
0.50 0.80 1.20 0.53131019482389963 3.0605245699022159E-002
0.50 0.80 1.60 0.52741329257000991 3.0937251291782757E-002
0.50 0.80 2.00 0.52628466370912252 3.0852147860883701E-002
0.50 0.80 2.40 0.51808964431618709 3.1012441979873417E-002
0.50 0.80 2.80 0.51292092231281228 3.1298285698227249E-002
0.50 0.80 3.20 0.50727927009247220 3.1404418338136626E-002
0.50 0.80 3.60 0.49922559027644409 3.1212021336141954E-002
0.50 0.80 4.00 0.48927668635478910 3.1634569863976593E-002
0.50 0.80 4.40 0.48790122322586094 3.1847194082558886E-002
0.50 0.80 4.80 0.48086557643223288 3.1820063514477429E-002
0.50 0.80 5.20 0.47307171479778293 3.2026780400239541E-002
0.50 0.80 5.60 0.46684536882214100 3.2209179116980319E-002
0.50 0.80 6.00 0.46724329433681089 3.2327260622230812E-002
0.50 0.80 6.40 0.46266795101512415 3.2337984702030080E-002
0.50 0.80 6.80 0.45579651104626440 3.2411905113249213E-002
0.50 0.80 7.20 0.45085337451247448 3.2781383242420192E-002
0.50 0.80 7.60 0.45417273226282751 3.2701363159324488E-002
0.50 0.80 8.00 0.44622689118035891 3.2405812655579000E-002
0.50 0.80 8.40 0.44936830076885875 3.2890015077437780E-002
0.50 0.80 8.80 0.44334014022295065 3.2871214077502570E-002
0.50 0.80 9.20 0.44130922406088341 3.2850065643617726E-002
0.50 0.80 9.60 0.43325531407170670 3.2891933346132753E-002
0.50 0.80 10.00 0.43617552255973263 3.2889231161079793E-002
0.50 0.80 10.40 0.43105282071560147 3.3020565545580298E-002
0.50 0.80 10.80 0.43276016594628625 3.3142940321462359E-002
0.50 0.80 11.20 0.43277039866078137 3.2839496435448180E-002
0.50 0.80 11.60 0.42967238043177325 3.2981520189734256E-002
0.50 0.80 12.00 0.42617462015695573 3.3048032710331320E-002

0.50 1.00 0.00 0.46213632249141962 3.4630341360819966E-002
0.50 1.00 0.40 0.52559435367888041 3.0910761024472905E-002
0.50 1.00 0.80 0.52985470212218178 3.0538709121861199E-002
0.50 1.00 1.20 0.53020358048376992 3.0573525977627060E-002
0.50 1.00 1.60 0.52646291025694858 3.0926313960499982E-002
0.50 1.00 2.00 0.52168846294355675 3.0921122126984509E-002
0.50 1.00 2.40 0.51925775301062937 3.0912840163382485E-002
0.50 1.00 2.80 0.50833552631046519 3.1160445759772414E-002
0.50 1.00 3.20 0.50145169126099876 3.1467958283040651E-002
0.50 1.00 3.60 0.50010421456513454 3.1857468592149094E-002
0.50 1.00 4.00 0.49212320223463007 3.1485186440974672E-002
0.50 1.00 4.40 0.48391857908362124 3.1612240505265635E-002
0.50 1.00 4.80 0.48345675431322765 3.1673358999879227E-002
0.50 1.00 5.20 0.47297153304806405 3.2150094416214865E-002
0.50 1.00 5.60 0.47189471791788895 3.2334948375427677E-002
0.50 1.00 6.00 0.46602618164305820 3.2188211105776965E-002
0.50 1.00 6.40 0.45779658078363650 3.2498733618477341E-002
0.50 1.00 6.80 0.45552219111275527 3.2547147729548490E-002
0.50 1.00 7.20 0.45807900185178063 3.2366468624740928E-002
0.50 1.00 7.60 0.45259274799119986 3.2739711839310598E-002
0.50 1.00 8.00 0.45201810487971494 3.2441778083623765E-002
0.50 1.00 8.40 0.44639357106208077 3.2748182281207398E-002
0.50 1.00 8.80 0.44404436085233873 3.2719680654434521E-002
0.50 1.00 9.20 0.44207529782166233 3.2888782647304646E-002
0.50 1.00 9.60 0.43970585924845373 3.2881256418787599E-002
0.50 1.00 10.00 0.43734038420599414 3.2976342621776900E-002
0.50 1.00 10.40 0.44013669015915796 3.2716187358708987E-002
0.50 1.00 10.80 Binary file (standard input) matches
0.50 1.00 11.20 0.43540685344686292 3.2936738755352010E-002
0.50 1.00 11.60 0.43168030364069915 3.3016561567566986E-002
0.50 1.00 12.00 0.43061441460460409 3.3314348805178827E-002

0.50 1.20 0.00 0.36305263703414792 3.3543080359420295E-002
0.50 1.20 0.40 0.52673498953294517 3.0910782432150410E-002
0.50 1.20 0.80 0.52526184514439245 3.0980683065301159E-002
0.50 1.20 1.20 0.52193682118070150 3.0836212929571543E-002
0.50 1.20 1.60 0.52309275711652092 3.0978473634537255E-002
0.50 1.20 2.00 0.52297923107627509 3.0977937349741261E-002
0.50 1.20 2.40 0.51528132714691965 3.0985349513015268E-002
0.50 1.20 2.80 0.50778973520922466 3.1364024804263563E-002
0.50 1.20 3.20 0.50351525379525186 3.1475134465128313E-002
0.50 1.20 3.60 0.49824039695706268 3.1429684306902364E-002
0.50 1.20 4.00 0.49378221679616968 3.1829918460711183E-002
0.50 1.20 4.40 0.48715630788340158 3.1731692530155266E-002
0.50 1.20 4.80 0.47500138893768551 3.1821792660866793E-002
0.50 1.20 5.20 0.47548169299009591 3.2013946085287723E-002
0.50 1.20 5.60 0.46643998177936935 3.2258409425844875E-002
0.50 1.20 6.00 0.46647995739831433 3.2179977248599043E-002
0.50 1.20 6.40 0.46455294175917022 3.2418958556871519E-002
0.50 1.20 6.80 0.45948339684639228 3.2483606302531234E-002
0.50 1.20 7.20 0.45566283821818709 3.2335755125013833E-002
0.50 1.20 7.60 0.45210055233056667 3.2645877595787950E-002
0.50 1.20 8.00 0.45154897392807786 3.2562896200009211E-002
0.50 1.20 8.40 0.44745082400340530 3.2757293796242967E-002
0.50 1.20 8.80 0.44559630096622804 3.2932532904482961E-002
0.50 1.20 9.20 0.44279612688733189 3.2844419560815512E-002
0.50 1.20 9.60 0.44264894136760702 3.2797106972792700E-002
0.50 1.20 10.00 0.44152126711235962 3.2826528820770341E-002
0.50 1.20 10.40 0.44037127284414579 3.3108200036272101E-002
0.50 1.20 10.80 0.43189676120170406 3.2814015116457089E-002
0.50 1.20 11.20 0.43890745090262284 3.2889516344644106E-002
0.50 1.20 11.60 0.42858536240041384 3.2831835884597572E-002
0.50 1.20 12.00 0.43030867918086307 3.2980150499375194E-002

0.50 1.40 0.00 0.40984614145854492 3.4584919399460387E-002
0.50 1.40 0.40 0.51932982956429774 3.0725492708363330E-002
0.50 1.40 0.80 0.52159862860217032 3.0955776813963432E-002
0.50 1.40 1.20 0.51931466198176202 3.0998868406026951E-002
0.50 1.40 1.60 0.51534473635575562 3.1050851597940379E-002
0.50 1.40 2.00 0.51521605955335936 3.1140508548407504E-002
0.50 1.40 2.40 0.51106945037622353 3.1057913712098071E-002
0.50 1.40 2.80 0.50832545123523454 3.1282183489267402E-002
0.50 1.40 3.20 0.49983344209100916 3.1432373469436274E-002
0.50 1.40 3.60 0.49193727005061688 3.1540056168927535E-002
0.50 1.40 4.00 0.48951103839810328 3.1742885097375176E-002
0.50 1.40 4.40 0.48390742772581252 3.1937397210104149E-002
0.50 1.40 4.80 0.47804154136769472 3.2189401276593241E-002
0.50 1.40 5.20 0.47432958547274906 3.2215947341975019E-002
0.50 1.40 5.60 0.46973856071934400 3.2204302041981270E-002
0.50 1.40 6.00 0.46472073985119200 3.2205690204280858E-002
0.50 1.40 6.40 0.46228017802194010 3.2350699709738737E-002
0.50 1.40 6.80 0.45746292441477110 3.2467561250816158E-002
0.50 1.40 7.20 0.45452157064111054 3.2402448742714633E-002
0.50 1.40 7.60 0.45020097408923698 3.2648566803255043E-002
0.50 1.40 8.00 0.44984571165830928 3.2679883509845860E-002
0.50 1.40 8.40 0.44588898750566608 3.2806900144246157E-002
0.50 1.40 8.80 0.44519285832834771 3.2547104283926855E-002
0.50 1.40 9.20 0.44423029220586557 3.2816172756452967E-002
0.50 1.40 9.60 0.44114396553359436 3.2745043536714473E-002
0.50 1.40 10.00 0.43664338197797131 3.3063719256493145E-002
0.50 1.40 10.40 0.44004146828705271 3.2772867308448285E-002
0.50 1.40 10.80 0.43803741410754277 3.3024899693623176E-002
0.50 1.40 11.20 0.42886627745133027 3.2918255419872151E-002
0.50 1.40 11.60 0.43664141604653606 3.3088383831122239E-002
0.50 1.40 12.00 0.43512913303559708 3.3053962866721832E-002

0.50 1.60 0.00 0.40230725339648632 3.2229776464022100E-002
0.50 1.60 0.40 0.51672387430299915 3.1143764630805156E-002
0.50 1.60 0.80 0.51677299903278029 3.1200372744819512E-002
0.50 1.60 1.20 0.51975267119126778 3.1209943861907341E-002
0.50 1.60 1.60 0.51383081983991663 3.1059480801687269E-002
0.50 1.60 2.00 0.51032076220238953 3.0964198500903421E-002
0.50 1.60 2.40 0.50794467218329786 3.1341204204251079E-002
0.50 1.60 2.80 0.50148590022883544 3.1403101639429630E-002
0.50 1.60 3.20 0.49880142046356835 3.1525705785195833E-002
0.50 1.60 3.60 0.49293324230524133 3.1377476855545733E-002
0.50 1.60 4.00 0.48864123182016528 3.1660815983768111E-002
0.50 1.60 4.40 0.48363661255045542 3.1983056301218567E-002
0.50 1.60 4.80 0.48093236775827669 3.1870291282516394E-002
0.50 1.60 5.20 0.47422537707637924 3.2077396352838808E-002
0.50 1.60 5.60 0.47293387939556408 3.2112967620282332E-002
0.50 1.60 6.00 0.46688676221277214 3.2242113579342944E-002
0.50 1.60 6.40 0.46000843745143083 3.2351562716415747E-002
0.50 1.60 6.80 0.45400644258626227 3.2439750869385525E-002
0.50 1.60 7.20 0.45548424078240979 3.2284312473030305E-002
0.50 1.60 7.60 0.45168958803937531 3.2392573323728940E-002
0.50 1.60 8.00 0.44700401023513603 3.2579025085767127E-002
0.50 1.60 8.40 0.44821824209780931 3.2459423098348178E-002
0.50 1.60 8.80 0.44442198338616434 3.3063539914101749E-002
0.50 1.60 9.20 0.44551720475247369 3.2821979301225691E-002
0.50 1.60 9.60 0.44210118366096474 3.2641613666176732E-002
0.50 1.60 10.00 0.43640379467826829 3.2948313562999626E-002
0.50 1.60 10.40 0.44076185262655371 3.2957418524577294E-002
0.50 1.60 10.80 0.43548072134912907 3.3106758503426773E-002
0.50 1.60 11.20 0.43175950338694991 3.3069100662010166E-002
0.50 1.60 11.60 0.42834820622429837 3.2812936013155866E-002
0.50 1.60 12.00 0.43143825037306699 3.2828280752291251E-002

0.50 1.80 0.00 0.31583201887229595 3.2932913320155445E-002
0.50 1.80 0.40 0.50378017685532439 3.1278815593913718E-002
0.50 1.80 0.80 0.50751182402533968 3.1172408745163967E-002
0.50 1.80 1.20 0.51181183390744434 3.1277515552165298E-002
0.50 1.80 1.60 0.50949909232731394 3.1101724283230724E-002
0.50 1.80 2.00 0.50688278089113437 3.1243804220491438E-002
0.50 1.80 2.40 0.50469480889778362 3.1449178634116629E-002
0.50 1.80 2.80 0.49596637886116346 3.1440717537522485E-002
0.50 1.80 3.20 0.49414508670698754 3.1492252525761592E-002
0.50 1.80 3.60 0.48675459776532770 3.1799066818954752E-002
0.50 1.80 4.00 0.48674886586808624 3.1857479646464792E-002
0.50 1.80 4.40 0.48023893628232867 3.2017767662707933E-002
0.50 1.80 4.80 0.47574241962123665 3.1935861786956024E-002
0.50 1.80 5.20 0.46971673907034572 3.2016527167850098E-002
0.50 1.80 5.60 0.46754749044253430 3.2268204429016560E-002
0.50 1.80 6.00 0.46098374043081219 3.2329299760908807E-002
0.50 1.80 6.40 0.46272631797627461 3.2439525358797981E-002
0.50 1.80 6.80 0.45881461196633344 3.2527668727368932E-002
0.50 1.80 7.20 0.45751759948220272 3.2347721369323394E-002
0.50 1.80 7.60 0.44910383965187484 3.2820111272268603E-002
0.50 1.80 8.00 0.44709413943469467 3.2716708918675494E-002
0.50 1.80 8.40 0.44582121872531627 3.2843728597179184E-002
0.50 1.80 8.80 0.44106944159071598 3.2622663609173569E-002
0.50 1.80 9.20 0.44297578220780753 3.2662062438042892E-002
0.50 1.80 9.60 0.44083363651907453 3.2862232688577318E-002
0.50 1.80 10.00 0.43545230291107917 3.2707675266964040E-002
0.50 1.80 10.40 0.43427978231834735 3.2779930628576925E-002
0.50 1.80 10.80 0.43820794847355921 3.2949375350138310E-002
0.50 1.80 11.20 0.43022608373607785 3.2868854927893605E-002
0.50 1.80 11.60 0.43290874850074507 3.2943812342024328E-002
0.50 1.80 12.00 0.42872049182335453 3.2999798681014700E-002

0.50 2.00 0.00 0.31295416126997455 3.6213380786476262E-002
0.50 2.00 0.40 0.50054161286213517 3.1378629588596052E-002
0.50 2.00 0.80 0.50103963419710962 3.1298114827360272E-002
0.50 2.00 1.20 0.50188788150994412 3.1473568551681347E-002
0.50 2.00 1.60 0.50214937863402809 3.1277952916966022E-002
0.50 2.00 2.00 0.50114059689257517 3.1307097208680260E-002
0.50 2.00 2.40 0.50166948973011949 3.1383136624419251E-002
0.50 2.00 2.80 0.49544716414215628 3.1599973702009433E-002
0.50 2.00 3.20 0.49150737327746485 3.1760811836160592E-002
0.50 2.00 3.60 0.48849600744673038 3.1803637124028158E-002
0.50 2.00 4.00 0.47841242321106786 3.1644088158134492E-002
0.50 2.00 4.40 0.48306765228109078 3.2121556033858689E-002
0.50 2.00 4.80 0.47737373663976096 3.2007415052606084E-002
0.50 2.00 5.20 0.47269490248249502 3.2155357665619194E-002
0.50 2.00 5.60 0.46656741463380563 3.2188434414660239E-002
0.50 2.00 6.00 0.46135656733281322 3.2270178653208630E-002
0.50 2.00 6.40 0.45741922508173849 3.2655498162523826E-002
0.50 2.00 6.80 0.45467296038074811 3.2690981328607781E-002
0.50 2.00 7.20 0.45442918654954700 3.2500733983500833E-002
0.50 2.00 7.60 0.45287794438025131 3.2495278730623703E-002
0.50 2.00 8.00 0.45240522465982452 3.2528250730611233E-002
0.50 2.00 8.40 0.44807788840912421 3.2877520415178475E-002
0.50 2.00 8.80 0.44410698444459501 3.2692929736105207E-002
0.50 2.00 9.20 0.44259777563201830 3.2864751012090576E-002
0.50 2.00 9.60 0.44257158666370683 3.2815563769468835E-002
0.50 2.00 10.00 0.44475314003522132 3.3058316009403177E-002
0.50 2.00 10.40 0.43479427750043176 3.2730533174537453E-002
0.50 2.00 10.80 0.43181183740156837 3.2911702250759949E-002
0.50 2.00 11.20 0.43343286192720648 3.2789418533032307E-002
0.50 2.00 11.60 0.43448572902049254 3.3139677603881867E-002
0.50 2.00 12.00 0.43164095205637232 3.3184680441612512E-002

0.50 2.20 0.00 0.36377385599864553 3.3457228545763391E-002
0.50 2.20 0.40 0.49273247473670778 3.1630936404224395E-002
0.50 2.20 0.80 0.49772585939354858 3.1690000548161311E-002
0.50 2.20 1.20 0.49737787561251290 3.1535795980902961E-002
0.50 2.20 1.60 0.49632289467279628 3.1384689324034702E-002
0.50 2.20 2.00 0.49450301307850264 3.1415654154812463E-002
0.50 2.20 2.40 0.49454709520806778 3.1674557520447746E-002
0.50 2.20 2.80 0.48980664060398810 3.1774481308766207E-002
0.50 2.20 3.20 0.48862761462825999 3.1840373766577862E-002
0.50 2.20 3.60 0.47961380186351799 3.2052115555098216E-002
0.50 2.20 4.00 0.47743573339518541 3.2257743938567403E-002
0.50 2.20 4.40 0.47498036641785041 3.2086009730584807E-002
0.50 2.20 4.80 0.47007420952214113 3.1979035763363840E-002
0.50 2.20 5.20 0.47220765548582139 3.2174462466917617E-002
0.50 2.20 5.60 0.46825343350834253 3.2476178548644784E-002
0.50 2.20 6.00 0.46146771792678043 3.2313371601966151E-002
0.50 2.20 6.40 0.46219558502812641 3.2461545785032249E-002
0.50 2.20 6.80 0.45345502307119945 3.2527810126364610E-002
0.50 2.20 7.20 0.45396043856226065 3.2543423433753084E-002
0.50 2.20 7.60 0.45210351099216489 3.2687402122487698E-002
0.50 2.20 8.00 0.44867990486720027 3.2568476233243611E-002
0.50 2.20 8.40 0.44633588806269386 3.2762104758864270E-002
0.50 2.20 8.80 0.44094737055530253 3.2732731883977018E-002
0.50 2.20 9.20 0.44317404335099758 3.2734890352042093E-002
0.50 2.20 9.60 0.43641488163958203 3.2942722450702400E-002
0.50 2.20 10.00 0.44101213381567472 3.2877290607896840E-002
0.50 2.20 10.40 0.43654601080736211 3.2672428688625507E-002
0.50 2.20 10.80 0.43291030454445839 3.3185121148878421E-002
0.50 2.20 11.20 0.43380888787630456 3.2946599644851068E-002
0.50 2.20 11.60 0.43482678366893107 3.2969084823225671E-002
0.50 2.20 12.00 0.43291408199528486 3.3130293784508165E-002

0.50 2.40 0.00 0.33219347478723293 3.1742045173042736E-002
0.50 2.40 0.40 0.48690662977458399 3.1451402688868577E-002
0.50 2.40 0.80 0.49009776431387142 3.1728347992172931E-002
0.50 2.40 1.20 0.49112277375391056 3.1864122056302790E-002
0.50 2.40 1.60 0.49261328659847720 3.1683308352120999E-002
0.50 2.40 2.00 0.48931817139745515 3.1725957341844947E-002
0.50 2.40 2.40 0.48877223978186113 3.1752834402670772E-002
0.50 2.40 2.80 0.48259539923172257 3.2054898223475368E-002
0.50 2.40 3.20 0.47898762311375026 3.1823749852508160E-002
0.50 2.40 3.60 0.47719332193209335 3.1867898208484499E-002
0.50 2.40 4.00 0.47594399589415798 3.2040386536274265E-002
0.50 2.40 4.40 0.47012919644382001 3.2249248215906891E-002
0.50 2.40 4.80 0.46945273095057283 3.2158280266661690E-002
0.50 2.40 5.20 0.46124970727256381 3.2212752180599866E-002
0.50 2.40 5.60 0.46221684903309807 3.2477724656157697E-002
0.50 2.40 6.00 0.46022734292180001 3.2426710113951603E-002
0.50 2.40 6.40 0.45431304129713529 3.2366628286834266E-002
0.50 2.40 6.80 0.45486666216365207 3.2502393266940717E-002
0.50 2.40 7.20 0.44692958255459764 3.2531409451221509E-002
0.50 2.40 7.60 0.44810324383127281 3.2737741494386276E-002
0.50 2.40 8.00 0.44597213477317232 3.2612071232850856E-002
0.50 2.40 8.40 0.44324434398321777 3.2721154518184359E-002
0.50 2.40 8.80 0.44714640735425126 3.2665012589640788E-002
0.50 2.40 9.20 0.44358733133708411 3.2962828616304660E-002
0.50 2.40 9.60 0.43918627186157622 3.2851355326604104E-002
0.50 2.40 10.00 0.43815092051713567 3.2923098287700799E-002
0.50 2.40 10.40 0.43318694951908332 3.2860818267216201E-002
0.50 2.40 10.80 0.43562989210647968 3.3049605841334123E-002
0.50 2.40 11.20 0.43075328808867991 3.3047254244314830E-002
0.50 2.40 11.60 0.43607521557599238 3.3171877768862879E-002
0.50 2.40 12.00 0.42896795110170949 3.2998602350548072E-002

0.50 2.60 0.00 0.30510555555349939 3.0767462705046527E-002
0.50 2.60 0.40 0.48549091855237736 3.1829394818984641E-002
0.50 2.60 0.80 0.48557093044777461 3.2059403949985729E-002
0.50 2.60 1.20 0.48484075990574366 3.1765460569871194E-002
0.50 2.60 1.60 0.48305281903126529 3.1566472216082206E-002
0.50 2.60 2.00 0.48386805412334111 3.1672026122363209E-002
0.50 2.60 2.40 0.48202854657634886 3.1990354672739606E-002
0.50 2.60 2.80 0.47818514274357105 3.1739999273131966E-002
0.50 2.60 3.20 0.47756946542047701 3.2041598421425253E-002
0.50 2.60 3.60 0.47222540432865684 3.2195627699447421E-002
0.50 2.60 4.00 0.47161034654177014 3.2230363935203447E-002
0.50 2.60 4.40 0.47018597251844829 3.2188091656998548E-002
0.50 2.60 4.80 0.46553842262816747 3.2241827421975684E-002
0.50 2.60 5.20 0.46305550868175144 3.2275720537220595E-002
0.50 2.60 5.60 0.46038641429298871 3.2514643942065186E-002
0.50 2.60 6.00 0.45335890440938853 3.2601083043626675E-002
0.50 2.60 6.40 0.45317886478102026 3.2521740049218158E-002
0.50 2.60 6.80 0.44994378254742989 3.2506934385845711E-002
0.50 2.60 7.20 0.45174645486243686 3.2661504170068537E-002
0.50 2.60 7.60 0.45155305953547142 3.2726992935627225E-002
0.50 2.60 8.00 0.44793932185837254 3.2674999442159389E-002
0.50 2.60 8.40 0.44478768777036981 3.2814452099018454E-002
0.50 2.60 8.80 0.44403455494367006 3.2807085691306345E-002
0.50 2.60 9.20 0.44215406867411078 3.2632931970207744E-002
0.50 2.60 9.60 0.43959874199977628 3.2790939453749120E-002
0.50 2.60 10.00 0.43495578298928389 3.2843698067454560E-002
0.50 2.60 10.40 0.44131093689234746 3.2840165595631458E-002
0.50 2.60 10.80 0.43878602302151692 3.2990049251789270E-002
0.50 2.60 11.20 0.43048993115438899 3.3022859357492315E-002
0.50 2.60 11.60 0.43232688158518623 3.3056219788493130E-002
0.50 2.60 12.00 0.42663119365719898 3.2937997954847316E-002

0.50 2.80 0.00 0.25700893874135028 3.3454866767306045E-002
0.50 2.80 0.40 0.47284671271587381 3.2000972196251309E-002
0.50 2.80 0.80 0.48018071458984285 3.1822250788733131E-002
0.50 2.80 1.20 0.48104899159534870 3.1945053024880155E-002
0.50 2.80 1.60 0.48311398276083295 3.1912465474105228E-002
0.50 2.80 2.00 0.47780699161744433 3.1911509746659385E-002
0.50 2.80 2.40 0.47688623257557311 3.1902062821174547E-002
0.50 2.80 2.80 0.47197853416219171 3.2242045583020788E-002
0.50 2.80 3.20 0.47213875304945924 3.2166686121023497E-002
0.50 2.80 3.60 0.46875296981010595 3.2162865782747317E-002
0.50 2.80 4.00 0.46821679882600964 3.2215319165199367E-002
0.50 2.80 4.40 0.46978981696368771 3.2292446398755656E-002
0.50 2.80 4.80 0.46561485389272539 3.2476322647888488E-002
0.50 2.80 5.20 0.46103877813376143 3.2380578153199460E-002
0.50 2.80 5.60 0.45808159590243341 3.2300368129924976E-002
0.50 2.80 6.00 0.45927295555761322 3.2376058996082410E-002
0.50 2.80 6.40 0.45321283785985067 3.2436383401862230E-002
0.50 2.80 6.80 0.44939125585921291 3.2542789444104922E-002
0.50 2.80 7.20 0.45142080298377812 3.2708389182388838E-002
0.50 2.80 7.60 0.44740767033214945 3.2858607815465853E-002
0.50 2.80 8.00 0.44627541115068026 3.2510020358136181E-002
0.50 2.80 8.40 0.44835914451637704 3.2683796868686707E-002
0.50 2.80 8.80 0.44283220520927602 3.2733254418584691E-002
0.50 2.80 9.20 0.44326180073106025 3.2853631948147007E-002
0.50 2.80 9.60 0.43906787889075716 3.3022056108133233E-002
0.50 2.80 10.00 0.43760157916473152 3.3066593710016065E-002
0.50 2.80 10.40 0.43647537655839502 3.2764968987467391E-002
0.50 2.80 10.80 0.43541189239320460 3.2972877015854843E-002
0.50 2.80 11.20 0.43324977412449889 3.2753747427357011E-002
0.50 2.80 11.60 0.43180808957772959 3.3116393217898055E-002
0.50 2.80 12.00 0.43174993801804229 3.2861720654102214E-002

0.50 3.00 0.00 0.29526815566527020 3.5334536599075692E-002
0.50 3.00 0.40 0.47186169117422194 3.2155086362997527E-002
0.50 3.00 0.80 0.47860535385409231 3.1976029782575521E-002
0.50 3.00 1.20 0.47843704967781092 3.2025999550931682E-002
0.50 3.00 1.60 0.47351675218221789 3.2031964965019373E-002
0.50 3.00 2.00 0.47596880971410327 3.1854142588052373E-002
0.50 3.00 2.40 0.47465877171047860 3.2034505018019639E-002
0.50 3.00 2.80 0.47259243585968580 3.2322328236987323E-002
0.50 3.00 3.20 0.46805789108507490 3.2255014432951000E-002
0.50 3.00 3.60 0.46667233575087180 3.2160599260440605E-002
0.50 3.00 4.00 0.46679683132364147 3.2321897434074522E-002
0.50 3.00 4.40 0.46106040045730612 3.2181870925087695E-002
0.50 3.00 4.80 0.46197170797210951 3.2296988454238770E-002
0.50 3.00 5.20 0.45904100564742822 3.2494611892519100E-002
0.50 3.00 5.60 0.45689621755148269 3.2482905627854997E-002
0.50 3.00 6.00 0.45162936175617174 3.2421411309321073E-002
0.50 3.00 6.40 0.45660655136897815 3.2413282597391485E-002
0.50 3.00 6.80 0.45320395673385666 3.2627564676059831E-002
0.50 3.00 7.20 0.44696834864483259 3.2667633739507047E-002
0.50 3.00 7.60 0.44955010940489437 3.2909197607758560E-002
0.50 3.00 8.00 0.44287522415144931 3.2723622468705374E-002
0.50 3.00 8.40 0.44247272918030556 3.2646834406532904E-002
0.50 3.00 8.80 0.44216543454350565 3.2843887196249789E-002
0.50 3.00 9.20 0.44013718767865695 3.3089604750026667E-002
0.50 3.00 9.60 0.43981485445351359 3.2961090027003030E-002
0.50 3.00 10.00 0.43647384127482025 3.2879230220533601E-002
0.50 3.00 10.40 0.43441956843718088 3.3023138998755572E-002
0.50 3.00 10.80 0.43527917129993099 3.2846228716354453E-002
0.50 3.00 11.20 0.43640037235701329 3.3013035765070538E-002
0.50 3.00 11.60 0.43261236926337859 3.3207107798761071E-002
0.50 3.00 12.00 0.43182940064586567 3.3313006240511367E-002

0.50 3.20 0.00 0.24159853544171467 2.7186723674130563E-002
0.50 3.20 0.40 0.46795532260099482 3.2140243408879110E-002
0.50 3.20 0.80 0.47683996468607609 3.1945546814450498E-002
0.50 3.20 1.20 0.47286518904897362 3.2259415475649617E-002
0.50 3.20 1.60 0.46907216349659919 3.2222900645616073E-002
0.50 3.20 2.00 0.47103244620820151 3.2283920275222130E-002
0.50 3.20 2.40 0.46836499223182038 3.2121700095338324E-002
0.50 3.20 2.80 0.46585344410183505 3.2156603518859940E-002
0.50 3.20 3.20 0.46429977291529473 3.2220416015811083E-002
0.50 3.20 3.60 0.46275894643759363 3.2190667263084387E-002
0.50 3.20 4.00 0.46167971803007424 3.2328644851426898E-002
0.50 3.20 4.40 0.46164309078404625 3.2535345776896124E-002
0.50 3.20 4.80 0.45774885894339218 3.2499569634716910E-002
0.50 3.20 5.20 0.45535876464169567 3.2451843889884056E-002
0.50 3.20 5.60 0.46027196126636022 3.2526047761014552E-002
0.50 3.20 6.00 0.45447344022328345 3.2576002231619411E-002
0.50 3.20 6.40 0.45048010713609432 3.2546348692975353E-002
0.50 3.20 6.80 0.44475791767956041 3.2713847905320864E-002
0.50 3.20 7.20 0.44624598705683399 3.2848725507325587E-002
0.50 3.20 7.60 0.44521314786651922 3.2931198036799267E-002
0.50 3.20 8.00 0.44761145459027790 3.2642353930985274E-002
0.50 3.20 8.40 0.43982632879367600 3.2586700751466552E-002
0.50 3.20 8.80 0.43853210493788158 3.2818021637546824E-002
0.50 3.20 9.20 0.43713067385483856 3.2739769331606765E-002
0.50 3.20 9.60 0.43774957578007501 3.3046415089793543E-002
0.50 3.20 10.00 0.43418874717989075 3.2859165127520816E-002
0.50 3.20 10.40 0.43968798415378718 3.2970928385890080E-002
0.50 3.20 10.80 0.43156819367729266 3.2944670564843105E-002
0.50 3.20 11.20 0.42907382063854971 3.3143512808138306E-002
0.50 3.20 11.60 0.43037167590678527 3.2990361096059975E-002
0.50 3.20 12.00 0.42829808658285906 3.2770248416989264E-002

0.50 3.40 0.00 0.24168639783766244 3.1132880746435106E-002
0.50 3.40 0.40 0.47032187947993986 3.2238398311204633E-002
0.50 3.40 0.80 0.47359314161137639 3.2319673356479221E-002
0.50 3.40 1.20 0.46653700041219376 3.2139198457583694E-002
0.50 3.40 1.60 0.46868591833130041 3.2223012673468734E-002
0.50 3.40 2.00 0.46301028695457908 3.2450218768988653E-002
0.50 3.40 2.40 0.46181790136322814 3.2405882271267575E-002
0.50 3.40 2.80 0.46153698582559421 3.2365475428228235E-002
0.50 3.40 3.20 0.46020903479050296 3.2353331787429752E-002
0.50 3.40 3.60 0.45840889321392053 3.2422734692633189E-002
0.50 3.40 4.00 0.45842132329178070 3.2446615636300108E-002
0.50 3.40 4.40 Binary file (standard input) matches
0.50 3.40 4.80 0.45494775936316029 3.2360350161993422E-002
0.50 3.40 5.20 0.45380758912494545 3.2527101217382670E-002
0.50 3.40 5.60 0.45391785076507657 3.2623794251147836E-002
0.50 3.40 6.00 0.45266342930003944 3.2442073426794053E-002
0.50 3.40 6.40 0.44647488496405263 3.2538748163973077E-002
0.50 3.40 6.80 0.45052008165437424 3.2748156039270171E-002
0.50 3.40 7.20 0.44306382893038154 3.2619103299015684E-002
0.50 3.40 7.60 0.44222083938835333 3.2564810263072876E-002
0.50 3.40 8.00 0.44405520522581582 3.2975573676195385E-002
0.50 3.40 8.40 0.44121333949822789 3.2582525252872571E-002
0.50 3.40 8.80 0.44207921758684404 3.2834404321530328E-002
0.50 3.40 9.20 0.43814958459142855 3.2618087455169024E-002
0.50 3.40 9.60 0.43887092382759585 3.2858923589086632E-002
0.50 3.40 10.00 0.43428820016574488 3.2894550763997374E-002
0.50 3.40 10.40 0.43355119836735490 3.2865445862060097E-002
0.50 3.40 10.80 0.43496678330259841 3.2729836907119655E-002
0.50 3.40 11.20 0.43265708479160114 3.3148929118592414E-002
0.50 3.40 11.60 0.43184792873034816 3.3071966325149048E-002
0.50 3.40 12.00 0.43310032164930268 3.3027981185711611E-002

0.50 3.60 0.00 0.23454651422851072 2.8742500641200337E-002
0.50 3.60 0.40 0.46326409787133782 3.2148888184695447E-002
0.50 3.60 0.80 0.47302395897216182 3.2025856742130029E-002
0.50 3.60 1.20 0.46562814064477170 3.2366323144698478E-002
0.50 3.60 1.60 0.46197765871458812 3.2459075326529384E-002
0.50 3.60 2.00 0.46136471600213502 3.2418930868411418E-002
0.50 3.60 2.40 0.46064819177134569 3.2364039321303988E-002
0.50 3.60 2.80 0.46132272156365017 3.2441259721787505E-002
0.50 3.60 3.20 0.45939364373799352 3.2554854221443684E-002
0.50 3.60 3.60 0.45261961150661045 3.2501038451036607E-002
0.50 3.60 4.00 0.45881600723563726 3.2490779948511565E-002
0.50 3.60 4.40 0.45102134794865584 3.2526384369890450E-002
0.50 3.60 4.80 0.45389666779232851 3.2385999525651556E-002
0.50 3.60 5.20 0.45379233143351100 3.2809036282445851E-002
0.50 3.60 5.60 0.45181712001413932 3.2614905676801705E-002
0.50 3.60 6.00 0.44712600221287041 3.2551366053540635E-002
0.50 3.60 6.40 0.44839720110848624 3.2841237521312065E-002
0.50 3.60 6.80 0.44974885099446338 3.2694638932199024E-002
0.50 3.60 7.20 0.44663776726864796 3.2921572163290391E-002
0.50 3.60 7.60 0.44501775816707012 3.2865136720440447E-002
0.50 3.60 8.00 0.44185547641033623 3.2660521328651083E-002
0.50 3.60 8.40 0.43840019700769339 3.2619495369522217E-002
0.50 3.60 8.80 0.44279223721318528 3.2910002935275760E-002
0.50 3.60 9.20 0.44092344255466942 3.2851577849313668E-002
0.50 3.60 9.60 0.43793932218128767 3.2996096258332906E-002
0.50 3.60 10.00 0.43650184058766983 3.2985445068165392E-002
0.50 3.60 10.40 0.43219629805006099 3.3006671207697139E-002
0.50 3.60 10.80 0.43374436972874930 3.2833747023386442E-002
0.50 3.60 11.20 0.43423623822447066 3.3010007664308692E-002
0.50 3.60 11.60 0.43385246627121987 3.3196014997543370E-002
0.50 3.60 12.00 0.43254424608849440 3.3171360101641491E-002

0.50 3.80 0.00 0.28123724544375717 3.3443363430811363E-002
0.50 3.80 0.40 0.46045023740424229 3.2268003405445236E-002
0.50 3.80 0.80 0.46491657918667934 3.2480257115737779E-002
0.50 3.80 1.20 0.46278761148598002 3.2358194665290212E-002
0.50 3.80 1.60 0.45972102454845237 3.2328664045453002E-002
0.50 3.80 2.00 0.46071653449498190 3.2303174854534968E-002
0.50 3.80 2.40 0.45939868630924618 3.2525008874613667E-002
0.50 3.80 2.80 0.45571236742990229 3.2491810181666358E-002
0.50 3.80 3.20 0.45465476647514647 3.2336486105490655E-002
0.50 3.80 3.60 0.45198076514136931 3.2565346906418581E-002
0.50 3.80 4.00 0.45263839893372493 3.2630121085871808E-002
0.50 3.80 4.40 0.44918266453522226 3.2584425064634333E-002
0.50 3.80 4.80 0.45305336710629918 3.2762676172545128E-002
0.50 3.80 5.20 0.44915126798574712 3.2556676147913008E-002
0.50 3.80 5.60 0.44863894337814336 3.2842403170926501E-002
0.50 3.80 6.00 0.44602130182536159 3.2602060630890231E-002
0.50 3.80 6.40 0.44735047738187284 3.2865858328665315E-002
0.50 3.80 6.80 0.44525300215929187 3.2639195559225523E-002
0.50 3.80 7.20 0.44238290722554396 3.2694381196172254E-002
0.50 3.80 7.60 0.44579955430954710 3.2929296189381681E-002
0.50 3.80 8.00 0.43878584868339221 3.2776067146071605E-002
0.50 3.80 8.40 0.44083790025918745 3.2915778467217494E-002
0.50 3.80 8.80 0.44113264538018360 3.2960705584758526E-002
0.50 3.80 9.20 0.43636676880976238 3.3083416338990562E-002
0.50 3.80 9.60 0.43366003447265911 3.3082477137123457E-002
0.50 3.80 10.00 0.43739680622094879 3.3147062757864013E-002
0.50 3.80 10.40 0.43074728227534570 3.2980770727338092E-002
0.50 3.80 10.80 0.43607356751334592 3.2935501622764089E-002
0.50 3.80 11.20 0.42883821247729959 3.3209576757783271E-002
0.50 3.80 11.60 0.43089478268666881 3.3088788140011899E-002
0.50 3.80 12.00 0.43200845691923984 3.3029654427779553E-002

0.50 4.00 0.00 0.33623523328649829 4.1766499891947105E-002
0.50 4.00 0.40 0.45839699971716835 3.2414299479770724E-002
0.50 4.00 0.80 0.46274485996299963 3.2396599304798553E-002
0.50 4.00 1.20 0.46112953032784471 3.2510214215652318E-002
0.50 4.00 1.60 0.45611626967755414 3.2363039675932577E-002
0.50 4.00 2.00 0.45386024441241563 3.2481240576765054E-002
0.50 4.00 2.40 0.45261963023553908 3.2462035230886477E-002
0.50 4.00 2.80 0.45392607693629516 3.2611293818135233E-002
0.50 4.00 3.20 0.45111764201757998 3.2402707811385240E-002
0.50 4.00 3.60 0.45238566973276145 3.2582989542689490E-002
0.50 4.00 4.00 0.45235790859079794 3.2462190405530299E-002
0.50 4.00 4.40 0.45081892249568123 3.2741347311776928E-002
0.50 4.00 4.80 0.45136379670281473 3.2761839236597839E-002
0.50 4.00 5.20 0.44776081474774881 3.2854530201469057E-002
0.50 4.00 5.60 0.44839109595998722 3.2601880503937419E-002
0.50 4.00 6.00 0.44446925587125730 3.2769148595407672E-002
0.50 4.00 6.40 0.44815188167256503 3.2828409535912331E-002
0.50 4.00 6.80 0.44527955935635133 3.2846456425063855E-002
0.50 4.00 7.20 0.44216864811583417 3.2864075324453200E-002
0.50 4.00 7.60 0.43914926078189687 3.2842933425235796E-002
0.50 4.00 8.00 0.43838660421410269 3.2848715883405800E-002
0.50 4.00 8.40 0.43585373694338952 3.2898152518605978E-002
0.50 4.00 8.80 0.44153643769136108 3.3040333646418583E-002
0.50 4.00 9.20 0.43555616331964775 3.2854469816809791E-002
0.50 4.00 9.60 0.43464081553141731 3.2998421994656628E-002
0.50 4.00 10.00 0.43272918944386973 3.2909984183688477E-002
0.50 4.00 10.40 0.43246641112889811 3.3102000870314098E-002
0.50 4.00 10.80 0.43245233595181193 3.3088916501714152E-002
0.50 4.00 11.20 0.43242497055689955 3.3008648094833296E-002
0.50 4.00 11.60 0.43113311196237625 3.3147272529661750E-002
0.50 4.00 12.00 0.42676651108320024 3.2993507721045673E-002

0.50 4.20 0.00 0.24704732712182401 3.3454718891012265E-002
0.50 4.20 0.40 0.45667657140813650 3.2609391459496040E-002
0.50 4.20 0.80 0.45992417767858651 3.2410494943394291E-002
0.50 4.20 1.20 0.45698318891845979 3.2503984213188224E-002
0.50 4.20 1.60 0.45562094944973391 3.2666801322607283E-002
0.50 4.20 2.00 0.45297276432244510 3.2689915787372056E-002
0.50 4.20 2.40 0.45578862429417744 3.2637291060798303E-002
0.50 4.20 2.80 0.44830860841814557 3.2653117249569028E-002
0.50 4.20 3.20 0.44975004126979662 3.2677450593373202E-002
0.50 4.20 3.60 0.45134375590856102 3.2619498763006544E-002
0.50 4.20 4.00 0.44190379095766019 3.2605153468551522E-002
0.50 4.20 4.40 0.45083747434278498 3.2803464974187270E-002
0.50 4.20 4.80 0.44659148588675340 3.2766028254316987E-002
0.50 4.20 5.20 0.44789436830339052 3.2664933151337790E-002
0.50 4.20 5.60 0.44499033993644899 3.2688539912876007E-002
0.50 4.20 6.00 0.44676267040862028 3.2850686096071363E-002
0.50 4.20 6.40 0.44444118803242177 3.2678750664458509E-002
0.50 4.20 6.80 0.44497687858729246 3.2795177551143813E-002
0.50 4.20 7.20 0.44034039967651528 3.2873514964953318E-002
0.50 4.20 7.60 0.44051336638670080 3.2989824842374726E-002
0.50 4.20 8.00 0.44104300697247617 3.2946454225378459E-002
0.50 4.20 8.40 0.43872748763828645 3.2940716315629781E-002
0.50 4.20 8.80 0.43494437725938762 3.2869783683344860E-002
0.50 4.20 9.20 0.43513704471595699 3.3032664767179157E-002
0.50 4.20 9.60 0.43494143456849060 3.2947808673969368E-002
0.50 4.20 10.00 0.43374325526082635 3.2922832888897476E-002
0.50 4.20 10.40 0.43330780868024971 3.3081486209794661E-002
0.50 4.20 10.80 0.43277645566857431 3.3041105863743710E-002
0.50 4.20 11.20 0.43242591076828985 3.3039795524391430E-002
0.50 4.20 11.60 0.42976208436264252 3.2857409004574054E-002
0.50 4.20 12.00 0.42922545668261103 3.2963271391002573E-002

0.50 4.40 0.00 0.15645523842395845 2.4527973215421470E-002
0.50 4.40 0.40 0.45102723280006407 3.2530164328253897E-002
0.50 4.40 0.80 0.45972233963534592 3.2309596115507704E-002
0.50 4.40 1.20 0.45849449483318416 3.2340008095956420E-002
0.50 4.40 1.60 0.45766783977275455 3.2712729203966187E-002
0.50 4.40 2.00 0.44752499860820311 3.2654460187018883E-002
0.50 4.40 2.40 0.45055363719652392 3.2804941569780338E-002
0.50 4.40 2.80 0.45167048299958446 3.2708110424060619E-002
0.50 4.40 3.20 0.44814993703947081 3.2852640061032834E-002
0.50 4.40 3.60 0.44621571828024120 3.2764598442870094E-002
0.50 4.40 4.00 0.44713484931883085 3.2866821154973906E-002
0.50 4.40 4.40 0.44958031866314485 3.2899683017051956E-002
0.50 4.40 4.80 0.44229867229682834 3.2842163850157119E-002
0.50 4.40 5.20 0.44398359221507117 3.2664794777087523E-002
0.50 4.40 5.60 0.44503085928981712 3.2863556973353983E-002
0.50 4.40 6.00 0.44710171809964094 3.2822236259616076E-002
0.50 4.40 6.40 0.44275631192648524 3.2748269570225960E-002
0.50 4.40 6.80 0.43877976715939448 3.2692508805006314E-002
0.50 4.40 7.20 0.43816398205741791 3.2878794135092634E-002
0.50 4.40 7.60 0.43949889792476859 3.2582591768896371E-002
0.50 4.40 8.00 0.43503520525294925 3.2915181951508360E-002
0.50 4.40 8.40 0.43417418972783317 3.2841614068505422E-002
0.50 4.40 8.80 0.43559795905917609 3.3026611024069182E-002
0.50 4.40 9.20 0.44043742274899345 3.2843104524800951E-002
0.50 4.40 9.60 0.43329392552260859 3.2930895693220538E-002
0.50 4.40 10.00 0.43352095754368003 3.3075853364350122E-002
0.50 4.40 10.40 0.42913932976488178 3.3001632366026934E-002
0.50 4.40 10.80 0.43423359336359402 3.2946428370663944E-002
0.50 4.40 11.20 0.42810730132661723 3.3056007578121535E-002
0.50 4.40 11.60 0.42765115517375457 3.3104092408261905E-002
0.50 4.40 12.00 0.43181157626063704 3.3120607140211047E-002

0.50 4.60 0.00 0.21675943572895986 3.1022906994197515E-002
0.50 4.60 0.40 0.45068727339996861 3.2574444314159935E-002
0.50 4.60 0.80 0.45243946288546538 3.2097322720153934E-002
0.50 4.60 1.20 0.45301085412334874 3.2530045490308204E-002
0.50 4.60 1.60 0.45533843663244583 3.2462406641247034E-002
0.50 4.60 2.00 0.45343463850228927 3.2747523144313409E-002
0.50 4.60 2.40 0.44838552468164439 3.2809056284642105E-002
0.50 4.60 2.80 0.44781041237301888 3.2916358579697831E-002
0.50 4.60 3.20 0.44651559232741178 3.2766617213627357E-002
0.50 4.60 3.60 0.44722166525499168 3.2751228795155227E-002
0.50 4.60 4.00 0.44348032948636729 3.2616245161486951E-002
0.50 4.60 4.40 0.44460146244101717 3.2725190342447127E-002
0.50 4.60 4.80 0.44008740128378127 3.2690227438243964E-002
0.50 4.60 5.20 0.44155384487191585 3.2798799270341530E-002
0.50 4.60 5.60 0.44377601764896368 3.2982730617218070E-002
0.50 4.60 6.00 0.44094398740194868 3.2658025425318184E-002
0.50 4.60 6.40 0.44031234413317077 3.2785985461472648E-002
0.50 4.60 6.80 0.43725123788797993 3.2895041447080900E-002
0.50 4.60 7.20 0.43749030001456191 3.2925924710893693E-002
0.50 4.60 7.60 0.44056139455321963 3.2751758829537965E-002
0.50 4.60 8.00 0.43764811602903003 3.2947109475653817E-002
0.50 4.60 8.40 0.43224868060039545 3.2888716124701539E-002
0.50 4.60 8.80 0.43186488562671543 3.2857176198490726E-002
0.50 4.60 9.20 0.43563016029290891 3.3066112062680217E-002
0.50 4.60 9.60 0.43042627534746047 3.2948326516499288E-002
0.50 4.60 10.00 0.43038055184645907 3.2898010388388618E-002
0.50 4.60 10.40 0.43073536905722876 3.2996363514948529E-002
0.50 4.60 10.80 0.42876124715784780 3.3072523212302633E-002
0.50 4.60 11.20 0.43246807795532849 3.3021917029221221E-002
0.50 4.60 11.60 0.42824565301897238 3.3002412920384208E-002
0.50 4.60 12.00 0.43029377092044346 3.2986704115346793E-002

0.50 4.80 0.00 0.23075326358057530 2.9884148687300025E-002
0.50 4.80 0.40 0.45103822080716754 3.2709100135725193E-002
0.50 4.80 0.80 0.46015491205938508 3.2592047723454948E-002
0.50 4.80 1.20 0.45243458467963221 3.2427271256787023E-002
0.50 4.80 1.60 0.44921664384443272 3.2428085174191046E-002
0.50 4.80 2.00 0.44585608558789736 3.2622380235341662E-002
0.50 4.80 2.40 0.44533299158061751 3.2651434751845766E-002
0.50 4.80 2.80 0.44252933292545971 3.2764947898783224E-002
0.50 4.80 3.20 0.44609281589131411 3.2857930755072103E-002
0.50 4.80 3.60 0.44600607096519884 3.2750684567837807E-002
0.50 4.80 4.00 0.44283121558438249 3.2813419285935987E-002
0.50 4.80 4.40 0.43869647136105072 3.2889263274446849E-002
0.50 4.80 4.80 0.44421364454236123 3.2800679779576916E-002
0.50 4.80 5.20 0.43907528335782570 3.2952000091475170E-002
0.50 4.80 5.60 0.43954042665675874 3.2886018337473441E-002
0.50 4.80 6.00 0.44059963403350483 3.3021650491245037E-002
0.50 4.80 6.40 0.43856452498738846 3.2845292389552985E-002
0.50 4.80 6.80 0.43879268374345609 3.2793915127213247E-002
0.50 4.80 7.20 0.43542004867048945 3.3018389722059192E-002
0.50 4.80 7.60 0.43615973190542279 3.2948164835497298E-002
0.50 4.80 8.00 0.43581633909836670 3.3188118665394985E-002
0.50 4.80 8.40 0.42934958438516907 3.3027349302215160E-002
0.50 4.80 8.80 0.43351469734678372 3.2979822757574918E-002
0.50 4.80 9.20 0.43326238312655840 3.3086044421775866E-002
0.50 4.80 9.60 0.43271528276127968 3.2786463028979959E-002
0.50 4.80 10.00 0.42975439220027623 3.2968087937856327E-002
0.50 4.80 10.40 0.43128883039863097 3.2849820311026984E-002
0.50 4.80 10.80 0.43175132622209017 3.2844050015500989E-002
0.50 4.80 11.20 0.43185899369468722 3.3132415840097344E-002
0.50 4.80 11.60 0.42450628083115705 3.3056842634692274E-002
0.50 4.80 12.00 0.42620619813359928 3.3031106770284750E-002

0.50 5.00 0.00 0.17016238412975157 2.7079731534735869E-002
0.50 5.00 0.40 0.45006784603890360 3.2570588101716667E-002
0.50 5.00 0.80 0.45235191105887418 3.2477323523856481E-002
0.50 5.00 1.20 0.45862256738306384 3.2556583629112672E-002
0.50 5.00 1.60 0.45009481655454942 3.2507060554282256E-002
0.50 5.00 2.00 0.44878893525467711 3.2906566704752324E-002
0.50 5.00 2.40 0.44590947755938692 3.2800497098099596E-002
0.50 5.00 2.80 0.44689377916513379 3.2770813208070709E-002
0.50 5.00 3.20 0.43777290911693412 3.2615044852068009E-002
0.50 5.00 3.60 0.44555449239548245 3.2908511680916075E-002
0.50 5.00 4.00 0.43528859771124112 3.2677856166538261E-002
0.50 5.00 4.40 0.44225566846816011 3.2762836857128851E-002
0.50 5.00 4.80 0.43691398694266564 3.2904573764172849E-002
0.50 5.00 5.20 0.43700475035404712 3.2823312512070692E-002
0.50 5.00 5.60 0.44045888968773683 3.2985719815591653E-002
0.50 5.00 6.00 0.43412939704247638 3.2697523559361279E-002
0.50 5.00 6.40 0.43879486961096503 3.2966297352734750E-002
0.50 5.00 6.80 0.44092922521172911 3.3095267640311975E-002
0.50 5.00 7.20 0.43874104601433422 3.3124832214664994E-002
0.50 5.00 7.60 0.43236033410883723 3.2766016940067755E-002
0.50 5.00 8.00 0.43367619562904630 3.2935128335924532E-002
0.50 5.00 8.40 0.43174827939171312 3.2917074938659474E-002
0.50 5.00 8.80 0.43195145014320852 3.3022170195285160E-002
0.50 5.00 9.20 0.43350929921562348 3.2945946874953239E-002
0.50 5.00 9.60 0.43340206261987735 3.3197141281478701E-002
0.50 5.00 10.00 0.43134521974933560 3.2903397580347916E-002
0.50 5.00 10.40 0.43226072304425411 3.3088621919116414E-002
0.50 5.00 10.80 0.42953477378698801 3.3096911509891073E-002
0.50 5.00 11.20 0.42799841750169632 3.2980179029107694E-002
0.50 5.00 11.60 0.42834427198556979 3.3355191521891814E-002
0.50 5.00 12.00 0.42573260238647342 3.3035766243198053E-002

0.50 5.20 0.00 0.25328802028475128 3.5348791628045405E-002
0.50 5.20 0.40 0.44398276536697684 3.2661344525205138E-002
0.50 5.20 0.80 0.45088733886496718 3.2628953680553872E-002
0.50 5.20 1.20 0.45240768634358697 3.2428148634467441E-002
0.50 5.20 1.60 0.44795879637678720 3.2581439096214027E-002
0.50 5.20 2.00 0.44416543213785370 3.2672736606674774E-002
0.50 5.20 2.40 0.44353460000651701 3.2575633923448685E-002
0.50 5.20 2.80 0.44331892896214481 3.2705517168230912E-002
0.50 5.20 3.20 0.44443637256903851 3.2874539207504924E-002
0.50 5.20 3.60 0.43788623757051914 3.2738036783077129E-002
0.50 5.20 4.00 0.43921696689010881 3.2677965238718534E-002
0.50 5.20 4.40 0.43886902647234749 3.2869070335102286E-002
0.50 5.20 4.80 0.43849127105815439 3.2842029964283571E-002
0.50 5.20 5.20 0.43462804846440228 3.2913692776183334E-002
0.50 5.20 5.60 0.43966714603522516 3.2947693981762102E-002
0.50 5.20 6.00 0.43522977166869758 3.3165950176972520E-002
0.50 5.20 6.40 0.43397796066991556 3.3052224841271953E-002
0.50 5.20 6.80 0.43451874997782908 3.2843996905402850E-002
0.50 5.20 7.20 0.43311195072384090 3.2922282464532562E-002
0.50 5.20 7.60 0.43277231838093888 3.3017037163096119E-002
0.50 5.20 8.00 0.43057880197244858 3.3155290102523813E-002
0.50 5.20 8.40 0.43245329505433344 3.3133236331121890E-002
0.50 5.20 8.80 0.43269419183715663 3.2979161163371913E-002
0.50 5.20 9.20 0.43250942394691760 3.3098932794590918E-002
0.50 5.20 9.60 0.43424659360968149 3.3100169365115603E-002
0.50 5.20 10.00 0.43226843927361036 3.2986914328430608E-002
0.50 5.20 10.40 0.43259962924576217 3.2987447141759031E-002
0.50 5.20 10.80 0.42890519962872287 3.3095835115992192E-002
0.50 5.20 11.20 0.43113215656923964 3.3032719114292335E-002
0.50 5.20 11.60 0.42566092982690745 3.2955665433327258E-002
0.50 5.20 12.00 0.42566368740804383 3.3063282724427018E-002

0.50 5.40 0.00 0.21932186475980453 2.9814017299923390E-002
0.50 5.40 0.40 0.44699177528574258 3.2602677073435907E-002
0.50 5.40 0.80 0.44784283158502403 3.2687802181257865E-002
0.50 5.40 1.20 0.45172518281772112 3.2923918405342700E-002
0.50 5.40 1.60 0.44565049544521018 3.2741529698266228E-002
0.50 5.40 2.00 0.44391809456382669 3.2753599010128608E-002
0.50 5.40 2.40 0.43999106347997080 3.2683932951436609E-002
0.50 5.40 2.80 0.43949709616485216 3.2650555488785871E-002
0.50 5.40 3.20 0.44143892397668855 3.2850846312037114E-002
0.50 5.40 3.60 0.43919113165652179 3.3043075576814802E-002
0.50 5.40 4.00 0.43560025545318820 3.2937504921493381E-002
0.50 5.40 4.40 0.43783886322331861 3.2650235636528975E-002
0.50 5.40 4.80 0.44019908091529619 3.3181439123056655E-002
0.50 5.40 5.20 0.43438622785024572 3.3043929789009933E-002
0.50 5.40 5.60 0.43166970969825852 3.2959318054055151E-002
0.50 5.40 6.00 0.43797010345730047 3.2992408477777138E-002
0.50 5.40 6.40 0.43318626675016764 3.2974367309812923E-002
0.50 5.40 6.80 0.43460506906490498 3.3093239002121633E-002
0.50 5.40 7.20 0.43088335859796639 3.2955227830406601E-002
0.50 5.40 7.60 0.43447939067418917 3.3071395458128018E-002
0.50 5.40 8.00 0.43284412208865153 3.2966516858997881E-002
0.50 5.40 8.40 0.43369156112865659 3.3066194205487738E-002
0.50 5.40 8.80 0.43199119720805301 3.3115385222447016E-002
0.50 5.40 9.20 0.43081873761400857 3.2930757328915622E-002
0.50 5.40 9.60 0.42978846443735896 3.3002899858284286E-002
0.50 5.40 10.00 0.43350527454455745 3.3136730159082771E-002
0.50 5.40 10.40 0.42946148279177521 3.3109999410412316E-002
0.50 5.40 10.80 0.42766014470007840 3.3346737944225796E-002
0.50 5.40 11.20 0.42440542375564938 3.3151118958238697E-002
0.50 5.40 11.60 0.42210584247878363 3.3133031785759604E-002
0.50 5.40 12.00 0.42708973879235784 3.3182323465751479E-002

0.50 5.60 0.00 0.16373621787989431 2.7964848505419863E-002
0.50 5.60 0.40 0.44527506340585388 3.2646694916063604E-002
0.50 5.60 0.80 0.44876780128946264 3.2576555213324102E-002
0.50 5.60 1.20 0.44572396501719069 3.2627313057910619E-002
0.50 5.60 1.60 0.44910965316119505 3.2668991413210592E-002
0.50 5.60 2.00 0.44131538416794014 3.2721285725644138E-002
0.50 5.60 2.40 0.43834339312232418 3.2731448172423606E-002
0.50 5.60 2.80 0.43485956598163467 3.2930938645093263E-002
0.50 5.60 3.20 0.43961758619063984 3.2972052484924338E-002
0.50 5.60 3.60 0.43549640335733553 3.2815305243947372E-002
0.50 5.60 4.00 0.43935421602279234 3.3071806200273147E-002
0.50 5.60 4.40 0.43441848603358724 3.2784516371020846E-002
0.50 5.60 4.80 0.43679824069508505 3.3021296863356607E-002
0.50 5.60 5.20 0.43193862980810255 3.2851401632464423E-002
0.50 5.60 5.60 0.43518836064229954 3.2941899032770706E-002
0.50 5.60 6.00 0.43505383709334755 3.3140304471791018E-002
0.50 5.60 6.40 0.43441827706815345 3.2912900873487604E-002
0.50 5.60 6.80 0.43102217769445250 3.2824466490820672E-002
0.50 5.60 7.20 0.43073725699007620 3.2814540522045861E-002
0.50 5.60 7.60 0.43075139279990876 3.3028723362259600E-002
0.50 5.60 8.00 0.43454472484090995 3.3046555185869228E-002
0.50 5.60 8.40 0.43163895194952795 3.3029818056514101E-002
0.50 5.60 8.80 0.42781878582850980 3.2924936696451759E-002
0.50 5.60 9.20 0.42835824206660683 3.3163206497326063E-002
0.50 5.60 9.60 0.42670832751913973 3.3062602400410424E-002
0.50 5.60 10.00 0.43001442542659030 3.2926968859927248E-002
0.50 5.60 10.40 0.42642097091991699 3.3179976140383378E-002
0.50 5.60 10.80
0.50 5.60 11.20 0.42958137906778598 3.3162535139184240E-002
0.50 5.60 11.60 0.42605433426550621 3.3212468648024865E-002
0.50 5.60 12.00 0.42571743274955171 3.3151725020840524E-002

0.50 5.80 0.00 0.18888021713549996 2.8576366543885179E-002
0.50 5.80 0.40 0.44676698750764626 3.2520086527806039E-002
0.50 5.80 0.80 0.44849527011232421 3.2525866663353699E-002
0.50 5.80 1.20 0.44480372578011257 3.2600885207122565E-002
0.50 5.80 1.60 0.44400081831995830 3.2826432339115613E-002
0.50 5.80 2.00 0.44236352483453284 3.2649467203451112E-002
0.50 5.80 2.40 0.43707051930292262 3.2670811918133313E-002
0.50 5.80 2.80 0.43810588026331487 3.2929175656917456E-002
0.50 5.80 3.20 0.43552499693705971 3.2974494020442204E-002
0.50 5.80 3.60 0.43324033245599597 3.2893124359490808E-002
0.50 5.80 4.00 0.43275163518251369 3.2947429425238407E-002
0.50 5.80 4.40 0.43478913714138867 3.3018158411212452E-002
0.50 5.80 4.80 0.43406677365168855 3.2892531558466935E-002
0.50 5.80 5.20 0.43327303374508308 3.2945969659380014E-002
0.50 5.80 5.60 0.43330942527505761 3.3061765289146450E-002
0.50 5.80 6.00 0.43470415730297984 3.2865428600928448E-002
0.50 5.80 6.40 0.43286542107860759 3.3149012034082714E-002
0.50 5.80 6.80 0.43087399131536264 3.2957447102609602E-002
0.50 5.80 7.20 0.42921819050989729 3.2828314247895167E-002
0.50 5.80 7.60 0.43250603358248663 3.3144672766993045E-002
0.50 5.80 8.00 0.42922141185156748 3.3215092192396337E-002
0.50 5.80 8.40 0.43145281065000551 3.2977399087183057E-002
0.50 5.80 8.80 0.42641899792147486 3.3032708739605440E-002
0.50 5.80 9.20 0.42919804969084241 3.2964158864426718E-002
0.50 5.80 9.60 0.42772193079742538 3.3009652446014760E-002
0.50 5.80 10.00 0.42459539705723398 3.2972441860073795E-002
0.50 5.80 10.40 0.43028127219324119 3.3275920081092231E-002
0.50 5.80 10.80 0.42595888827124051 3.2911071829141006E-002
0.50 5.80 11.20 0.42616863285489154 3.2961505573366731E-002
0.50 5.80 11.60 0.42425121965750534 3.3248349144395957E-002
0.50 5.80 12.00 0.42627817866353207 3.3142576578707270E-002

0.50 6.00 0.00 0.15332733320948916 3.0416757795271726E-002
0.50 6.00 0.40 0.43724507298145310 3.2549007205597336E-002
0.50 6.00 0.80 0.44628629126994113 3.2532352538448960E-002
0.50 6.00 1.20 0.44538819872956148 3.2591098232260508E-002
0.50 6.00 1.60 0.44193947021777608 3.2947421329582553E-002
0.50 6.00 2.00 0.43757280487499067 3.2769099679173332E-002
0.50 6.00 2.40 0.44012108127263649 3.2905637397713933E-002
0.50 6.00 2.80 0.43716403192207187 3.2994600797013239E-002
0.50 6.00 3.20 0.43636569834026639 3.3046121496932208E-002
0.50 6.00 3.60 0.43614541391081518 3.2920249486787435E-002
0.50 6.00 4.00 0.43511277512159541 3.3062810710074247E-002
0.50 6.00 4.40 0.43180104951680082 3.3058809988204721E-002
0.50 6.00 4.80 0.43538235639862555 3.3018469548486501E-002
0.50 6.00 5.20 0.43122605737418240 3.2974158329436787E-002
0.50 6.00 5.60 0.43347730673522883 3.3075659742244350E-002
0.50 6.00 6.00 0.43010594810194169 3.3103344450331841E-002
0.50 6.00 6.40 0.42891894685480281 3.3144974103959120E-002
0.50 6.00 6.80 0.42830258230256046 3.3053934603868330E-002
0.50 6.00 7.20 0.43150850508160177 3.3274873749573761E-002
0.50 6.00 7.60 0.42794867466162623 3.3138793206910377E-002
0.50 6.00 8.00 0.42658769165329791 3.3002403843720933E-002
0.50 6.00 8.40 0.42587097429732640 3.3082129411163834E-002
0.50 6.00 8.80 0.43065292012376555 3.3034064162962860E-002
0.50 6.00 9.20 0.42802411237967347 3.3164468105496045E-002
0.50 6.00 9.60 0.42847982902169257 3.3273964158120020E-002
0.50 6.00 10.00 0.42705726117117004 3.2863937010185855E-002
0.50 6.00 10.40 0.43048156075280908 3.3081350851068225E-002
0.50 6.00 10.80 0.42320844897754073 3.3209356708073949E-002
0.50 6.00 11.20 0.42590627492103578 3.2978546848677744E-002
0.50 6.00 11.60 0.41963781433531339 3.3106850464195925E-002
0.50 6.00 12.00 0.42651458214707877 3.3152775685296489E-002

