0.50 1.00 0.00
0.50 1.00 0.20
0.50 1.00 0.40
0.50 1.00 0.60
0.50 1.00 0.80
0.50 1.00 1.00
0.50 1.00 1.20
0.50 1.00 1.40
0.50 1.00 1.60
0.50 1.00 1.80
0.50 1.00 2.00
0.50 1.00 2.20
0.50 1.00 2.40
0.50 1.00 2.60
0.50 1.00 2.80
0.50 1.00 3.00
0.50 1.00 3.20
0.50 1.00 3.40
0.50 1.00 3.60
0.50 1.00 3.80
0.50 1.00 4.00
0.50 1.00 4.20
0.50 1.00 4.40
0.50 1.00 4.60
0.50 1.00 4.80
0.50 1.00 5.00
0.50 1.00 5.20
0.50 1.00 5.40
0.50 1.00 5.60
0.50 1.00 5.80
0.50 1.00 6.00
0.50 1.00 0.00
0.50 1.00 0.20
0.50 1.00 0.40
0.50 1.00 0.60
0.50 1.00 0.80
0.50 1.00 1.00
0.50 1.00 1.20
0.50 1.00 1.40
0.50 1.00 1.60
0.50 1.00 1.80
0.50 1.00 2.00
0.50 1.00 2.20
0.50 1.00 2.40
0.50 1.00 2.60
0.50 1.00 2.80
0.50 1.00 3.00
0.50 1.00 3.20
0.50 1.00 3.40
0.50 1.00 3.60
0.50 1.00 3.80
0.50 1.00 4.00
0.50 1.00 4.20
0.50 1.00 4.40
0.50 1.00 4.60
0.50 1.00 4.80
0.50 1.00 5.00
0.50 1.00 5.20
0.50 1.00 5.40
0.50 1.00 5.60
0.50 1.00 5.80
0.50 1.00 6.00
0.50 1.00 0.00
0.50 1.00 0.20
0.50 1.00 0.40
0.50 1.00 0.60
0.50 1.00 0.80
0.50 1.00 1.00
0.50 1.00 1.20
0.50 1.00 1.40
0.50 1.00 1.60
0.50 1.00 1.80
0.50 1.00 2.00
0.50 1.00 2.20
0.50 1.00 2.40
0.50 1.00 2.60
0.50 1.00 2.80
0.50 1.00 3.00
0.50 1.00 3.20
0.50 1.00 3.40
0.50 1.00 3.60
0.50 1.00 3.80
0.50 1.00 4.00
0.50 1.00 4.20
0.50 1.00 4.40
0.50 1.00 4.60
0.50 1.00 4.80
0.50 1.00 5.00
0.50 1.00 5.20
0.50 1.00 5.40
0.50 1.00 5.60
0.50 1.00 5.80
0.50 1.00 6.00
