200 -6.5969869610853498E-004 NaN 0.50 1.00 0.00
200 -7.9879299245720781E-003 7.7351364966686612E-002 0.50 1.00 0.05
200 -4.1732489162951067E-002 7.8550186722685530E-002 0.50 1.00 0.10
200 -3.9585306603163097E-002 7.9502476041522691E-002 0.50 1.00 0.15
200 -8.1475531491892780E-002 7.4192390331778851E-002 0.50 1.00 0.20
200 -0.13921057404809473 6.9421100833287216E-002 0.50 1.00 0.25
200 -0.15667183584641478 6.8705968957540497E-002 0.50 1.00 0.30
200 -0.10749405067274714 7.1960475206928567E-002 0.50 1.00 0.35
200 -0.20199617812737555 6.5849718059218590E-002 0.50 1.00 0.40
200 -0.14249686405233286 6.8423470988446949E-002 0.50 1.00 0.45
200 -0.19731100240798874 6.5514555915087258E-002 0.50 1.00 0.50
200 -0.18561330826293179 6.5578423784151935E-002 0.50 1.00 0.55
200 -0.23587809632874426 6.3111706690489558E-002 0.50 1.00 0.60
200 -0.28825391879321494 6.0356665182709074E-002 0.50 1.00 0.65
200 -0.16434486108090007 6.0414210463658038E-002 0.50 1.00 0.70
200 -0.22760311015987122 6.1788243422832997E-002 0.50 1.00 0.75
200 -0.16803839401674789 6.7008592374208378E-002 0.50 1.00 0.80
200 -0.29504821455608443 6.6536767223636745E-002 0.50 1.00 0.85
200 -0.22010569797187510 6.3377243921111312E-002 0.50 1.00 0.90
200 -0.24540715685002415 6.0804215990152025E-002 0.50 1.00 0.95
200 -0.23532443934607361 5.9630191723029552E-002 0.50 1.00 1.00
200 -0.26753725643154858 5.6384895197770346E-002 0.50 1.00 1.05
200 -0.19860708161312696 6.1788755120957599E-002 0.50 1.00 1.10
200 -0.25307021609171293 6.5568131956411688E-002 0.50 1.00 1.15
200 -0.28200044839897959 6.7542547746948178E-002 0.50 1.00 1.20
200 -0.26453235572501821 6.7998607631714447E-002 0.50 1.00 1.25
200 -0.29167606068990459 6.0336810967064732E-002 0.50 1.00 1.30
200 -0.27708856556475314 6.3632478274335894E-002 0.50 1.00 1.35
200 -0.37315381363119160 5.8525206996579177E-002 0.50 1.00 1.40
200 -0.31189392427998758 6.5800092221082740E-002 0.50 1.00 1.45
200 -0.33489592689459630 6.7370593047169358E-002 0.50 1.00 1.50
200 -0.34107585692893549 6.7263448573445447E-002 0.50 1.00 1.55
200 -0.26770374098449534 6.3026633253280742E-002 0.50 1.00 1.60
200 -0.26321570538930789 6.6598077146259177E-002 0.50 1.00 1.65
200 -0.27746114282239337 5.9527769005812046E-002 0.50 1.00 1.70
200 -0.41437741953058549 6.2752521615147272E-002 0.50 1.00 1.75
200 -0.32059845625948769 6.3986671443425083E-002 0.50 1.00 1.80
200 -0.29790521928251651 6.3667410119111395E-002 0.50 1.00 1.85
200 -0.30346044401624805 6.3461951132253225E-002 0.50 1.00 1.90
200 -0.38590926629346978 5.9468296286973574E-002 0.50 1.00 1.95
200 -0.32952862646915299 6.3198797186106742E-002 0.50 1.00 2.00
