200 -4.3606974009124217E-004 NaN 0.50 1.00 0.00
200 -0.13726137738325547 2.9706636181863307E-002 0.50 1.00 0.40
200 -0.15471515914610531 3.8829649403188830E-002 0.50 1.00 0.80
200 -0.12953640416306841 3.5138204364269440E-002 0.50 1.00 1.20
200 -0.23156361506427894 4.3638173446762560E-002 0.50 1.00 1.60
200 -0.13212072239987330 3.1622395587801208E-002 0.50 1.00 2.00
200 -0.33498699362518497 4.3901133155087507E-002 0.50 1.00 2.40
200 -0.29908357537084024 3.7259242398077708E-002 0.50 1.00 2.80
200 -0.37386177278088811 3.2793195528582203E-002 0.50 1.00 3.20
200 -0.43231399021311584 3.8337954977541201E-002 0.50 1.00 3.60
200 -0.42856266443614338 3.3203330478464972E-002 0.50 1.00 4.00
200 -0.47374992326732940 3.6530679790516177E-002 0.50 1.00 4.40
200 -0.48602512597436359 3.4948231618110517E-002 0.50 1.00 4.80
200 -0.52657938213143152 3.2568278195661521E-002 0.50 1.00 5.20
200 -0.61083328633690237 3.1178153425402456E-002 0.50 1.00 5.60
200 -0.58601151128732465 3.7306533538940825E-002 0.50 1.00 6.00
