0.50 0.25 0.00 6.3754614296363316E-005 NaN 0.23586319401052674 1.8103731662919609E-002
0.50 0.25 0.10 -4.8846375007975482E-003 6.8962668598559962E-003 0.45739896362232291 1.7014014817688272E-002
0.50 0.25 0.20 -1.0232208731656801E-002 5.7227580124974116E-003 0.49322723659155132 1.6652118231262909E-002
0.50 0.25 0.30 -2.1254939957852183E-002 5.1660346129719856E-003 0.50741785629551228 1.6334135023146516E-002
0.50 0.25 0.40 -2.7796612276720714E-002 4.8625074779285841E-003 0.51319794968338683 1.6307110698571891E-002
0.50 0.25 0.50 -3.6973981647195155E-002 5.3488358093453378E-003 0.51568127199266400 1.6235623652759826E-002
0.50 0.25 1.00 -0.11204195435059794 8.1294548272831061E-003 0.48604017345194678 1.6569711914070678E-002
0.50 0.25 1.50 -0.18676793701511099 1.0547257642511493E-002 0.45006711408916733 1.7004437425814495E-002
0.50 0.25 2.00 -0.26781535462625261 9.9544460111719215E-003 0.42274153965172034 1.7404947400644792E-002
0.50 0.25 2.50 -0.37769396640454289 1.2339277016670406E-002 0.41370504434485145 1.7603837383970741E-002
0.50 0.25 3.00 -0.41610415711359056 1.4366492754629003E-002 0.40473429205487949 1.7525096305769736E-002
0.50 0.25 3.50 -0.45708307486343991 1.4626550709104154E-002 0.40133895806259323 1.7583643484910306E-002
0.50 0.25 4.00 -0.50703967878203016 1.3472899655156169E-002 0.39834929672041441 1.7600488972425016E-002
0.50 0.25 4.50 -0.55740733009820165 1.3936596621378918E-002 0.39506674180223034 1.7547188213387261E-002
0.50 0.25 5.00 -0.58721388998208213 1.4909398444805799E-002 0.39447922351482462 1.7639773201984843E-002
0.50 0.25 5.50 -0.61872256421245253 1.4671001327866688E-002 0.39480427518722494 1.7616621525956638E-002
0.50 0.25 6.00 -0.62812301223803346 1.4643812923493330E-002 0.39455830737592545 1.7633279804954660E-002
0.50 0.25 6.50 -0.67514807809528776 1.3353427437092297E-002 0.39243801724662136 1.7673275963667731E-002
0.50 0.25 7.00 -0.68210542007726982 1.3040748544223530E-002 0.39166287813185624 1.7640256327649005E-002
0.50 0.25 7.50 -0.69835946497597789 1.3718728177605463E-002 0.39184796543113454 1.7615860249121644E-002
0.50 0.25 8.00 -0.71643747159348603 1.3118088774623369E-002 0.39302679011262864 1.7642279532920465E-002
0.50 0.25 8.50 -0.72287612783337374 1.4229736657029790E-002 0.39272995192810312 1.7611067640019497E-002
0.50 0.25 9.00 -0.73762758767038594 1.3765975874185658E-002 0.39390313311361308 1.7687915768980111E-002
0.50 0.25 9.50 -0.75234283616290709 1.2646507219502447E-002 0.39004066543507465 1.7653962364395474E-002
0.50 0.25 10.00 -0.75925535159574853 1.2307279322084499E-002 0.39060866566510333 1.7564050439993390E-002
0.50 0.25 11.00 -0.78301388975237263 1.2733189833773365E-002 0.38683956669501623 1.7645363755599837E-002
0.50 0.25 12.00 -0.80463952080394818 1.1159053415999183E-002 0.38737015011396447 1.7618724645153773E-002
0.50 0.25 13.00 -0.81188068898873800 1.1568598696553380E-002 0.38996617707837833 1.7558049522840305E-002
0.50 0.25 14.00 -0.81948468873485092 1.1623736290709024E-002 0.39054080249408490 1.7618365311297922E-002
0.50 0.25 15.00 -0.82775694533184430 1.2330699628480496E-002 0.38950148261120393 1.7558515902040207E-002
0.50 0.25 16.00 -0.84249371235552206 1.1357874334519596E-002 0.39029609955977002 1.7646424788811954E-002
0.50 0.25 17.00 -0.86023185721105944 1.0924229298856251E-002 0.39075804777430190 1.7633260456683626E-002
0.50 0.25 18.00 -0.85564487249932675 1.1251521729092478E-002 0.38706274987611244 1.7600609501427462E-002
0.50 0.25 19.00 -0.85070096321126654 1.1161390869384920E-002 0.38661033981267467 1.7588822255927325E-002
0.50 0.25 20.00 -0.87614728326323144 9.6601991055380709E-003 0.39147836726190999 1.7633839260712453E-002
