200 -4.3606974009124217E-004 NaN 0.50 1.00 0.00
200 -7.1503602578479888E-002 3.3042872015616766E-002 0.50 1.00 0.05
200 -0.10264855050674597 3.0959956714428926E-002 0.50 1.00 0.10
200 -0.11213323175071695 3.0918736867103218E-002 0.50 1.00 0.15
200 -0.13553950373001084 2.5695143774966990E-002 0.50 1.00 0.20
200 -0.15541697972776958 3.2547828995422891E-002 0.50 1.00 0.25
200 -0.11731360184463144 3.6848044353394130E-002 0.50 1.00 0.30
200 -0.11132212211266534 2.9920757172502522E-002 0.50 1.00 0.35
200 -0.12659391600792250 3.6231347268761149E-002 0.50 1.00 0.40
200 -6.2928056554974507E-002 2.9177263233931001E-002 0.50 1.00 0.45
200 -6.6961597635865344E-002 3.2282008290094789E-002 0.50 1.00 0.50
200 -0.18323867479460290 4.0556251492716085E-002 0.50 1.00 0.55
200 -0.20152447298872567 4.0678950339587551E-002 0.50 1.00 0.60
200 -7.1794524041569038E-002 3.6883405467117804E-002 0.50 1.00 0.65
200 -0.21046197690546492 4.7118990799890403E-002 0.50 1.00 0.70
200 -0.11773541502059366 4.1903626400525577E-002 0.50 1.00 0.75
200 -4.2812384668945498E-002 3.3961593116497026E-002 0.50 1.00 0.80
200 -7.0569304072268399E-002 3.5482167461475526E-002 0.50 1.00 0.85
200 -9.8846943973135093E-002 4.4846031870982586E-002 0.50 1.00 0.90
200 -0.10665513789094615 4.2368364586801051E-002 0.50 1.00 0.95
200 -0.12786694547153243 5.1128610165492520E-002 0.50 1.00 1.00
200 -0.10827831429034655 4.4961816901175983E-002 0.50 1.00 1.05
200 -8.7570084022159544E-002 4.6243210995021912E-002 0.50 1.00 1.10
200 -0.17881446874089732 4.9938166649326231E-002 0.50 1.00 1.15
200 -0.17929237679231824 5.0055744203600559E-002 0.50 1.00 1.20
200 -0.11610393507771069 4.1271378057731241E-002 0.50 1.00 1.25
200 -0.16368563049380877 3.4724362640067001E-002 0.50 1.00 1.30
200 -7.4573856970265931E-002 4.2318139109211672E-002 0.50 1.00 1.35
200 -0.12152153138585241 4.2746021616961047E-002 0.50 1.00 1.40
200 -0.24847685578148407 4.6770672775056976E-002 0.50 1.00 1.45
200 -0.21169740222601863 5.8203016760415775E-002 0.50 1.00 1.50
200 -0.20055457575498600 4.8295791892767531E-002 0.50 1.00 1.55
200 -0.16908923106957846 5.0479329332335982E-002 0.50 1.00 1.60
200 -0.22749488552736427 4.7203374349374903E-002 0.50 1.00 1.65
200 -0.16941349016813634 4.7367340932866445E-002 0.50 1.00 1.70
200 -0.21165163329205458 4.3681302934084953E-002 0.50 1.00 1.75
200 -0.22246291237016394 5.4905586162024976E-002 0.50 1.00 1.80
200 -0.22069629304171040 4.2775477273463917E-002 0.50 1.00 1.85
200 -0.16840810865043010 3.1942801504899448E-002 0.50 1.00 1.90
200 -0.17453659999681903 4.0640265148490132E-002 0.50 1.00 1.95
200 -0.26890181338718511 5.8827685590549225E-002 0.50 1.00 2.00
