200 -1.7910541761298908E-005 NaN 0.50 1.00 0.00
200 -3.8713700465356105E-002 5.1125094213397011E-002 0.50 1.00 0.05
200 -7.2821101417898312E-002 4.8883636877703959E-002 0.50 1.00 0.10
200 -0.12587705523761158 4.7964709328746274E-002 0.50 1.00 0.15
200 -0.12855191223780185 4.4318498483795390E-002 0.50 1.00 0.20
200 -0.15023235270004037 3.8547181471927545E-002 0.50 1.00 0.25
200 -0.11186791610542193 4.3193300041369766E-002 0.50 1.00 0.30
200 -0.13084305087259221 4.1159343384692584E-002 0.50 1.00 0.35
200 -0.13724644664036867 4.5536680199944939E-002 0.50 1.00 0.40
200 -0.11352203580939810 3.9386848769258291E-002 0.50 1.00 0.45
200 -0.14935534211506526 3.9757098739688322E-002 0.50 1.00 0.50
200 -0.17817263276924913 4.4663666155499313E-002 0.50 1.00 0.55
200 -0.10636723778425293 4.2636187782366351E-002 0.50 1.00 0.60
200 -0.18495654533164888 4.6333057615746936E-002 0.50 1.00 0.65
200 -0.18524245518845062 4.4744661976068460E-002 0.50 1.00 0.70
200 -0.18071762464151456 4.8190964108369656E-002 0.50 1.00 0.75
200 -0.10017635192815615 3.7402541651561830E-002 0.50 1.00 0.80
200 -0.20207533919069695 4.9157250450298520E-002 0.50 1.00 0.85
200 -0.17429992716612458 5.3391046934102439E-002 0.50 1.00 0.90
200 -0.19949113669302165 5.4976390800405499E-002 0.50 1.00 0.95
200 -0.20599466646733991 5.4441571093336465E-002 0.50 1.00 1.00
200 -0.16881422990408493 5.1805834066686207E-002 0.50 1.00 1.05
200 -0.22796657767625939 5.1159303752051431E-002 0.50 1.00 1.10
200 -0.17353446863653049 5.1883567892006120E-002 0.50 1.00 1.15
200 -0.21373131641711643 5.3475825376902021E-002 0.50 1.00 1.20
200 -0.25292002540802616 5.8026169664901421E-002 0.50 1.00 1.25
200 -0.20120389404105329 5.8016946408418126E-002 0.50 1.00 1.30
200 -0.35032581804178203 6.1578745432205949E-002 0.50 1.00 1.35
200 -0.24475371891172823 5.2649644481599402E-002 0.50 1.00 1.40
200 -0.19885207573544739 4.6513550573961816E-002 0.50 1.00 1.45
200 -0.29505044572084166 5.8030409191413689E-002 0.50 1.00 1.50
200 -0.27563926082852280 5.3703908358295152E-002 0.50 1.00 1.55
200 -0.23813538655696653 6.1596743960010983E-002 0.50 1.00 1.60
200 -0.22600312799247255 5.2136511056529264E-002 0.50 1.00 1.65
200 -0.20707655689111235 5.2928016905913915E-002 0.50 1.00 1.70
200 -0.29768015840383344 5.5823325271752551E-002 0.50 1.00 1.75
200 -0.22896705849250415 5.2725300346297632E-002 0.50 1.00 1.80
200 -0.19461988925980539 4.3733401812170662E-002 0.50 1.00 1.85
200 -0.27670089346124754 5.8398356223193379E-002 0.50 1.00 1.90
200 -0.30013931067276389 4.7604397414900641E-002 0.50 1.00 1.95
200 -0.24961139663579057 4.0497770864547526E-002 0.50 1.00 2.00
