0.50 0.00 0.00 0.37967810159133913 3.5964007714170354E-002
0.50 0.00 0.40 0.47820175237679247 3.1746339023069857E-002
0.50 0.00 0.80 0.50719559014112581 3.1187282953113467E-002
0.50 0.00 1.20 0.49494452354519769 3.1605537604804321E-002
0.50 0.00 1.60 0.48146466793188480 3.1810783496280727E-002
0.50 0.00 2.00 0.46101983774777783 3.2304867187448842E-002
0.50 0.00 2.40 0.44608569668463349 3.2755344158293863E-002
0.50 0.00 2.80 0.43489423379674391 3.2744568566461497E-002
0.50 0.00 3.20 0.42895232335410027 3.2800781768999678E-002
0.50 0.00 3.60 0.42670054163447180 3.2960018213188315E-002
0.50 0.00 4.00 0.42342357016221255 3.3033472675739500E-002
0.50 0.00 4.40 0.42331501961349094 3.3239866481536262E-002
0.50 0.00 4.80 0.41547300227428108 3.3305624279655360E-002
0.50 0.00 5.20 0.41188150890682262 3.3441847692359125E-002
0.50 0.00 5.60 0.40868513143078689 3.3343585183936444E-002
0.50 0.00 6.00 0.40868709156125582 3.3427964883655389E-002
0.50 0.00 6.40 0.40782539205172930 3.3026223980081225E-002
0.50 0.00 6.80 0.40266331344556444 3.3359468169504629E-002
0.50 0.00 7.20 0.40700699973200904 3.3564461169450666E-002
0.50 0.00 7.60 0.40277163617741951 3.3461602389062255E-002
0.50 0.00 8.00 0.39991488187806795 3.3314195420780478E-002
0.50 0.00 8.40 0.39686001939869714 3.3126553300976705E-002
0.50 0.00 8.80 0.39766572792217836 3.3486008875409493E-002
0.50 0.00 9.20 0.39619110094591314 3.3373450661755823E-002
0.50 0.00 9.60 0.39962755664691513 3.3493284636843007E-002
0.50 0.00 10.00 0.39468671479021711 3.3319878405136054E-002
0.50 0.00 10.40 0.40065249441336331 3.3200431636881425E-002
0.50 0.00 10.80 0.40178235630205161 3.3621129277959010E-002
0.50 0.00 11.20 0.39695742831816705 3.3356078737658314E-002
0.50 0.00 11.60 0.40138792876493568 3.3506808833079757E-002
0.50 0.00 12.00 0.39439953606992517 3.3264401423710954E-002

0.50 0.20 0.00 0.48915082760727879 3.2414959597542717E-002
0.50 0.20 0.40 0.48632660368563546 3.1447374723592963E-002
0.50 0.20 0.80 0.51333084185115685 3.1301997455543018E-002
0.50 0.20 1.20 0.50568869486442614 3.1108504568465971E-002
0.50 0.20 1.60 0.48851523677212139 3.1463172809218516E-002
0.50 0.20 2.00 0.47729684685193768 3.1817410333515948E-002
0.50 0.20 2.40 0.46542995790568564 3.2140772425111153E-002
0.50 0.20 2.80 0.45481207020892012 3.2380509234404921E-002
0.50 0.20 3.20 0.45078779884437442 3.2525232349487891E-002
0.50 0.20 3.60 0.44429104513154039 3.2555364142576114E-002
0.50 0.20 4.00 0.43788655749074756 3.2930511665554822E-002
0.50 0.20 4.40 0.43900900117861197 3.2747217444395842E-002
0.50 0.20 4.80 0.43234865318809124 3.2820760236251481E-002
0.50 0.20 5.20 0.43132670541112211 3.3153375804305392E-002
0.50 0.20 5.60 0.42490617160850574 3.3328949263704104E-002
0.50 0.20 6.00 0.41943678278617219 3.3125974381051165E-002
0.50 0.20 6.40 0.42431998063908843 3.3117460945045606E-002
0.50 0.20 6.80 Binary file (standard input) matches
0.50 0.20 7.20 0.42015244005032459 3.3266760576766606E-002
0.50 0.20 7.60 0.41336423864685157 3.3295473942879024E-002
0.50 0.20 8.00 0.41696660266805174 3.3417452643843874E-002
0.50 0.20 8.40 0.41552908628113644 3.3415865001093358E-002
0.50 0.20 8.80 0.41697761508671638 3.3135740821562398E-002
0.50 0.20 9.20 0.41496545412459429 3.3298298215270257E-002
0.50 0.20 9.60 0.40919758308514503 3.3476440753058577E-002
0.50 0.20 10.00 0.41170582788919985 3.3436971112762816E-002
0.50 0.20 10.40 0.41592237573797564 3.3371700191573005E-002
0.50 0.20 10.80 0.41079534737588369 3.3647709764004385E-002
0.50 0.20 11.20 0.41051576579639210 3.3422411951935675E-002
0.50 0.20 11.60 0.41081514752938719 3.3334232574678033E-002
0.50 0.20 12.00 0.40907839122648582 3.3402105952070764E-002

0.50 0.40 0.00 0.42280611347236513 3.4401183422537479E-002
0.50 0.40 0.40 0.50518219148404575 3.1167232626756223E-002
0.50 0.40 0.80 0.52533866248803907 3.0934295846539946E-002
0.50 0.40 1.20 0.51491327745643800 3.0974543798658830E-002
0.50 0.40 1.60 0.50353039008382705 3.1246144941879717E-002
0.50 0.40 2.00 0.49370944401956907 3.1879329499357317E-002
0.50 0.40 2.40 0.48106870461224693 3.1956194893539354E-002
0.50 0.40 2.80 0.46912353917225047 3.1939552555836630E-002
0.50 0.40 3.20 0.46354244138056949 3.2365678362741922E-002
0.50 0.40 3.60 0.45808848925769646 3.2404711577386926E-002
0.50 0.40 4.00 0.45339488901491415 3.2514495626395190E-002
0.50 0.40 4.40 0.44482083537616546 3.2572699007568422E-002
0.50 0.40 4.80 0.44227810264477652 3.2922016133411280E-002
0.50 0.40 5.20 0.44342437656750244 3.2915775639167928E-002
0.50 0.40 5.60 0.43247251780282969 3.2833177304550716E-002
0.50 0.40 6.00 0.43204726390252712 3.3039055588807022E-002
0.50 0.40 6.40 0.43363896393315243 3.2672461189092547E-002
0.50 0.40 6.80 0.42891068953231865 3.3066988018849025E-002
0.50 0.40 7.20 0.42808450960547989 3.2759156222993975E-002
0.50 0.40 7.60 0.42441744839147716 3.3162095219351852E-002
0.50 0.40 8.00 0.42199729923380735 3.3244218084935190E-002
0.50 0.40 8.40 0.42121802393214586 3.3136081010044990E-002
0.50 0.40 8.80 0.42175773018836599 3.3233090770130161E-002
0.50 0.40 9.20 0.42012260055304695 3.3166061059734193E-002
0.50 0.40 9.60 0.41328599986150094 3.3195808164826472E-002
0.50 0.40 10.00 0.41961221007911698 3.3249625224040999E-002
0.50 0.40 10.40 0.41872293896296675 3.3473620819518102E-002
0.50 0.40 10.80 0.41745931776357148 3.3354788526903885E-002
0.50 0.40 11.20 0.41663181123523846 3.3440399129052251E-002
0.50 0.40 11.60 0.41580555228137517 3.3478472840895564E-002
0.50 0.40 12.00 0.41480162776439117 3.3333756459131156E-002

0.50 0.60 0.00 0.41161507534856290 3.5717294856519616E-002
0.50 0.60 0.40 0.50578538057247735 3.1234076785391935E-002
0.50 0.60 0.80 0.52580686646642016 3.0926597602917567E-002
0.50 0.60 1.20 0.51707517993654473 3.0976281771021078E-002
0.50 0.60 1.60 0.51144316702233361 3.1467807392716665E-002
0.50 0.60 2.00 0.49862609108577233 3.1470836623468050E-002
0.50 0.60 2.40 0.48653399623483196 3.1530771568635194E-002
0.50 0.60 2.80 0.48221387717907388 3.1799237592299960E-002
0.50 0.60 3.20 0.47528205992405070 3.2167702887774881E-002
0.50 0.60 3.60 0.46867448841335591 3.2382098031352335E-002
0.50 0.60 4.00 0.45696153586018873 3.2415842684745219E-002
0.50 0.60 4.40 0.45693277977365654 3.2588985223021949E-002
0.50 0.60 4.80 0.45190863168281281 3.2512762954234428E-002
0.50 0.60 5.20 0.44310828332368307 3.2940625260603450E-002
0.50 0.60 5.60 0.43936836433067727 3.2884236304532743E-002
0.50 0.60 6.00 0.43675397553021683 3.2763075628592410E-002
0.50 0.60 6.40 0.43807621020504917 3.2810793923120328E-002
0.50 0.60 6.80 0.43461623442284436 3.2994504723555217E-002
0.50 0.60 7.20 0.43730645551528752 3.3013359634585369E-002
0.50 0.60 7.60 0.43322334716653305 3.3144630634547208E-002
0.50 0.60 8.00 0.42731912719695914 3.3106398258235401E-002
0.50 0.60 8.40 0.42537499954060226 3.3355552784210041E-002
0.50 0.60 8.80 0.42481254496956744 3.3071904525172537E-002
0.50 0.60 9.20 0.42712593801127302 3.3249012291159126E-002
0.50 0.60 9.60 0.42199406687447222 3.3265820000469126E-002
0.50 0.60 10.00 0.42582409676327826 3.3218285833491734E-002
0.50 0.60 10.40 0.41925519454161109 3.3189146849355422E-002
0.50 0.60 10.80 0.41869784460742138 3.3509185261089536E-002
0.50 0.60 11.20 0.41773676641452606 3.3488818071841849E-002
0.50 0.60 11.60 0.41818344376538646 3.3332929343035785E-002
0.50 0.60 12.00 0.41882069122202792 3.3236186322847867E-002

0.50 0.80 0.00 0.35107451943434881 3.4232692855587152E-002
0.50 0.80 0.40 0.52124800578369768 3.0943678755527088E-002
0.50 0.80 0.80 0.51915964814600213 3.1031847091924834E-002
0.50 0.80 1.20 0.51514269019903358 3.1015263538311109E-002
0.50 0.80 1.60 0.50710390305741160 3.1400808254937164E-002
0.50 0.80 2.00 0.49563017390469655 3.1576505089658237E-002
0.50 0.80 2.40 0.48817239483497643 3.1990721684938925E-002
0.50 0.80 2.80 0.47682478805826040 3.1825742015670011E-002
0.50 0.80 3.20 0.47104472098155875 3.1893167446344461E-002
0.50 0.80 3.60 0.46530815138966347 3.2422358379293033E-002
0.50 0.80 4.00 0.45974069890208946 3.2411796717506457E-002
0.50 0.80 4.40 0.45711744187381165 3.2339970739485233E-002
0.50 0.80 4.80 0.45245224352721092 3.2755504165917389E-002
0.50 0.80 5.20 0.44710739678713524 3.2672982245678842E-002
0.50 0.80 5.60 0.43925037883933776 3.2650435380959693E-002
0.50 0.80 6.00 0.44198028264218892 3.2742245588939678E-002
0.50 0.80 6.40 0.43824094711648681 3.2792761048467692E-002
0.50 0.80 6.80 0.43805448582765250 3.3008013744030368E-002
0.50 0.80 7.20 0.43311186541643149 3.2999407542670285E-002
0.50 0.80 7.60 0.43071845637507389 3.2852486291699415E-002
0.50 0.80 8.00 0.42710938262225334 3.3097777416624674E-002
0.50 0.80 8.40 0.42860101310525450 3.3013295093384104E-002
0.50 0.80 8.80 0.43005438255512474 3.3060706299343393E-002
0.50 0.80 9.20 0.42478081243622839 3.2929687864927941E-002
0.50 0.80 9.60 0.42116269469767459 3.3019297610561910E-002
0.50 0.80 10.00 0.42007705953335173 3.3220982449419387E-002
0.50 0.80 10.40 0.41829817126721575 3.3357309413508056E-002
0.50 0.80 10.80 0.41764591131951045 3.3208713166103208E-002
0.50 0.80 11.20 0.42138835027938326 3.3114383178665420E-002
0.50 0.80 11.60 0.42120658985457471 3.3345782910628542E-002
0.50 0.80 12.00 0.41683397856916204 3.3126411349095268E-002

0.50 1.00 0.00 0.32590372725793798 3.4719093251280975E-002
0.50 1.00 0.40 0.51001162851324378 3.1166876483622936E-002
0.50 1.00 0.80 0.51350118077993223 3.1142518499039772E-002
0.50 1.00 1.20 0.51059884401914057 3.1349344775135624E-002
0.50 1.00 1.60 0.49997905207274684 3.1319115899945335E-002
0.50 1.00 2.00 0.49270501354630525 3.1682468971101337E-002
0.50 1.00 2.40 0.49199452513856701 3.1713993964625764E-002
0.50 1.00 2.80 0.47630391978155967 3.1914325833907464E-002
0.50 1.00 3.20 0.47300452284814709 3.2365326858648770E-002
0.50 1.00 3.60 0.46175142655347579 3.2400526098081237E-002
0.50 1.00 4.00 0.45561295555531567 3.2576860608644877E-002
0.50 1.00 4.40 0.45457655538908853 3.2605811257915229E-002
0.50 1.00 4.80 0.45153252163841778 3.2815172228770603E-002
0.50 1.00 5.20 0.44985986538404193 3.2396336647305748E-002
0.50 1.00 5.60 0.43887464495722039 3.2729471437498339E-002
0.50 1.00 6.00 0.43962475497435455 3.3081252703122573E-002
0.50 1.00 6.40 0.43316815113898555 3.2945883454778398E-002
0.50 1.00 6.80 0.43276798919501946 3.3120037467069131E-002
0.50 1.00 7.20 0.43672276496682494 3.2901225324484751E-002
0.50 1.00 7.60 0.43106917750349216 3.3064652972852514E-002
0.50 1.00 8.00 0.42942088175838100 3.3166333546559464E-002
0.50 1.00 8.40 0.42674922327830184 3.3126374597693901E-002
0.50 1.00 8.80 0.42732979301658752 3.3225716313078274E-002
0.50 1.00 9.20 0.42626044781714534 3.3310530098640101E-002
0.50 1.00 9.60 0.42522166345805007 3.3241555743174535E-002
0.50 1.00 10.00 0.42191770096173026 3.3016354783464631E-002
0.50 1.00 10.40 0.41857360577496516 3.3207671963546473E-002
0.50 1.00 10.80 0.41543569622592769 3.3077959446059735E-002
0.50 1.00 11.20 0.41679942574097228 3.3305026319974104E-002
0.50 1.00 11.60 0.41362045929075181 3.3206872785850841E-002
0.50 1.00 12.00 0.42057007271116015 3.3363062829612988E-002

0.50 1.20 0.00 0.34365301957835570 3.1709266504486543E-002
0.50 1.20 0.40 0.49402253293790421 3.1604583139937553E-002
0.50 1.20 0.80 0.49956656561248636 3.1628280838429598E-002
0.50 1.20 1.20 0.49630313472732945 3.1497227766874351E-002
0.50 1.20 1.60 0.49678157363907055 3.1453354189430169E-002
0.50 1.20 2.00 0.48239692067681100 3.1815414929146350E-002
0.50 1.20 2.40 0.47961534787305060 3.2007831528873334E-002
0.50 1.20 2.80 0.47360386214056593 3.2022455763220853E-002
0.50 1.20 3.20 0.46592469893728927 3.2319791680369747E-002
0.50 1.20 3.60 0.46293220810945951 3.2232908175121894E-002
0.50 1.20 4.00 0.45794592343588308 3.2237677908969156E-002
0.50 1.20 4.40 0.45156667323394173 3.2517809907852857E-002
0.50 1.20 4.80 0.44834580008114522 3.2814696430464772E-002
0.50 1.20 5.20 0.44169693158099754 3.2930446429791642E-002
0.50 1.20 5.60 0.43774537484915516 3.2822318276751541E-002
0.50 1.20 6.00 0.43943971235351320 3.2756930656395150E-002
0.50 1.20 6.40 0.43568558557176634 3.2897195062648564E-002
0.50 1.20 6.80 0.43099445495602379 3.3000282538695490E-002
0.50 1.20 7.20 0.42983658044454848 3.3091869189151711E-002
0.50 1.20 7.60 0.42508647437107683 3.3134404844711189E-002
0.50 1.20 8.00 0.42225906852999195 3.3394593921671906E-002
0.50 1.20 8.40 0.42350198762316860 3.3072096817506162E-002
0.50 1.20 8.80 0.42715325568281770 3.3218226446273404E-002
0.50 1.20 9.20 0.42110101796966432 3.3132375574198507E-002
0.50 1.20 9.60 0.41912034549383304 3.3127624331057884E-002
0.50 1.20 10.00 0.41730432032296816 3.3170095674761993E-002
0.50 1.20 10.40 0.41731013706498443 3.3237598110440046E-002
0.50 1.20 10.80 0.41671482133907567 3.3264478280704890E-002
0.50 1.20 11.20 0.41355871152885204 3.3169731428925882E-002
0.50 1.20 11.60 0.41723739479413569 3.3410033080641888E-002
0.50 1.20 12.00 0.41186256674861504 3.3420824985425257E-002

0.50 1.40 0.00 0.28501260972069131 3.0617702166411472E-002
0.50 1.40 0.40 0.47249299900761460 3.2016858394127774E-002
0.50 1.40 0.80 0.48268790182862409 3.1833633435263152E-002
0.50 1.40 1.20 0.48717185783191086 3.1578393190744021E-002
0.50 1.40 1.60 0.48494235520421569 3.1960773717443110E-002
0.50 1.40 2.00 0.48117876600501247 3.2037044557721946E-002
0.50 1.40 2.40 0.47502662178853933 3.2018032998824324E-002
0.50 1.40 2.80 0.47041666689723477 3.2242776548121965E-002
0.50 1.40 3.20 0.46211701327102367 3.2394693460575552E-002
0.50 1.40 3.60 0.45881595825174060 3.2474419770239599E-002
0.50 1.40 4.00 0.44976681168465926 3.2442028547300161E-002
0.50 1.40 4.40 0.44455066191853287 3.2366074766920036E-002
0.50 1.40 4.80 0.44573655003570900 3.2747545254279940E-002
0.50 1.40 5.20 0.43585779708485672 3.2743068386248936E-002
0.50 1.40 5.60 0.43648632007271526 3.2916518845650361E-002
0.50 1.40 6.00 0.43383491136007307 3.2930232241007815E-002
0.50 1.40 6.40 0.42982718863867786 3.3219791535552379E-002
0.50 1.40 6.80 0.43012527911481441 3.2831209752570395E-002
0.50 1.40 7.20 0.42408508581027782 3.3207262550425880E-002
0.50 1.40 7.60 0.42366805017596387 3.3097789238747857E-002
0.50 1.40 8.00 0.42510922037782989 3.2954488532387555E-002
0.50 1.40 8.40 0.42036632311569005 3.3209156400957986E-002
0.50 1.40 8.80 0.42121151284035402 3.3260572686090437E-002
0.50 1.40 9.20 0.42176279480774942 3.3365171409735488E-002
0.50 1.40 9.60 0.41632206209452127 3.3194415020797091E-002
0.50 1.40 10.00 0.41521221905190242 3.3228632025365738E-002
0.50 1.40 10.40 0.41213647495220684 3.3339315246716510E-002
0.50 1.40 10.80 0.41511260890423507 3.3209888015217195E-002
0.50 1.40 11.20 0.41826546585289776 3.3349324846167587E-002
0.50 1.40 11.60 0.41281387184949292 3.3588144186499622E-002
0.50 1.40 12.00 0.40965660638523566 3.3528761424578911E-002

0.50 1.60 0.00 0.28030540657848818 3.3681919251836813E-002
0.50 1.60 0.40 0.46733595930838517 3.2359495678139671E-002
0.50 1.60 0.80 0.46709192395084526 3.1958869665205419E-002
0.50 1.60 1.20 0.47972773953714859 3.2037523910250991E-002
0.50 1.60 1.60 0.47436755855567159 3.2095548628100011E-002
0.50 1.60 2.00 0.47391112957347292 3.2129498947774143E-002
0.50 1.60 2.40 0.47274452309141540 3.2150212289530737E-002
0.50 1.60 2.80 0.46729978775519232 3.2266685882520595E-002
0.50 1.60 3.20 0.46243924037634454 3.2472288260299055E-002
0.50 1.60 3.60 0.45545375742653693 3.2416634126950998E-002
0.50 1.60 4.00 0.45086034577446893 3.2425505345124728E-002
0.50 1.60 4.40 0.44774393794005912 3.2555139456196723E-002
0.50 1.60 4.80 0.44261741668684085 3.2757286439209839E-002
0.50 1.60 5.20 0.44051027152653666 3.2734933992499229E-002
0.50 1.60 5.60 0.43755737851268439 3.2920116836129644E-002
0.50 1.60 6.00 0.43868022374404997 3.2884196977961730E-002
0.50 1.60 6.40 0.42993357811117017 3.3017468231680669E-002
0.50 1.60 6.80 0.42663296525624872 3.3261065215281715E-002
0.50 1.60 7.20 0.42597007654000113 3.2982669668393853E-002
0.50 1.60 7.60 0.42355341694328025 3.3036255434812568E-002
0.50 1.60 8.00 0.42173069662062534 3.3168439118410643E-002
0.50 1.60 8.40 0.41794666638367711 3.3262395001126023E-002
0.50 1.60 8.80 0.42066120988244826 3.3164983412284625E-002
0.50 1.60 9.20 0.41495296583706748 3.3170938617723737E-002
0.50 1.60 9.60 0.41522941727434637 3.3186257405150126E-002
0.50 1.60 10.00 0.41744601067172554 3.3388705153302230E-002
0.50 1.60 10.40 0.41613547243246557 3.3616421434845306E-002
0.50 1.60 10.80 0.41259826891324269 3.3589874196688539E-002
0.50 1.60 11.20 0.41218557937054195 3.3417735853937529E-002
0.50 1.60 11.60 0.41106717191508163 3.3329360410269113E-002
0.50 1.60 12.00 0.41110295242494932 3.3293920383605430E-002

0.50 1.80 0.00 0.24552949335922708 2.9467945967866015E-002
0.50 1.80 0.40 0.45841943187057527 3.2256372006664279E-002
0.50 1.80 0.80 0.46645610130407433 3.2224068303149798E-002
0.50 1.80 1.20 0.47797574721835645 3.2183328665856228E-002
0.50 1.80 1.60 0.47160560589186423 3.2141784945590217E-002
0.50 1.80 2.00 0.47049075363852433 3.2185824940502157E-002
0.50 1.80 2.40 0.46256704602893206 3.2182210437255034E-002
0.50 1.80 2.80 0.46544842082601434 3.2377372293482053E-002
0.50 1.80 3.20 0.45996663589814429 3.2476123131502735E-002
0.50 1.80 3.60 0.45334594264358141 3.2622200012088320E-002
0.50 1.80 4.00 0.45290380674623582 3.2560115393867342E-002
0.50 1.80 4.40 0.44480678420252462 3.2557461452411895E-002
0.50 1.80 4.80 0.44490831966698952 3.2844587036697931E-002
0.50 1.80 5.20 0.44084357942077118 3.2598903860917468E-002
0.50 1.80 5.60 0.43744015772966610 3.2780769667660095E-002
0.50 1.80 6.00 0.43328011162903779 3.2971006690364117E-002
0.50 1.80 6.40 0.43185515795864066 3.2979657816402323E-002
0.50 1.80 6.80 0.43025295377152623 3.3162921899634240E-002
0.50 1.80 7.20 0.42719766099346562 3.3106670977981527E-002
0.50 1.80 7.60 0.43175747704056999 3.2981683376870220E-002
0.50 1.80 8.00 0.42382074756008398 3.3141689428220551E-002
0.50 1.80 8.40 0.42581456146687408 3.2966258332233538E-002
0.50 1.80 8.80 0.42434194150258975 3.3291843007857758E-002
0.50 1.80 9.20 0.42220722192270055 3.3288746203768455E-002
0.50 1.80 9.60 0.41879097287125050 3.3380959397700138E-002
0.50 1.80 10.00 0.42076000513204426 3.3263271827346910E-002
0.50 1.80 10.40 0.41522297228105859 3.3428334285866994E-002
0.50 1.80 10.80 0.41524818465829660 3.3502497747252426E-002
0.50 1.80 11.20 0.41330714693320997 3.3374588470480145E-002
0.50 1.80 11.60 0.41487239498894751 3.3428383798065675E-002
0.50 1.80 12.00 0.41495645277709414 3.3394269038461835E-002

0.50 2.00 0.00 0.26047279168426357 2.9908493147292364E-002
0.50 2.00 0.40 0.45931210372999115 3.2392339663532208E-002
0.50 2.00 0.80 0.46332899354603141 3.2176813184888971E-002
0.50 2.00 1.20 0.47118315039419684 3.2334413331025706E-002
0.50 2.00 1.60 0.46681729843837505 3.2440251543895099E-002
0.50 2.00 2.00 0.46222568065502634 3.2347815383856747E-002
0.50 2.00 2.40 0.46205336869437846 3.2271806472626292E-002
0.50 2.00 2.80 0.45757032997866809 3.2482330031064342E-002
0.50 2.00 3.20 0.45650836172617382 3.2239840345534315E-002
0.50 2.00 3.60 0.45257982628482568 3.2483655384943307E-002
0.50 2.00 4.00 0.44894370628074609 3.2768200711903964E-002
0.50 2.00 4.40 0.44853491635835202 3.2523883468806414E-002
0.50 2.00 4.80 0.44650431340968444 3.2726436734224276E-002
0.50 2.00 5.20 0.44199520055939978 3.2966177687162250E-002
0.50 2.00 5.60 0.43641567356521194 3.2719961504056802E-002
0.50 2.00 6.00 0.43770658087384823 3.2944984866992329E-002
0.50 2.00 6.40 0.43352007049656144 3.2962536221690965E-002
0.50 2.00 6.80 0.43262383926925202 3.2935113352147972E-002
0.50 2.00 7.20 0.43266692852463151 3.3003141063591285E-002
0.50 2.00 7.60 0.43035609306755662 3.2864319880405314E-002
0.50 2.00 8.00 0.42772889422504978 3.3094972289348872E-002
0.50 2.00 8.40 0.42830707446996064 3.3118752649388558E-002
0.50 2.00 8.80 0.42553957072639015 3.3053009549223522E-002
0.50 2.00 9.20 0.42649434221158977 3.2994332605782481E-002
0.50 2.00 9.60 0.42177479623924991 3.3248049811252088E-002
0.50 2.00 10.00 0.41870766827875361 3.3075669299304444E-002
0.50 2.00 10.40 0.42085033867762284 3.3229973625931518E-002
0.50 2.00 10.80 0.41660411785465162 3.3333019749365290E-002
0.50 2.00 11.20 0.41593891279685130 3.3006965069364208E-002
0.50 2.00 11.60 0.41923063115365561 3.3373824075261037E-002
0.50 2.00 12.00 0.41687441346978621 3.3347448203077806E-002

0.50 2.20 0.00 0.23160035623299297 3.1914469740765991E-002
0.50 2.20 0.40 0.46197607910782468 3.2122329430898287E-002
0.50 2.20 0.80 0.46455997689821427 3.2266951867546349E-002
0.50 2.20 1.20 0.46441797427932674 3.2481679584088256E-002
0.50 2.20 1.60 0.46017418564751739 3.2463513974016478E-002
0.50 2.20 2.00 0.45922972608346713 3.2600771224498927E-002
0.50 2.20 2.40 0.45936971575866348 3.2453477791797164E-002
0.50 2.20 2.80 0.45665275982722270 3.2385365294930579E-002
0.50 2.20 3.20 0.45364364044351174 3.2662951210684181E-002
0.50 2.20 3.60 0.45232333351804543 3.2744244720545004E-002
0.50 2.20 4.00 0.44740711705612635 3.2668382730139250E-002
0.50 2.20 4.40 0.44437527061536397 3.2529218518004749E-002
0.50 2.20 4.80 0.44252051178679397 3.2829455601864121E-002
0.50 2.20 5.20 0.44394770021075070 3.2879194212363884E-002
0.50 2.20 5.60 0.44295287469405614 3.2852837042474548E-002
0.50 2.20 6.00 0.43330883622916405 3.2801092587199085E-002
0.50 2.20 6.40 0.43291471102296014 3.3199212462343745E-002
0.50 2.20 6.80 0.43366233960153588 3.3061133858570894E-002
0.50 2.20 7.20 0.43333069766082588 3.2853163951991005E-002
0.50 2.20 7.60 0.42897974871147404 3.3002804304942943E-002
0.50 2.20 8.00 0.42732005608154361 3.2988031677940705E-002
0.50 2.20 8.40 0.42823983818809275 3.3094927494519831E-002
0.50 2.20 8.80 0.42778276652451874 3.3025648439182660E-002
0.50 2.20 9.20 0.42258742634404600 3.3044017896916640E-002
0.50 2.20 9.60 0.42349813602343700 3.3272105443543490E-002
0.50 2.20 10.00 0.42445042650323606 3.3155145931084658E-002
0.50 2.20 10.40 0.42217447634362831 3.3407101768485985E-002
0.50 2.20 10.80 0.42264061552567134 3.2998495480722409E-002
0.50 2.20 11.20 0.41851602786470110 3.3214293457143655E-002
0.50 2.20 11.60 0.42412271358751108 3.3365280546013946E-002
0.50 2.20 12.00 0.42283506816770605 3.3282912715050829E-002

0.50 2.40 0.00 0.22638078695221023 2.6192605613796553E-002
0.50 2.40 0.40 0.47167014455331735 3.2269346148824041E-002
0.50 2.40 0.80 0.45946182441237371 3.2281743104086574E-002
0.50 2.40 1.20 0.45845793379586464 3.2336215208617798E-002
0.50 2.40 1.60 0.45536093429825442 3.2515564128464791E-002
0.50 2.40 2.00 0.45302908775999667 3.2488824123280469E-002
0.50 2.40 2.40 0.45177131873149168 3.2424155855090120E-002
0.50 2.40 2.80 0.45010737496720221 3.2440801883343889E-002
0.50 2.40 3.20 0.44979618241263164 3.2755709095846221E-002
0.50 2.40 3.60 0.44629175874690796 3.2856542387252691E-002
0.50 2.40 4.00 0.44381513996519201 3.2442516366678643E-002
0.50 2.40 4.40 0.44717215616477402 3.2667421753311873E-002
0.50 2.40 4.80 0.44351076794378680 3.2804270866116016E-002
0.50 2.40 5.20 0.44319666054311641 3.2856284330082905E-002
0.50 2.40 5.60 0.43719549173096767 3.2910153971357166E-002
0.50 2.40 6.00 0.44046450986180491 3.2888276022504076E-002
0.50 2.40 6.40 0.43525817498465785 3.2777955284147654E-002
0.50 2.40 6.80 0.42663994324616655 3.3036618073040681E-002
0.50 2.40 7.20 0.43259140124710332 3.2940793948615266E-002
0.50 2.40 7.60 0.43337673809074406 3.3134396296226415E-002
0.50 2.40 8.00 0.42868897158428609 3.2791301802343020E-002
0.50 2.40 8.40 0.42878059938797042 3.3398380652263422E-002
0.50 2.40 8.80 Binary file (standard input) matches
0.50 2.40 9.20 0.42406885967429953 3.3022627125605504E-002
0.50 2.40 9.60 0.42495710394912506 3.3167535826059323E-002
0.50 2.40 10.00 0.42292519547955865 3.3250270186107579E-002
0.50 2.40 10.40 0.41844617967162678 3.3247342878795320E-002
0.50 2.40 10.80 0.41659621081610060 3.3031854397575881E-002
0.50 2.40 11.20 0.41730951053806786 3.3301548020452272E-002
0.50 2.40 11.60 0.41916868269182006 3.3288015632274112E-002
0.50 2.40 12.00 0.41858265522549221 3.3327714262441271E-002

0.50 2.60 0.00 0.29632279935600503 3.7313769260641762E-002
0.50 2.60 0.40 0.46600752781574339 3.2186713210540972E-002
0.50 2.60 0.80 0.45370146339378836 3.2517526113824274E-002
0.50 2.60 1.20 0.45098717849350978 3.2591406260547809E-002
0.50 2.60 1.60 0.44898187422440144 3.2497172206276931E-002
0.50 2.60 2.00 0.45055044713687575 3.2783560220713222E-002
0.50 2.60 2.40 0.44721434336844562 3.2755135600260173E-002
0.50 2.60 2.80 0.44886402642673262 3.2763612152556423E-002
0.50 2.60 3.20 0.44810334765817422 3.2703409835386089E-002
0.50 2.60 3.60 0.44547128441689604 3.2760481356803157E-002
0.50 2.60 4.00 0.44760942889129990 3.2868540735581521E-002
0.50 2.60 4.40 0.43874719719134958 3.2762312314291518E-002
0.50 2.60 4.80 0.44075179223890848 3.3006687660999671E-002
0.50 2.60 5.20 0.43680539127117168 3.2967704972959998E-002
0.50 2.60 5.60 0.43819453133752023 3.3040638349309356E-002
0.50 2.60 6.00 0.43590023650737847 3.3107357106592329E-002
0.50 2.60 6.40 0.43066186510910287 3.2946492175270556E-002
0.50 2.60 6.80 0.43385555587291158 3.3105988517133735E-002
0.50 2.60 7.20 0.42899059255022287 3.2980685978715472E-002
0.50 2.60 7.60 0.42914310071877865 3.3066222009201125E-002
0.50 2.60 8.00 0.42406976527268359 3.2952373353802099E-002
0.50 2.60 8.40 0.42284354842796673 3.3109391979660945E-002
0.50 2.60 8.80 0.42539324999006356 3.3208057586777771E-002
0.50 2.60 9.20 0.41795409883900225 3.3002148182632592E-002
0.50 2.60 9.60 0.42034277352364080 3.3240343958514815E-002
0.50 2.60 10.00 0.42032102996513149 3.3316976679669728E-002
0.50 2.60 10.40 0.42391336798758295 3.3126315913642443E-002
0.50 2.60 10.80 0.41770902906683594 3.3128367841658513E-002
0.50 2.60 11.20 0.41986396826674899 3.3265498627201330E-002
0.50 2.60 11.60 0.41968695743071371 3.3371478741047907E-002
0.50 2.60 12.00 0.41744376930481597 3.3473367997645352E-002

0.50 2.80 0.00 0.24618918958021641 2.9944464870264000E-002
0.50 2.80 0.40 0.45231826987516249 3.2710967163206393E-002
0.50 2.80 0.80 0.45326920861382713 3.2640571157118062E-002
0.50 2.80 1.20 0.44818259467728588 3.2784643370830549E-002
0.50 2.80 1.60 0.44446537805360303 3.2826832123355271E-002
0.50 2.80 2.00 0.44202712205730765 3.2852382767614034E-002
0.50 2.80 2.40 0.44577528183390269 3.2653102907481198E-002
0.50 2.80 2.80 0.44272184291434424 3.2829802631962814E-002
0.50 2.80 3.20 0.43992474203207738 3.3163139927677276E-002
0.50 2.80 3.60 0.44178449577980433 3.2865253511743180E-002
0.50 2.80 4.00 0.43704354267565487 3.2858006991568288E-002
0.50 2.80 4.40 0.43940636707876379 3.2912796220084486E-002
0.50 2.80 4.80 0.43464408620439299 3.3079416613864508E-002
0.50 2.80 5.20 0.43704305271149246 3.3020844642202965E-002
0.50 2.80 5.60 0.43384879176806324 3.2846780721033544E-002
0.50 2.80 6.00 0.42818039568614052 3.2933284657973516E-002
0.50 2.80 6.40 0.42944350582281066 3.3063590230428985E-002
0.50 2.80 6.80 0.42792655028482285 3.3176756979644152E-002
0.50 2.80 7.20 0.42672821655538440 3.3226408546436742E-002
0.50 2.80 7.60 0.42795874122195243 3.3170570814004083E-002
0.50 2.80 8.00 0.42274926817740566 3.3353065232986250E-002
0.50 2.80 8.40 0.42506743950508402 3.2975571055330360E-002
0.50 2.80 8.80 0.42173509863975028 3.3191862379695403E-002
0.50 2.80 9.20 0.41830888054762017 3.3147726154024747E-002
0.50 2.80 9.60 0.41965566456801806 3.3294808518498253E-002
0.50 2.80 10.00 0.41357310899402783 3.3323230888939077E-002
0.50 2.80 10.40 0.42143986518868670 3.3530016371215471E-002
0.50 2.80 10.80 0.41595164656265105 3.3307521354341521E-002
0.50 2.80 11.20 0.41837789059002428 3.3463470782879194E-002
0.50 2.80 11.60 0.41743904108835383 3.3237139812693328E-002
0.50 2.80 12.00 0.41405002335588864 3.3388686044443609E-002

0.50 3.00 0.00 0.20734068255194246 3.1667483744519352E-002
0.50 3.00 0.40 0.44820991203842625 3.2640210149439026E-002
0.50 3.00 0.80 0.44772407194395580 3.2568363642408692E-002
0.50 3.00 1.20 0.44104237534384494 3.2788645050922965E-002
0.50 3.00 1.60 0.44322005360599170 3.2827976933803932E-002
0.50 3.00 2.00 0.44025429387373693 3.2796232350122717E-002
0.50 3.00 2.40 0.44071799447090898 3.2865920289016283E-002
0.50 3.00 2.80 0.44245848274897054 3.2884421552912990E-002
0.50 3.00 3.20 0.43984220194664914 3.3026809915332730E-002
0.50 3.00 3.60 0.43858377934006471 3.2863783873974678E-002
0.50 3.00 4.00 0.43394475352717449 3.2675623302947605E-002
0.50 3.00 4.40 0.43779020267693303 3.3018860420301159E-002
0.50 3.00 4.80 0.43338741340410525 3.2978343052194027E-002
0.50 3.00 5.20 0.43348905487369283 3.2891659551987841E-002
0.50 3.00 5.60 0.42728274967196211 3.3077184208327906E-002
0.50 3.00 6.00 0.42920637146291735 3.3078962266965002E-002
0.50 3.00 6.40 0.43057125586279665 3.3026348198446513E-002
0.50 3.00 6.80 0.42426228559745194 3.3195760865177122E-002
0.50 3.00 7.20 0.42381798288297368 3.3186486681699462E-002
0.50 3.00 7.60 0.42392811862998203 3.3289801138073005E-002
0.50 3.00 8.00 0.42182785460159933 3.3286114450040108E-002
0.50 3.00 8.40 0.42138874155882367 3.3218892999424550E-002
0.50 3.00 8.80 0.42081504106593270 3.3339736154381877E-002
0.50 3.00 9.20 0.41880296420874963 3.3297213359175001E-002
0.50 3.00 9.60 0.42409392406978508 3.3334754300732954E-002
0.50 3.00 10.00 0.41683461848467768 3.3121720232029278E-002
0.50 3.00 10.40 0.41683313779559450 3.3468028079862787E-002
0.50 3.00 10.80 0.41500169003610327 3.3448119671500035E-002
0.50 3.00 11.20 0.41609822597672086 3.3444378553831706E-002
0.50 3.00 11.60 0.41677108937851343 3.3303464525849626E-002
0.50 3.00 12.00 0.41053828303933104 3.3410687427466237E-002

0.50 3.20 0.00 0.20199001275506170 3.3542340498491002E-002
0.50 3.20 0.40 0.44293999761463743 3.3070559098523480E-002
0.50 3.20 0.80 0.43844004789294699 3.2764549360533378E-002
0.50 3.20 1.20 0.44549248977093664 3.2852561840343346E-002
0.50 3.20 1.60 0.44491313512570796 3.2791309218110576E-002
0.50 3.20 2.00 0.44230055057694084 3.2607723627140005E-002
0.50 3.20 2.40 0.43431803984995387 3.2908548496209070E-002
0.50 3.20 2.80 0.43623578466252633 3.2793547770574590E-002
0.50 3.20 3.20 0.43568220855043932 3.3073356679862255E-002
0.50 3.20 3.60 0.43294155016061470 3.2781966409127540E-002
0.50 3.20 4.00 0.42980847952728257 3.2769770244054142E-002
0.50 3.20 4.40 0.43429564771126472 3.3019821324121464E-002
0.50 3.20 4.80 0.43106031129661693 3.2888217829920172E-002
0.50 3.20 5.20 0.42837212946361303 3.3061495947830200E-002
0.50 3.20 5.60 0.42922909603766896 3.2873089584010348E-002
0.50 3.20 6.00 0.42872439395079187 3.3080841304754201E-002
0.50 3.20 6.40 0.42764236252574206 3.3273137993478918E-002
0.50 3.20 6.80 0.42763290330903014 3.3351824017009750E-002
0.50 3.20 7.20 0.42572744066480583 3.3158132978524692E-002
0.50 3.20 7.60 0.41781757552441812 3.3051471992445659E-002
0.50 3.20 8.00 0.42521376442215325 3.3314902073375834E-002
0.50 3.20 8.40 0.42038658958754355 3.3324226938889735E-002
0.50 3.20 8.80 0.42029436820254695 3.3399115036221130E-002
0.50 3.20 9.20 0.41779930465178916 3.3065666675268619E-002
0.50 3.20 9.60 0.41822954232830656 3.3152620874777931E-002
0.50 3.20 10.00 0.41696582660336051 3.3190210747077030E-002
0.50 3.20 10.40 0.41489913888372920 3.3361489981894303E-002
0.50 3.20 10.80 0.41157148615235428 3.3315239113293794E-002
0.50 3.20 11.20 0.41879960150944545 3.3397178865702717E-002
0.50 3.20 11.60 0.40852396620590570 3.3474247726270751E-002
0.50 3.20 12.00 0.41239460900400748 3.3286004218845651E-002

0.50 3.40 0.00 0.20191400302885226 3.1886593656202188E-002
0.50 3.40 0.40 0.43342096121562640 3.3030423337301773E-002
0.50 3.40 0.80 0.44101547103375216 3.3031537089693933E-002
0.50 3.40 1.20 0.43821299297782479 3.2473693262338926E-002
0.50 3.40 1.60 0.44018135292546540 3.2788978802272412E-002
0.50 3.40 2.00 0.43481146389023062 3.3013654660829131E-002
0.50 3.40 2.40 0.43230904967335571 3.2788395150994000E-002
0.50 3.40 2.80 0.43413523619725741 3.2899839356311335E-002
0.50 3.40 3.20 0.43167832750566726 3.2968283096588301E-002
0.50 3.40 3.60 0.43286502047326236 3.2760420352518166E-002
0.50 3.40 4.00 0.43271240294753915 3.3000143074757959E-002
0.50 3.40 4.40 0.42868648977976254 3.2961765697852079E-002
0.50 3.40 4.80 0.43292764891948987 3.3314814174126919E-002
0.50 3.40 5.20 0.43044034716387553 3.3202336832913092E-002
0.50 3.40 5.60 0.43173240318803063 3.3090765192786399E-002
0.50 3.40 6.00 0.42850042452768722 3.3234484911704651E-002
0.50 3.40 6.40 0.42559733098768493 3.2990880750379557E-002
0.50 3.40 6.80 0.42455458556137299 3.3437320456972265E-002
0.50 3.40 7.20 0.42172261479513989 3.3015130771817433E-002
0.50 3.40 7.60 0.42443674114438812 3.3413444798995870E-002
0.50 3.40 8.00 0.42291010151249420 3.3025571847126900E-002
0.50 3.40 8.40 0.42316223885857418 3.3057651050243435E-002
0.50 3.40 8.80 0.42112696577712977 3.3238800718209567E-002
0.50 3.40 9.20 0.41674719243195657 3.3005603827348330E-002
0.50 3.40 9.60 0.41826205678512807 3.3339265774339634E-002
0.50 3.40 10.00 0.42100532754285364 3.3530288941276243E-002
0.50 3.40 10.40 0.42077125375184787 3.3290962301397838E-002
0.50 3.40 10.80 0.41692266189865473 3.3472514395550254E-002
0.50 3.40 11.20 0.41935760555743801 3.3214865522113321E-002
0.50 3.40 11.60 0.41329070249008604 3.3392136128611076E-002
0.50 3.40 12.00 0.41263159831134566 3.3409930702777167E-002

0.50 3.60 0.00 0.24659908726688823 3.6629973323842963E-002
0.50 3.60 0.40 0.44478037106829127 3.2656084895248634E-002
0.50 3.60 0.80 0.44105173312023666 3.2799545393828310E-002
0.50 3.60 1.20 0.44303749305044260 3.2889010320475219E-002
0.50 3.60 1.60 0.44352560832381122 3.2918935716541177E-002
0.50 3.60 2.00 0.43626311964101572 3.3072283219735953E-002
0.50 3.60 2.40 0.43917862034870642 3.3174197157766344E-002
0.50 3.60 2.80 0.43321930078220083 3.2929464866158935E-002
0.50 3.60 3.20 0.43197246428752872 3.3047702089782791E-002
0.50 3.60 3.60 0.43184203723025039 3.3035927410256530E-002
0.50 3.60 4.00 0.43230669610602168 3.2995287878753096E-002
0.50 3.60 4.40 0.43445193861008125 3.2905694539216268E-002
0.50 3.60 4.80 0.43124106016139807 3.3083213402260676E-002
0.50 3.60 5.20 0.42821592458364133 3.3152518445343490E-002
0.50 3.60 5.60 0.42671841552793943 3.3080088380276554E-002
0.50 3.60 6.00 0.42813724632409417 3.3172831827947877E-002
0.50 3.60 6.40 0.42698961781687439 3.2993844726985071E-002
0.50 3.60 6.80 0.42200031414750194 3.3055198460381324E-002
0.50 3.60 7.20 0.42378939356214218 3.3019101628880575E-002
0.50 3.60 7.60 0.42284301897147430 3.3378933372391742E-002
0.50 3.60 8.00 0.42315031133814723 3.3187580966067783E-002
0.50 3.60 8.40 0.42614728917929068 3.3347484458667684E-002
0.50 3.60 8.80 0.41976081725629227 3.3220360969157384E-002
0.50 3.60 9.20 0.42342728375446831 3.3384105653573165E-002
0.50 3.60 9.60 0.42274564629634936 3.3220611984059976E-002
0.50 3.60 10.00 0.41816242950712201 3.3367706825919954E-002
0.50 3.60 10.40 0.41714684442357824 3.3366945229053029E-002
0.50 3.60 10.80 0.41905505907565355 3.3419090705908309E-002
0.50 3.60 11.20 0.41812495845027919 3.3132879190602295E-002
0.50 3.60 11.60 0.41622971296480882 3.3452631681870577E-002
0.50 3.60 12.00 0.41804594464479389 3.3417027213776644E-002

0.50 3.80 0.00 0.18018601977378573 2.9102095263053754E-002
0.50 3.80 0.40 0.44619072739139448 3.2754183446364250E-002
0.50 3.80 0.80 0.44569724070183064 3.2666313398978186E-002
0.50 3.80 1.20 0.44719621652057773 3.2969354404351600E-002
0.50 3.80 1.60 0.43688043998379272 3.2913345116361445E-002
0.50 3.80 2.00 0.43122217150400638 3.2654695222187856E-002
0.50 3.80 2.40 0.43486265207342167 3.2622154403359548E-002
0.50 3.80 2.80 0.43366029636461684 3.3224195818586787E-002
0.50 3.80 3.20 0.43723344849083778 3.3017671017594431E-002
0.50 3.80 3.60 0.43371909028977473 3.3157609946582255E-002
0.50 3.80 4.00 0.43378661520898348 3.3145741682549718E-002
0.50 3.80 4.40 0.43100195225080873 3.2964563308327303E-002
0.50 3.80 4.80 0.43066263005952699 3.2955146735254924E-002
0.50 3.80 5.20 0.42819461889413846 3.2990899731436568E-002
0.50 3.80 5.60 0.43052588922664842 3.2973655946273946E-002
0.50 3.80 6.00 0.42590533685655235 3.3044950678412691E-002
0.50 3.80 6.40 0.42730954925672215 3.3131119560421689E-002
0.50 3.80 6.80 0.41862481163233933 3.3036481569314317E-002
0.50 3.80 7.20 0.42958913475177968 3.3124154964731138E-002
0.50 3.80 7.60 0.42099433694826605 3.3058694679959991E-002
0.50 3.80 8.00 0.42325069162146678 3.3064346873559289E-002
0.50 3.80 8.40 0.42185400574915244 3.3088953513171482E-002
0.50 3.80 8.80 0.42356404682580173 3.3209816452936164E-002
0.50 3.80 9.20 0.42203357775637063 3.3407463674995128E-002
0.50 3.80 9.60 0.41847951321722060 3.3264105180776271E-002
0.50 3.80 10.00 0.42039149666574049 3.3351367925108545E-002
0.50 3.80 10.40 0.41990509296368472 3.3238376596019616E-002
0.50 3.80 10.80 0.41858729241666082 3.3348476611826501E-002
0.50 3.80 11.20 0.41532822859527840 3.3422338878223462E-002
0.50 3.80 11.60 0.41861764124371048 3.3384244441767519E-002
0.50 3.80 12.00 0.41454126194996166 3.3305010368180690E-002

0.50 4.00 0.00 0.23852764496758022 3.3754294311755799E-002
0.50 4.00 0.40 0.45100340576253323 3.2946360918657054E-002
0.50 4.00 0.80 0.44163631291574756 3.2888112564594604E-002
0.50 4.00 1.20 0.44030272724240865 3.2912597867065560E-002
0.50 4.00 1.60 0.43423896983493104 3.3007552590503031E-002
0.50 4.00 2.00 0.43620635005123143 3.2960587095217993E-002
0.50 4.00 2.40 0.43493629297061231 3.3018464719635196E-002
0.50 4.00 2.80 0.42959464077450626 3.3000245430289746E-002
0.50 4.00 3.20 0.43027749681316119 3.2957830292774895E-002
0.50 4.00 3.60 0.42834687435690705 3.2916075845605304E-002
0.50 4.00 4.00 0.42946274206522039 3.3188355327439356E-002
0.50 4.00 4.40 0.42668793300429997 3.3032937353437708E-002
0.50 4.00 4.80 0.42439083788911097 3.2869570020905320E-002
0.50 4.00 5.20 0.42753982736059504 3.2902117553057525E-002
0.50 4.00 5.60 0.42591785079251909 3.3216575949300400E-002
0.50 4.00 6.00 0.42493158952037879 3.3109105026367165E-002
0.50 4.00 6.40 0.42831543141207201 3.3034024412940080E-002
0.50 4.00 6.80 0.42049592620322873 3.3193652502642078E-002
0.50 4.00 7.20 0.42036589325968415 3.2999510907031543E-002
0.50 4.00 7.60 0.42697010066307983 3.3216651497136492E-002
0.50 4.00 8.00 0.42331102799938120 3.3244038462756274E-002
0.50 4.00 8.40 0.42074898339332945 3.3094373975810366E-002
0.50 4.00 8.80 0.41715874194676827 3.3098990385518612E-002
0.50 4.00 9.20 0.42065627819352780 3.3225153301401480E-002
0.50 4.00 9.60 0.42304880699725372 3.3232361309264900E-002
0.50 4.00 10.00 0.42053375964699413 3.3482083929325730E-002
0.50 4.00 10.40 0.41743610169403167 3.3323573516123736E-002
0.50 4.00 10.80 0.41647776924778190 3.3114241371495962E-002
0.50 4.00 11.20 0.41986326687460307 3.3230245879256860E-002
0.50 4.00 11.60 0.41931632039490613 3.3193422438147879E-002
0.50 4.00 12.00 0.41302296713154807 3.3162753539286695E-002

0.50 4.20 0.00 0.19641190193998176 2.9264878897391093E-002
0.50 4.20 0.40 0.44307580472862551 3.2756320324901653E-002
0.50 4.20 0.80 0.43914103969440471 3.3084200520457983E-002
0.50 4.20 1.20 0.43574992445835592 3.3155115409091392E-002
0.50 4.20 1.60 0.42784588700282800 3.3062620731203148E-002
0.50 4.20 2.00 0.42945882956910281 3.3124395172155471E-002
0.50 4.20 2.40 0.43031807691606661 3.2915696984988280E-002
0.50 4.20 2.80 0.42640099803777243 3.3060124121477200E-002
0.50 4.20 3.20 0.42546372134158983 3.2926468267131227E-002
0.50 4.20 3.60 0.42581139904991377 3.3128719550385752E-002
0.50 4.20 4.00 0.42841524672275977 3.3140101978825838E-002
0.50 4.20 4.40 0.42210814257668139 3.3098583860131488E-002
0.50 4.20 4.80 0.42512319251473041 3.2973390399566697E-002
0.50 4.20 5.20 0.42343495353220850 3.2943232864635866E-002
0.50 4.20 5.60 0.42609273586397312 3.2987280919834348E-002
0.50 4.20 6.00 0.42384656188198200 3.3267573671545668E-002
0.50 4.20 6.40 0.42643307077465947 3.3191875461931551E-002
0.50 4.20 6.80 0.42513065895219249 3.3257496182681048E-002
0.50 4.20 7.20 0.42160141065044332 3.3033431122593264E-002
0.50 4.20 7.60 0.42143007014346756 3.3153368601559222E-002
0.50 4.20 8.00 0.42103735992595642 3.3021266536409494E-002
0.50 4.20 8.40 0.41859986797242543 3.3257509434312327E-002
0.50 4.20 8.80 0.42378066277081966 3.3334917124336373E-002
0.50 4.20 9.20 0.42479238183922796 3.3580573408715265E-002
0.50 4.20 9.60 0.41857861142802777 3.3471939587723994E-002
0.50 4.20 10.00 0.41399858970077030 3.3179562465990547E-002
0.50 4.20 10.40 0.41574026671562975 3.3399832164960973E-002
0.50 4.20 10.80 0.42055162944699848 3.3483255015082952E-002
0.50 4.20 11.20 0.41882380985020412 3.3396276052008705E-002
0.50 4.20 11.60 0.41827308282542186 3.3500098648312229E-002
0.50 4.20 12.00 0.41403104132106161 3.3264308077957452E-002

0.50 4.40 0.00 0.18369057700670752 3.2784715312181481E-002
0.50 4.40 0.40 0.43474998892041539 3.2757784474774038E-002
0.50 4.40 0.80 0.43272242896594337 3.3023525447908167E-002
0.50 4.40 1.20 0.42825923945160682 3.3075457299608681E-002
0.50 4.40 1.60 0.43311869658938429 3.2999508014037039E-002
0.50 4.40 2.00 0.43027413916718721 3.3018724568003602E-002
0.50 4.40 2.40 0.42820767808438465 3.2937039251200104E-002
0.50 4.40 2.80 0.42719653566869348 3.3114373314087703E-002
0.50 4.40 3.20 0.42526264437951700 3.2901567053815209E-002
0.50 4.40 3.60 0.42635574700253598 3.3158133916644621E-002
0.50 4.40 4.00 0.42634474593459359 3.3184891000019666E-002
0.50 4.40 4.40 0.42164017268332277 3.3028574477466141E-002
0.50 4.40 4.80 0.42548160805220886 3.3294696412142166E-002
0.50 4.40 5.20 0.42149182678404989 3.3148369780248363E-002
0.50 4.40 5.60 0.42315639992623788 3.3448533952226002E-002
0.50 4.40 6.00 0.42137288522001243 3.3177044649325152E-002
0.50 4.40 6.40 0.42157732011307764 3.3461464901863053E-002
0.50 4.40 6.80 0.42117915265977662 3.3147866406046590E-002
0.50 4.40 7.20 0.41740284455577842 3.3262804859379838E-002
0.50 4.40 7.60 0.41925999175557516 3.3322215775968195E-002
0.50 4.40 8.00 0.41892956865450470 3.3199438332642814E-002
0.50 4.40 8.40 0.41698012545218432 3.3394155607821871E-002
0.50 4.40 8.80 0.41923288082637955 3.3231149598311277E-002
0.50 4.40 9.20 0.41525365117668961 3.3187435193628073E-002
0.50 4.40 9.60 0.41881419547442744 3.3196832235103925E-002
0.50 4.40 10.00 0.41652786065308811 3.3339558171342050E-002
0.50 4.40 10.40 0.41687108882468965 3.3500855382539822E-002
0.50 4.40 10.80 0.41564760255910338 3.3278713988001189E-002
0.50 4.40 11.20 0.41238396354402196 3.3270006659531705E-002
0.50 4.40 11.60 0.41328994290301740 3.3339171277382215E-002
0.50 4.40 12.00 0.41477597465364957 3.3350179510275413E-002

0.50 4.60 0.00 0.21284779332852274 3.1390332229558088E-002
0.50 4.60 0.40 0.42797721490018181 3.3127182128643927E-002
0.50 4.60 0.80 0.43021624487742871 3.2852421833216766E-002
0.50 4.60 1.20 0.43304869342766084 3.3098996212395371E-002
0.50 4.60 1.60 0.42817885250642884 3.3143098237607263E-002
0.50 4.60 2.00 0.42895430291603509 3.3081039898430503E-002
0.50 4.60 2.40 0.42468254133703692 3.3181475345280417E-002
0.50 4.60 2.80 0.42881390097067318 3.3352825306678102E-002
0.50 4.60 3.20 0.42143408471281452 3.2935374386636969E-002
0.50 4.60 3.60 0.42353163159355639 3.3181033933253494E-002
0.50 4.60 4.00 0.42578359750047801 3.3409448613475855E-002
0.50 4.60 4.40 0.42020049561163758 3.3249757621207382E-002
0.50 4.60 4.80 0.42057814924565501 3.3059082372016858E-002
0.50 4.60 5.20 0.42644978374412801 3.3202599308879338E-002
0.50 4.60 5.60 0.42163335154602571 3.3134699439552807E-002
0.50 4.60 6.00 0.41870369891604470 3.3226347482159510E-002
0.50 4.60 6.40 0.42005935441869180 3.3164442506692281E-002
0.50 4.60 6.80 0.41963339956745244 3.3426462247035937E-002
0.50 4.60 7.20 0.41924704553780900 3.3371435295263770E-002
0.50 4.60 7.60 0.42052134133732605 3.3327350068482260E-002
0.50 4.60 8.00 0.41665936217595856 3.3445375271677340E-002
0.50 4.60 8.40 0.41981364149926093 3.3102430291558127E-002
0.50 4.60 8.80 0.41340106791507863 3.3286348780815586E-002
0.50 4.60 9.20 0.41012225821076126 3.3221647486930690E-002
0.50 4.60 9.60 0.41314672294433058 3.3250731206020082E-002
0.50 4.60 10.00 0.41321813189766410 3.3263721882837521E-002
0.50 4.60 10.40 0.41449424396704293 3.3502774237877557E-002
0.50 4.60 10.80 0.41054672772790513 3.3140542724939312E-002
0.50 4.60 11.20 0.41258684540938528 3.3620397307646294E-002
0.50 4.60 11.60 0.40816930021749753 3.3406061496779133E-002
0.50 4.60 12.00 0.41143646653649640 3.3126177853558099E-002

0.50 4.80 0.00 0.11576837226888152 2.8773888993671649E-002
0.50 4.80 0.40 0.42200747326936588 3.2997167963807437E-002
0.50 4.80 0.80 0.43483213065101489 3.3030649407576933E-002
0.50 4.80 1.20 0.42835133556375571 3.3032096582124804E-002
0.50 4.80 1.60 0.42811012263785331 3.3036960544050448E-002
0.50 4.80 2.00 0.42734270323251816 3.3059599606795560E-002
0.50 4.80 2.40 0.42474870414733445 3.3129558487946416E-002
0.50 4.80 2.80 0.42318793955338585 3.3270290868313436E-002
0.50 4.80 3.20 0.42287847012373314 3.3402228249199001E-002
0.50 4.80 3.60 0.42152826987850772 3.3385963396940520E-002
0.50 4.80 4.00 0.42027750161290889 3.3135603735794723E-002
0.50 4.80 4.40 0.42113814306331365 3.3345652587013219E-002
0.50 4.80 4.80 0.41816791534728504 3.3178680179113178E-002
0.50 4.80 5.20 0.42029591450167370 3.3197536037866314E-002
0.50 4.80 5.60 0.42107058685535365 3.3255856587617323E-002
0.50 4.80 6.00 0.41780358089887104 3.3217798186298511E-002
0.50 4.80 6.40 0.41861102139975814 3.3220811069312496E-002
0.50 4.80 6.80 0.41773857989972135 3.3188202170536002E-002
0.50 4.80 7.20 0.41772543903607157 3.3305962059609916E-002
0.50 4.80 7.60 0.41975499197036453 3.3208392905414351E-002
0.50 4.80 8.00 0.41970260009964971 3.3520325159291167E-002
0.50 4.80 8.40 0.41383376098573488 3.3389944420621043E-002
0.50 4.80 8.80 0.41632825827946601 3.3284027557590905E-002
0.50 4.80 9.20 0.41688629267439536 3.3447636292042074E-002
0.50 4.80 9.60 Binary file (standard input) matches
0.50 4.80 10.00 0.41185111834468130 3.3336854934477432E-002
0.50 4.80 10.40 0.41447403236975483 3.3338861422894620E-002
0.50 4.80 10.80 0.41050681532379524 3.3376879184237325E-002
0.50 4.80 11.20 0.41087949193644235 3.3549029983695446E-002
0.50 4.80 11.60 0.41083260703631164 3.3283818249721243E-002
0.50 4.80 12.00 0.41425496068609846 3.3273069299172800E-002

0.50 5.00 0.00 0.16224989222515521 2.7458358337432487E-002
0.50 5.00 0.40 0.42780355879507459 3.3084278315348062E-002
0.50 5.00 0.80 0.43256574215062837 3.2901061651487297E-002
0.50 5.00 1.20 0.42915700968241233 3.2991294357739329E-002
0.50 5.00 1.60 0.42860187850728970 3.3213731957559584E-002
0.50 5.00 2.00 0.42659973757085334 3.3193219578218698E-002
0.50 5.00 2.40 0.42106516460235410 3.3084552448197260E-002
0.50 5.00 2.80 0.42161391001698545 3.3207430883733985E-002
0.50 5.00 3.20 0.42134636824947080 3.3333626699149722E-002
0.50 5.00 3.60 0.41727908311114204 3.2815132110884618E-002
0.50 5.00 4.00 0.41972464473293503 3.3221095730010961E-002
0.50 5.00 4.40 0.41952399247329747 3.3275886962497454E-002
0.50 5.00 4.80 0.41905922782624405 3.3142079896913305E-002
0.50 5.00 5.20 0.41848939676827335 3.3019418117284288E-002
0.50 5.00 5.60 0.42016964564128079 3.3338696198006626E-002
0.50 5.00 6.00 0.41741362984739555 3.3138699196642689E-002
0.50 5.00 6.40 0.41959005438766661 3.3170662952137567E-002
0.50 5.00 6.80 0.41653400638715132 3.3281443572506300E-002
0.50 5.00 7.20 0.42231106160769505 3.3173294868097156E-002
0.50 5.00 7.60 0.41624940684010447 3.3344949591533682E-002
0.50 5.00 8.00 0.41380003025708045 3.2985698546594562E-002
0.50 5.00 8.40 0.41383206239399872 3.3194650112537902E-002
0.50 5.00 8.80 0.41764566464900277 3.3206051928697938E-002
0.50 5.00 9.20 0.41492495849812461 3.3368332465996110E-002
0.50 5.00 9.60 0.41209618659862146 3.3267679702505999E-002
0.50 5.00 10.00 0.41063293757082286 3.2976755771495669E-002
0.50 5.00 10.40 0.41739711228835086 3.3350203755535206E-002
0.50 5.00 10.80 0.41279230340435252 3.3417515351238221E-002
0.50 5.00 11.20 0.41269002743872540 3.3338226959246577E-002
0.50 5.00 11.60 0.41464624564528763 3.3294986963637863E-002
0.50 5.00 12.00 0.40752866151705397 3.3475343186587923E-002

0.50 5.20 0.00 0.12739036982335183 2.5379710105591199E-002
0.50 5.20 0.40 0.43080170292974473 3.2882109286369303E-002
0.50 5.20 0.80 0.42926542760709629 3.2921177261418563E-002
0.50 5.20 1.20 0.43117924015567410 3.3097559081476345E-002
0.50 5.20 1.60 0.43023330318926545 3.3019904414035267E-002
0.50 5.20 2.00 0.42795690564823713 3.3079752644168889E-002
0.50 5.20 2.40 0.42518160452161158 3.3106515818238876E-002
0.50 5.20 2.80 0.42251445643173940 3.3148110468246048E-002
0.50 5.20 3.20 0.42479652078278241 3.3188066882870980E-002
0.50 5.20 3.60 0.42186298941370265 3.3096456415741611E-002
0.50 5.20 4.00 0.41680163308858181 3.3156195701641071E-002
0.50 5.20 4.40 0.41876659512847292 3.3416638339132380E-002
0.50 5.20 4.80 0.41675308015930701 3.2972006542969119E-002
0.50 5.20 5.20 0.42244428344073892 3.3090356527411227E-002
0.50 5.20 5.60 0.42108449935350806 3.3267746437837996E-002
0.50 5.20 6.00 0.41963311953972920 3.3150874422440475E-002
0.50 5.20 6.40 0.42004251336713966 3.3342128880137156E-002
0.50 5.20 6.80 0.41834841375015153 3.3219665506871679E-002
0.50 5.20 7.20 0.42288492828183860 3.3313871358398500E-002
0.50 5.20 7.60 0.41511462581056335 3.3322678699069880E-002
0.50 5.20 8.00 0.41905452185196035 3.3536469593014394E-002
0.50 5.20 8.40 0.41541592982943198 3.3434573281021070E-002
0.50 5.20 8.80 0.41669373558919770 3.3633125798876361E-002
0.50 5.20 9.20 0.41977316811462606 3.3426600226973989E-002
0.50 5.20 9.60 0.42051865807627864 3.3526666382264127E-002
0.50 5.20 10.00 0.41353126403310120 3.3208603249505204E-002
0.50 5.20 10.40 0.41342001317301574 3.3564869705431002E-002
0.50 5.20 10.80 0.41671672139806526 3.3249299007768116E-002
0.50 5.20 11.20 0.41268488624115551 3.3381384465745401E-002
0.50 5.20 11.60 0.41510532224559932 3.3220249790611271E-002
0.50 5.20 12.00 0.41318248096995197 3.3392701088330846E-002

0.50 5.40 0.00 0.12717618423203170 2.3674455417317882E-002
0.50 5.40 0.40 0.43932709390456148 3.3020610270637393E-002
0.50 5.40 0.80 0.43529472309703821 3.3094409674010047E-002
0.50 5.40 1.20 0.42859821235182133 3.2983058690234893E-002
0.50 5.40 1.60 0.42634226898231631 3.3160601149200664E-002
0.50 5.40 2.00 0.42705548327951198 3.3019173978933350E-002
0.50 5.40 2.40 0.41858483303528093 3.2942794517141313E-002
0.50 5.40 2.80 0.42292426636294983 3.3300735225114744E-002
0.50 5.40 3.20 0.41787483857170826 3.3254399762596698E-002
0.50 5.40 3.60 0.42242150783314331 3.3273234393109252E-002
0.50 5.40 4.00 0.41643296292179410 3.3369581549072047E-002
0.50 5.40 4.40 0.42022742097907528 3.3298700700944914E-002
0.50 5.40 4.80 0.42447865123243417 3.3313277597968476E-002
0.50 5.40 5.20 0.41802368004132634 3.3022137602977814E-002
0.50 5.40 5.60 0.41902891746463017 3.3231606768775283E-002
0.50 5.40 6.00 0.41818929429049934 3.3304145957939749E-002
0.50 5.40 6.40 0.41822366123346999 3.3192937087324147E-002
0.50 5.40 6.80 0.41944605140124908 3.3173338584873632E-002
0.50 5.40 7.20 0.42157585363821326 3.3579807971916197E-002
0.50 5.40 7.60 0.41712376507294718 3.3317073453886417E-002
0.50 5.40 8.00 0.41573203778847317 3.3027133964728776E-002
0.50 5.40 8.40 0.41695822259879511 3.3289920880706404E-002
0.50 5.40 8.80 0.41228064333331782 3.3183958223492398E-002
0.50 5.40 9.20 0.41534072134500749 3.3473390074532164E-002
0.50 5.40 9.60 0.41666005280461232 3.3345503941952327E-002
0.50 5.40 10.00 0.41335136368277559 3.3211531110600913E-002
0.50 5.40 10.40 0.41372318538462177 3.3433405847315460E-002
0.50 5.40 10.80 0.41331788510535794 3.3247382798096622E-002
0.50 5.40 11.20 0.41082811671755842 3.3355189472036327E-002
0.50 5.40 11.60 0.41470573557519624 3.3398347561512061E-002
0.50 5.40 12.00 0.41462462918452359 3.3502346947150048E-002

0.50 5.60 0.00 0.17892408919514946 2.9673884573343336E-002
0.50 5.60 0.40 0.43656364688335192 3.2699437688977456E-002
0.50 5.60 0.80 0.43338068448139894 3.3070842703508380E-002
0.50 5.60 1.20 0.43015582862606605 3.3117782589149498E-002
0.50 5.60 1.60 0.42518981437656667 3.3059157620127080E-002
0.50 5.60 2.00 0.42691374948258742 3.3153765716877413E-002
0.50 5.60 2.40 0.42610431430663631 3.3154064393042221E-002
0.50 5.60 2.80 0.42308914718272311 3.3153193945202462E-002
0.50 5.60 3.20 0.42214513765358774 3.3012664275326731E-002
0.50 5.60 3.60 0.42034208824056646 3.3329533272732144E-002
0.50 5.60 4.00 0.42059371771193999 3.3340367855939329E-002
0.50 5.60 4.40 0.41980057000003657 3.3260697750995404E-002
0.50 5.60 4.80 0.41857985883680354 3.3281716887921420E-002
0.50 5.60 5.20 0.41838486303680822 3.3213541278845356E-002
0.50 5.60 5.60 0.41393863357526256 3.3072279287220736E-002
0.50 5.60 6.00 0.41730319771213803 3.3351853011236735E-002
0.50 5.60 6.40 0.41540403047537466 3.3302740497655116E-002
0.50 5.60 6.80 0.41918387789180739 3.3194951216592467E-002
0.50 5.60 7.20 0.41773906108819026 3.3184095879302301E-002
0.50 5.60 7.60 0.41781445964354835 3.3326905695806631E-002
0.50 5.60 8.00 0.41834421409468714 3.3404088709184945E-002
0.50 5.60 8.40 0.41885196228563515 3.3461969412414715E-002
0.50 5.60 8.80 0.41870301406612420 3.3279908048372213E-002
0.50 5.60 9.20 0.41150807190739735 3.3419859798153775E-002
0.50 5.60 9.60 0.41626015079346856 3.3309025978496061E-002
0.50 5.60 10.00 0.41674808385185258 3.3385388476610718E-002
0.50 5.60 10.40 0.41482758521485269 3.3418880317874905E-002
0.50 5.60 10.80 0.41559653308672057 3.3483091925909057E-002
0.50 5.60 11.20 0.41810109349969943 3.3358108616710375E-002
0.50 5.60 11.60 0.41390275178249125 3.3506854621293540E-002
0.50 5.60 12.00 0.41253133003884823 3.3397512236779454E-002

0.50 5.80 0.00 0.14700095077813363 2.7576370634213053E-002
0.50 5.80 0.40 0.43332120425487924 3.2851723488914700E-002
0.50 5.80 0.80 0.43058232350078463 3.3031282396198618E-002
0.50 5.80 1.20 0.42578348568692831 3.3252516243724349E-002
0.50 5.80 1.60 0.42482375817128970 3.3239830327773903E-002
0.50 5.80 2.00 0.42550877206038235 3.3284689043594190E-002
0.50 5.80 2.40 0.42072380174043261 3.3233713172933693E-002
0.50 5.80 2.80 0.42017645708097023 3.3342010972538520E-002
0.50 5.80 3.20 0.41456646749989823 3.3192888739263238E-002
0.50 5.80 3.60 0.42035465742610389 3.3177565229549753E-002
0.50 5.80 4.00 0.41725213850152942 3.3206991189965555E-002
0.50 5.80 4.40 0.41579453277670186 3.3296179195314440E-002
0.50 5.80 4.80 0.41435326570535602 3.3206409504403914E-002
0.50 5.80 5.20 0.41611627866042278 3.3483757408907196E-002
0.50 5.80 5.60 0.41783755461983435 3.3324236116905846E-002
0.50 5.80 6.00 0.42046739844600606 3.3460179205869564E-002
0.50 5.80 6.40 0.41727515849115343 3.3093529371546158E-002
0.50 5.80 6.80 0.41304487738223389 3.3258551994684270E-002
0.50 5.80 7.20 0.41384109829549942 3.3503132026624236E-002
0.50 5.80 7.60 0.41630132545339638 3.3488973910098183E-002
0.50 5.80 8.00 0.41271246259584016 3.3290847751399524E-002
0.50 5.80 8.40 0.41356349670023002 3.3572727093128023E-002
0.50 5.80 8.80 0.41942223713339744 3.3437311904483298E-002
0.50 5.80 9.20 0.41691873101163301 3.3455213663882780E-002
0.50 5.80 9.60 0.41232595029045294 3.3199727028936712E-002
0.50 5.80 10.00 0.41647620128016677 3.3334705467807937E-002
0.50 5.80 10.40 0.41188266570811843 3.3344109191357989E-002
0.50 5.80 10.80 0.40793776672848514 3.3178645724965566E-002
0.50 5.80 11.20 0.41127523629606433 3.3175134141461310E-002
0.50 5.80 11.60 0.41164188539947777 3.3426034348536644E-002
0.50 5.80 12.00 0.41244513998827531 3.3659362343446929E-002

0.50 6.00 0.00 0.11516336488815733 2.1712216697659145E-002
0.50 6.00 0.40 0.42648706850246637 3.3135207965623928E-002
0.50 6.00 0.80 0.42545489702493489 3.3170590214810287E-002
0.50 6.00 1.20 0.42309457671262490 3.3142179783822487E-002
0.50 6.00 1.60 0.41920756830667028 3.3189478911054102E-002
0.50 6.00 2.00 0.42371881029747682 3.3223691952633985E-002
0.50 6.00 2.40 0.42264067304880076 3.3142759645958149E-002
0.50 6.00 2.80 0.41873392788491481 3.3230129011225691E-002
0.50 6.00 3.20 0.42018698004115046 3.3196908748008534E-002
0.50 6.00 3.60 0.41984109624016097 3.3326592063136165E-002
0.50 6.00 4.00 0.41762546009522533 3.3149965565716095E-002
0.50 6.00 4.40 0.41446378041992621 3.3582412552091781E-002
0.50 6.00 4.80 0.41239530615263736 3.3260522963022225E-002
0.50 6.00 5.20 0.41379362778977802 3.3265383241295701E-002
0.50 6.00 5.60 0.41182579878869446 3.3465124916878607E-002
0.50 6.00 6.00 0.41607282146764268 3.3467912972596152E-002
0.50 6.00 6.40 0.41736999856049078 3.3279761056672040E-002
0.50 6.00 6.80 0.41125190113708909 3.3221596804402918E-002
0.50 6.00 7.20 0.41364391267059608 3.3343737473851005E-002
0.50 6.00 7.60 0.40976571670106121 3.3193258963404443E-002
0.50 6.00 8.00 0.41433546779500724 3.3427141238609855E-002
0.50 6.00 8.40 0.41422098226737580 3.3232039340770861E-002
0.50 6.00 8.80 0.41246174038854838 3.3440017014603730E-002
0.50 6.00 9.20 0.41469850255397211 3.3571373307156059E-002
0.50 6.00 9.60 0.41471864025769778 3.3487551303617830E-002
0.50 6.00 10.00 0.41461132339776496 3.3729024718350493E-002
0.50 6.00 10.40 0.40871127618012437 3.3472569235202219E-002
0.50 6.00 10.80 0.41305346300300527 3.3475213801037615E-002
0.50 6.00 11.20 0.41188862835183998 3.3566489097121628E-002
0.50 6.00 11.60 0.40582062604022051 3.3676732804156409E-002
0.50 6.00 12.00 0.40760237279512113 3.3347627617978812E-002

