0.50 0.25 0.00 -1.4953010326202966E-004 NaN 0.34635959275681549 7.3951776430682709E-002
0.50 0.25 0.10 -5.9299331556957480E-003 6.3587534609581310E-003 0.41835092839333549 6.8418226451982159E-002
0.50 0.25 0.20 -1.8797601177093157E-002 6.1182510775967119E-003 0.48833748975379898 6.5033271931985326E-002
0.50 0.25 0.30 -3.6259293423861104E-002 5.7118471702265724E-003 0.50229413539744217 6.1536539604565101E-002
0.50 0.25 0.40 -5.1655388093262228E-002 5.3385103892440462E-003 0.50501905043133299 6.1340120034179303E-002
0.50 0.25 0.50 -7.0418353949595544E-002 5.1505430576255819E-003 0.50806199357991710 6.1167303073354592E-002
0.50 0.25 1.00 -0.16402122411308512 5.2668872830676514E-003 0.49162740766909546 6.1329449927541912E-002
0.50 0.25 0.00 -1.4953010326202966E-004 NaN 0.34635959275681549 7.3951776430682709E-002
0.50 0.25 0.10 -5.7844857488238473E-003 6.3483972011822267E-003 0.41887980637471517 6.8083855336136076E-002
0.50 0.25 0.20 -1.8786456345513226E-002 6.1084352128990375E-003 0.48753641658165581 6.5279216963710529E-002
0.50 0.25 0.30 -3.5170940086796568E-002 5.7455705019908328E-003 0.50599464555521867 6.1936653772889372E-002
0.50 0.25 0.40 -5.2992459873561854E-002 5.3439826720545107E-003 0.50464094377698154 6.1348234512147416E-002
0.50 0.25 0.50
0.50 0.25 1.00 -0.15998789367681140 5.1253298305289291E-003 0.48940788882446834 6.1022418387677080E-002
0.50 0.25 1.50 -0.25744746829188025 5.7714886704067943E-003 0.46259617715233131 6.2018206122852103E-002
0.50 0.25 2.00 -0.33657097988055251 6.4018270078996728E-003 0.44792323094250241 6.3242685615006081E-002
0.50 0.25 2.50 -0.40349230627570487 6.5658859507972478E-003 0.43616708871110565 6.3122294130630488E-002
0.50 0.25 3.00 -0.46032056053607084 6.6931687096700651E-003 0.42851637925907199 6.3860876248669998E-002
