2 0.10 0.50 0.01 0.00 1.00 3.1898296263754597E-006 NaN 4.0000000000000000 0.0000000000000000 5120 5120 1000000
2 0.10 0.50 2.00 0.00 1.00 -1.1996700523358488E-005 9.8809778117302481E-003 58.945507812499997 35.554794233870538 5120 5120 1000000
2 0.10 0.50 4.00 0.00 1.00 4.7185222475195550E-005 9.8811315169473213E-003 123.39570312500000 70.880121149080523 5120 5120 1000000
2 0.10 0.50 8.00 0.00 1.00 1.4608508895395080E-005 9.8810578105010399E-003 107.77832031250000 16.302384385134719 5120 5120 1000000
2 0.10 0.50 12.00 0.00 1.00 2.3928825531656911E-005 9.8810510978511439E-003 260.24335937500001 69.380392191726102 5120 5120 1000000
2 0.10 0.50 16.00 0.00 1.00 6.5936226491842846E-005 9.8809814594639691E-003 268.76347656249999 44.615704105190360 5120 5120 1000000

4 0.10 0.50 0.01 0.00 1.00 -4.4341621598366876E-006 1.0518892837295627E-002 9.0000000000000000 0.0000000000000000 2560 2560 1000000
4 0.10 0.50 2.00 0.00 1.00 7.5231027502701282E-006 1.1911936325765163E-002 90.511718750000000 15.299952177326723 2560 2560 1000000
4 0.10 0.50 4.00 0.00 1.00 3.7261267986940921E-005 1.2572168668746041E-002 589.44687499999998 175.21320132627716 2560 2560 1000000
4 0.10 0.50 8.00 0.00 1.00 -2.8482262729996735E-004 1.3096544529750396E-002 2328.4035156250002 566.31099956083972 2559 2560 1000000
4 0.10 0.50 12.00 0.00 1.00 -1.1751935918434817E-003 1.3324819769998783E-002 4046.1281250000002 818.74729611910175 2556 2560 1000000
4 0.10 0.50 16.00 0.00 1.00 3.9135316927388825E-004 1.3470234033979921E-002 4406.6054687500000 383.86520080709892 2560 2560 1000000

6 0.10 0.50 0.01 0.00 1.00 1.8646630293742286E-006 1.3803625472340113E-002 24.000000000000000 0.0000000000000000 1280 1280 1000000
6 0.10 0.50 2.00 0.00 1.00 3.1129630893172908E-005 1.4003160307581706E-002 356.01875000000001 67.177238176863483 1280 1280 1000000
6 0.10 0.50 4.00 0.00 1.00 -6.9927498456823147E-004 1.6027462822644604E-002 2368.3906250000000 808.28568231702639 1279 1280 1000000
6 0.10 0.50 8.00 0.00 1.00 -2.3049426731576029E-003 1.7507768042978874E-002 13120.314843750000 1857.6878559999420 1276 1280 1000000
6 0.10 0.50 12.00 0.00 1.00 -4.0296289334488975E-003 1.8027319301612398E-002 34477.042187500003 3069.2418977315228 1273 1280 1000000
6 0.10 0.50 16.00 0.00 1.00 -2.3187895597154503E-002 1.8458018438241606E-002 76833.234375000000 5331.0038556924501 1248 1280 1000000

8 0.10 0.50 0.01 0.00 1.00 5.9683227072044284E-006 1.1326936571511195E-002 18.000000000000000 0.0000000000000000 640 640 1000000
8 0.10 0.50 2.00 0.00 1.00 -5.4689395074573287E-005 1.6185750741439846E-002 829.38750000000005 199.19068680957432 640 640 1000000
8 0.10 0.50 4.00 0.00 1.00 -7.8599197496218351E-005 2.0120777013891238E-002 8309.8687499999996 1947.3040327487158 640 640 1000000
8 0.10 0.50 8.00 0.00 1.00 -1.7628960581813999E-002 2.3409440425896235E-002 53457.548437500001 6596.4206243900317 629 640 1000000
8 0.10 0.50 12.00 0.00 1.00 -6.4255090741006826E-002 2.4871237247145600E-002 145341.44062499999 10965.629696156837 596 640 1000000
8 0.10 0.50 16.00 0.00 1.00 -0.17421886685973068 2.5768137603786649E-002 281837.19374999998 14970.688256249299 531 640 1000000

