200 -8.4958781789564765E-004 NaN 0.50 1.00 0.00
200 -0.14469923500662191 2.1650248875871619E-002 0.50 1.00 0.20
200 -0.11856838176395317 2.3729484456958244E-002 0.50 1.00 0.40
200 -0.14578900544869292 2.4070088641285750E-002 0.50 1.00 0.60
200 -0.15434720924943460 2.9374004625442939E-002 0.50 1.00 0.80
200 -0.17955035670184402 3.1780964017165507E-002 0.50 1.00 1.00
200 -0.18566190455320108 3.2452983682166002E-002 0.50 1.00 1.20
200 -0.20146903149167636 3.0643376992634648E-002 0.50 1.00 1.40
200 -0.17232981271345763 3.0080405607796460E-002 0.50 1.00 1.60
200 -0.21913530718084578 3.1368917517241163E-002 0.50 1.00 1.80
200 -0.22259944627355746 3.0066908423371917E-002 0.50 1.00 2.00
200 -0.27867487551843895 2.8365503885761825E-002 0.50 1.00 2.20
200 -0.29983991480048239 2.8673528427855664E-002 0.50 1.00 2.40
200 -0.37166337703947516 3.1234961948402359E-002 0.50 1.00 2.60
200 -0.34929208319713884 2.6891499120561380E-002 0.50 1.00 2.80
200 -0.33544678064531175 2.6993865443448502E-002 0.50 1.00 3.00
200 -0.34543074976302857 2.6929465923491196E-002 0.50 1.00 3.20
200 -0.46987758760169901 2.9434629282340526E-002 0.50 1.00 3.40
200 -0.43542520123946366 2.5076952308983179E-002 0.50 1.00 3.60
200 -0.46862768813781808 2.7508950378165583E-002 0.50 1.00 3.80
200 -0.48363079757176569 2.8456513461019118E-002 0.50 1.00 4.00
200 -0.46161779816301346 2.7554810273874658E-002 0.50 1.00 4.20
200 -0.52546243209476529 2.6538429578923363E-002 0.50 1.00 4.40
200 -0.45754535528428214 2.4776130695667590E-002 0.50 1.00 4.60
200 -0.50806635413373857 2.6713763954294312E-002 0.50 1.00 4.80
200 -0.51092049237811632 2.8196191982833081E-002 0.50 1.00 5.00
200 -0.58273944698986024 2.7872122695658724E-002 0.50 1.00 5.20
200 -0.56594801748792201 2.7380823168858013E-002 0.50 1.00 5.40
200 -0.58689167500611439 2.7220977520282848E-002 0.50 1.00 5.60
200 -0.59511607851425607 2.4577591411701818E-002 0.50 1.00 5.80
200 -0.59422175577043279 2.7048485982148918E-002 0.50 1.00 6.00
