2 0.10 0.00 6.00 0.00 1.00 -1.9890131590713959E-006 9.8811110627246932E-003 113.22656250000000 27.515204400568962 5120 5120 1000000

2 0.10 0.40 6.00 0.00 1.00 2.0460949121877075E-006 9.8810628237828036E-003 104.67031249999999 17.750203930919056 5120 5120 1000000

2 0.10 0.80 6.00 0.00 1.00 1.4289241544409350E-005 9.8810226066352851E-003 80.942773437499994 17.437600329511902 5120 5120 1000000

2 0.10 1.20 6.00 0.00 1.00 2.1240191793412545E-005 9.8810782528521955E-003 106.61445312500000 15.939539318499994 5120 5120 1000000

2 0.10 1.60 6.00 0.00 1.00 1.1049872587566477E-005 9.8810499329819723E-003 75.282031250000003 6.6438941078580172 5120 5120 1000000

4 0.10 0.00 6.00 0.00 1.00 8.1545318246925882E-006 9.5362172234487071E-003 25.144921875000001 0.80217459135142322 2560 2560 1000000

4 0.10 0.40 6.00 0.00 1.00 4.8981578416160574E-005 1.2790371481675430E-002 607.17187500000000 98.871642302879494 2560 2560 1000000

4 0.10 0.80 6.00 0.00 1.00 3.9751139352426523E-005 1.3152424507688859E-002 686.28671874999998 84.804092714717768 2560 2560 1000000

4 0.10 1.20 6.00 0.00 1.00 -3.6193800203735153E-004 1.3047023693573112E-002 1015.6261718750000 401.61517374151344 2559 2560 1000000

4 0.10 1.60 6.00 0.00 1.00 3.3429108271343112E-005 9.1194939857259447E-003 219.09335937500001 75.689784158816067 2560 2560 1000000

6 0.10 0.00 6.00 0.00 1.00 4.9957849540141886E-006 9.2708943414434725E-003 31.613281250000000 1.3395664286201894 1280 1280 1000000

6 0.10 0.40 6.00 0.00 1.00 -2.9156111654525130E-003 1.6768495730502715E-002 7600.1492187499998 1762.2250922695091 1276 1280 1000000

6 0.10 0.80 6.00 0.00 1.00 1.4264396045034878E-005 1.3594699507122573E-002 4094.2867187500001 394.68158340633988 1280 1280 1000000

6 0.10 1.20 6.00 0.00 1.00 -2.8363994868310064E-003 1.7158668577275098E-002 7054.9171875000002 1733.0072222477338 1276 1280 1000000

6 0.10 1.60 6.00 0.00 1.00 5.0244142481925776E-005 1.0019254428947114E-002 313.87109375000000 59.997944645228451 1280 1280 1000000

8 0.10 0.00 6.00 0.00 1.00 1.2566782664044244E-005 1.0363136578067698E-002 30.365625000000001 1.1608548966974828 640 640 1000000

8 0.10 0.40 6.00 0.00 1.00 -6.9831371442375875E-003 2.1793588198468064E-002 27346.101562500000 4528.1446216708446 635 640 1000000

8 0.10 0.80 6.00 0.00 1.00 -6.8024919351173533E-003 1.4306952706484103E-002 27097.390625000000 3903.6885027596641 639 640 1000000

8 0.10 1.20 6.00 0.00 1.00 -3.0847708083937921E-003 2.2549936008418398E-002 17706.070312500000 3157.0978231604549 637 640 1000000

8 0.10 1.60 6.00 0.00 1.00 -4.0963335813476058E-004 1.0497244928329071E-002 850.85937500000000 427.50329815106511 640 640 1000000

