200 -6.8979182015654859E-005 NaN 0.50 1.00 0.00
200 -0.10680996012445240 3.6962008615329785E-002 0.50 1.00 0.20
200 -0.20444680665993578 3.5313566443424961E-002 0.50 1.00 0.40
200 -0.22137101099219186 3.4309425018377734E-002 0.50 1.00 0.60
200 -0.19907727718407492 3.4759569975584104E-002 0.50 1.00 0.80
200 -0.16761004761964676 3.3455670249234570E-002 0.50 1.00 1.00
200 -0.25710408033292909 3.6787810403601413E-002 0.50 1.00 1.20
200 -0.22924357197345530 3.5843881124467479E-002 0.50 1.00 1.40
200 -0.29529696796046001 3.5616787889388692E-002 0.50 1.00 1.60
200 -0.30005004696865140 3.7713712259926972E-002 0.50 1.00 1.80
200 -0.33220207788800610 3.2212448645367826E-002 0.50 1.00 2.00
200 -0.34035921820412973 3.2388917958210819E-002 0.50 1.00 2.20
200 -0.38317199831313475 3.4837896602097684E-002 0.50 1.00 2.40
200 -0.39085796161944197 3.2103793878843524E-002 0.50 1.00 2.60
200 -0.41125360299562369 3.4028624674793617E-002 0.50 1.00 2.80
200 -0.43458053871646796 3.6037655034752765E-002 0.50 1.00 3.00
200 -0.49058249870186244 3.4152296225682215E-002 0.50 1.00 3.20
200 -0.50596216692265539 3.6506251062705546E-002 0.50 1.00 3.40
200 -0.49671824867403136 3.3829206164609965E-002 0.50 1.00 3.60
200 -0.48989816327140373 3.2176020474224569E-002 0.50 1.00 3.80
200 -0.49766836064452208 2.9254611756874015E-002 0.50 1.00 4.00
200 -0.59465761577259246 3.5494006104352167E-002 0.50 1.00 4.20
200 -0.59703739084407992 3.0626287922368926E-002 0.50 1.00 4.40
200 -0.57362998891695172 3.3846192647081663E-002 0.50 1.00 4.60
200 -0.57696415953047586 3.2867211437646898E-002 0.50 1.00 4.80
200 -0.59606879326096096 3.2227428135809637E-002 0.50 1.00 5.00
200 -0.63945135897339300 2.9563909556143214E-002 0.50 1.00 5.20
200 -0.62440171792036125 3.3904725245342007E-002 0.50 1.00 5.40
200 -0.59662198735035621 3.2604550289499740E-002 0.50 1.00 5.60
200 -0.58866439680259619 2.9626811506360325E-002 0.50 1.00 5.80
200 -0.60926401806503616 3.1393903215506211E-002 0.50 1.00 6.00
