200 -4.4026094934930657E-004 NaN 0.50 1.00 0.00
200 -0.10407930960527245 2.7220714035529985E-002 0.50 1.00 0.40
200 -0.14588707982142066 3.6514820285738464E-002 0.50 1.00 0.80
200 -0.18141460352942615 4.1267893604903599E-002 0.50 1.00 1.20
200 -0.17020065580536151 4.1051303012751193E-002 0.50 1.00 1.60
200 -0.27700231741644482 3.6624017724582562E-002 0.50 1.00 2.00
200 -0.29221493138054211 3.8427446932784333E-002 0.50 1.00 2.40
200 -0.28733186545687595 3.4968157646438458E-002 0.50 1.00 2.80
200 -0.43400825816853061 3.5585834731946792E-002 0.50 1.00 3.20
200 -0.41241863610188739 4.1292928699044745E-002 0.50 1.00 3.60
200 -0.48738654857550490 3.7253432608397440E-002 0.50 1.00 4.00
200 -0.51004479008672865 3.2042692042318008E-002 0.50 1.00 4.40
200 -0.58469886766171542 3.1665565779261128E-002 0.50 1.00 4.80
200 -0.54276466870943496 3.0648462717350469E-002 0.50 1.00 5.20
200 -0.60609969620485138 2.7128757287144097E-002 0.50 1.00 5.60
200 -0.60353210996045659 3.2376515157961167E-002 0.50 1.00 6.00
