0.50 0.00 0.00 0.24514713748861819 4.7549293867889551E-002
0.50 0.00 0.40 0.30319487868226436 6.0051705455652388E-002
0.50 0.00 0.80 0.34502424912185081 6.3020213715663215E-002
0.50 0.00 1.20 0.35040918204171984 6.3270607375618237E-002
0.50 0.00 1.60 0.36575070400222215 6.5216468778702852E-002
0.50 0.00 2.00 0.37283599544817692 6.7152519752661136E-002
0.50 0.00 2.40 0.35968444007345246 6.6859166267915895E-002
0.50 0.00 2.80 0.34619793412645167 6.6168318753414265E-002
0.50 0.00 3.20 0.33947360159509932 6.5424567157841562E-002
0.50 0.00 3.60 0.33305659268300503 6.5259413859280774E-002
0.50 0.00 4.00 0.33878127027295446 6.4946936998729818E-002
0.50 0.00 4.40 0.34382862251676027 6.5232150309056311E-002
0.50 0.00 4.80 0.34028873540313698 6.4993771399433936E-002
0.50 0.00 5.20 0.34286187606596275 6.4988041082170420E-002
0.50 0.00 5.60 0.35969397339230269 6.5015199941688390E-002
0.50 0.00 6.00 0.35694876430427824 6.4888485288039921E-002
0.50 0.00 6.40 0.35076018356596217 6.4198238493754597E-002
0.50 0.00 6.80 0.36265758770537426 6.4295189104349990E-002
0.50 0.00 7.20 0.35630632436272275 6.4414496598479948E-002
0.50 0.00 7.60 0.36823197492924581 6.4551865812196713E-002
0.50 0.00 8.00 0.36303530736594236 6.4123838096891428E-002
0.50 0.00 8.40 0.37520256204801683 6.5419758015138704E-002
0.50 0.00 8.80 0.36308907935885737 6.4331957556159100E-002
0.50 0.00 9.20 0.36837435917985112 6.4501342319571928E-002
0.50 0.00 9.60 0.36661298620775107 6.4089968267965730E-002
0.50 0.00 10.00 0.36471544134876233 6.4331361281767530E-002
0.50 0.00 10.40 0.36888294723006593 6.3486270339220857E-002
0.50 0.00 10.80 0.36492969555743004 6.4198159785919348E-002
0.50 0.00 11.20 0.36570090331883426 6.3752755756382173E-002
0.50 0.00 11.60 0.37378394661298320 6.3850623615734570E-002
0.50 0.00 12.00 0.37243988599477401 6.4199480519696997E-002

0.50 0.20 0.00 0.46645931313886574 7.2589294078323013E-002
0.50 0.20 0.40 0.43474423485124480 6.7575358415304862E-002
0.50 0.20 0.80 0.42503874640313094 6.8732259096222936E-002
0.50 0.20 1.20 0.43171458289200837 6.8551979152088105E-002
0.50 0.20 1.60 0.42802343271958876 6.8061908795638282E-002
0.50 0.20 2.00 0.42365690860009392 6.8252940721130403E-002
0.50 0.20 2.40 0.42046564365562189 6.9697035603598495E-002
0.50 0.20 2.80 0.41302126661937943 6.9578411706907262E-002
0.50 0.20 3.20 0.40241833840725671 6.8500900129587927E-002
0.50 0.20 3.60 0.40087327913724591 6.8423429731842983E-002
0.50 0.20 4.00 0.39665421184832023 6.7677176178888812E-002
0.50 0.20 4.40 0.40210487301493175 6.7294159902977366E-002
0.50 0.20 4.80 0.39777462796919949 6.7151385922213494E-002
0.50 0.20 5.20 0.39346362846039568 6.5905114852365138E-002
0.50 0.20 5.60 0.39777436431153490 6.5678268336860912E-002
0.50 0.20 6.00 0.39898126585607407 6.5574534815478050E-002
0.50 0.20 6.40 0.39947835626152778 6.4546138830860370E-002
0.50 0.20 6.80 0.39498368141294210 6.4123903460910042E-002
0.50 0.20 7.20 0.39198963431220235 6.4328482329106110E-002
0.50 0.20 7.60 0.39728963129241818 6.3090048970327758E-002
0.50 0.20 8.00 0.40135723652790489 6.3385587898773132E-002
0.50 0.20 8.40 0.39492246388871616 6.2866079089499496E-002
0.50 0.20 8.80 0.40058435498106160 6.4021320881300109E-002
0.50 0.20 9.20 0.39503990610997652 6.3155668450880373E-002
0.50 0.20 9.60 0.39972759392612350 6.3304277729063246E-002
0.50 0.20 10.00 0.39791984191341440 6.4066419801682359E-002
0.50 0.20 10.40 0.39518384974878662 6.3653819671752140E-002
0.50 0.20 10.80 0.39526038071282932 6.2969158958061544E-002
0.50 0.20 11.20 0.39046890482127317 6.3474827650627758E-002
0.50 0.20 11.60 0.39531693156185288 6.3745939027253076E-002
0.50 0.20 12.00 0.39612477251115541 6.3625880182618888E-002

0.50 0.40 0.00 0.41559794344723971 6.5651940477766346E-002
0.50 0.40 0.40 0.43994160200695676 6.6557176959254838E-002
0.50 0.40 0.80 0.44457975144643136 6.5666848065392927E-002
0.50 0.40 1.20 0.45565637307401197 6.5474092661887986E-002
0.50 0.40 1.60 0.47204897166352522 6.6766459961773633E-002
0.50 0.40 2.00 0.46255991958496495 6.7923711743937160E-002
0.50 0.40 2.40 0.46385123859690969 6.8180115514871895E-002
0.50 0.40 2.80 0.44808964791216299 6.8083500804583544E-002
0.50 0.40 3.20 0.44833591636414483 6.8643044354391197E-002
0.50 0.40 3.60 0.43578652670032458 6.7903701676791245E-002
0.50 0.40 4.00 0.43823847820150280 6.7131582394860029E-002
0.50 0.40 4.40 0.43646095750653713 6.7222329176366502E-002
0.50 0.40 4.80 0.43320488477194674 6.6179828914869399E-002
0.50 0.40 5.20 0.43025590300423822 6.5690896498930715E-002
0.50 0.40 5.60 0.43118769700654680 6.4679674340172064E-002
0.50 0.40 6.00 0.42542152270189515 6.4963640069071626E-002
0.50 0.40 6.40 0.42959992137934633 6.4722481845441604E-002
0.50 0.40 6.80 0.42634506130838928 6.4029423076959635E-002
0.50 0.40 7.20 0.42370548782299328 6.3976574555430071E-002
0.50 0.40 7.60 0.42074670992754798 6.3530427185555058E-002
0.50 0.40 8.00 0.42473679184817109 6.3549534509854330E-002
0.50 0.40 8.40 0.41816070665380761 6.4053944891262787E-002
0.50 0.40 8.80 Binary file (standard input) matches
0.50 0.40 9.20 0.41431504581005790 6.2803679854532279E-002
0.50 0.40 9.60 0.41057925593071110 6.3339446547945016E-002
0.50 0.40 10.00 0.42271238659250959 6.3064040919574571E-002
0.50 0.40 10.40 0.41043066120083954 6.3555246301750204E-002
0.50 0.40 10.80 0.42028262786811654 6.4539424597033726E-002
0.50 0.40 11.20 0.41441313109806488 6.3455984239239718E-002
0.50 0.40 11.60 0.41682872292292411 6.3489364030674789E-002
0.50 0.40 12.00 0.41357009423773611 6.3485841480841840E-002

0.50 0.60 0.00 0.39481369677213218 7.0015144433880183E-002
0.50 0.60 0.40 0.46328246942516005 6.9018268857852547E-002
0.50 0.60 0.80 0.46331907271983985 7.0284204763461505E-002
0.50 0.60 1.20 0.47541690181699331 7.1142880234157491E-002
0.50 0.60 1.60 0.47277579971790606 7.1695712273312590E-002
0.50 0.60 2.00 0.47205423509209998 7.1926719461028743E-002
0.50 0.60 2.40 0.46969594080378263 7.2579967176247664E-002
0.50 0.60 2.80 0.46093484839091098 7.2275677152622467E-002
0.50 0.60 3.20 0.46605376644033514 7.2671478580719748E-002
0.50 0.60 3.60 0.46503318929956156 7.1044658709257844E-002
0.50 0.60 4.00 0.46181193802313170 7.0731012467622187E-002
0.50 0.60 4.40 0.46212825530888813 6.9440810984699564E-002
0.50 0.60 4.80 0.45501685831101774 6.8335748480790673E-002
0.50 0.60 5.20 0.45615309917412483 6.7653139349536012E-002
0.50 0.60 5.60 0.44975157616260403 6.7148152368191660E-002
0.50 0.60 6.00 0.45812386721379850 6.6710368465926678E-002
0.50 0.60 6.40 0.44996294719347951 6.6587457812948989E-002
0.50 0.60 6.80 0.44821024742861926 6.5660906568402816E-002
0.50 0.60 7.20 0.44747755061711764 6.5831118890741280E-002
0.50 0.60 7.60 0.44191560996591023 6.5387013867082136E-002
0.50 0.60 8.00 0.44201101343124349 6.4767100704400796E-002
0.50 0.60 8.40 0.44439939285596247 6.4964925929198516E-002
0.50 0.60 8.80 0.43743863964327412 6.4036082805714364E-002
0.50 0.60 9.20 0.44097058233732128 6.3996572627557688E-002
0.50 0.60 9.60 0.43411930439686552 6.4426545109434338E-002
0.50 0.60 10.00 0.43367083714578125 6.4435744903426698E-002
0.50 0.60 10.40 0.43167294953933971 6.3965789124907649E-002
0.50 0.60 10.80 0.42791968466088831 6.3304964694980315E-002
0.50 0.60 11.20 0.43187623945879750 6.3876331213673532E-002
0.50 0.60 11.60 0.42724426371268143 6.3538176969043583E-002
0.50 0.60 12.00 0.42887359351962984 6.4143707410638406E-002

0.50 0.80 0.00 0.34417443682529186 6.2858274866145647E-002
0.50 0.80 0.40 0.46719563106662498 6.8025301391251444E-002
0.50 0.80 0.80 0.48414467525887117 6.8410011007538768E-002
0.50 0.80 1.20 0.47429629229008424 6.9455047004237810E-002
0.50 0.80 1.60 0.46138038304454554 6.9568821424933924E-002
0.50 0.80 2.00 0.46261342629201491 7.0486476302585810E-002
0.50 0.80 2.40 0.44987444506863528 7.0219135531794985E-002
0.50 0.80 2.80 0.45310697798537658 6.9991225906587878E-002
0.50 0.80 3.20 0.45486132405190266 7.0149086944412867E-002
0.50 0.80 3.60 0.44730183907233256 6.9604115123329230E-002
0.50 0.80 4.00 0.44530367459517783 6.9721812866865726E-002
0.50 0.80 4.40 0.45293031908479497 6.9216826116698438E-002
0.50 0.80 4.80 0.44558496420304367 6.8125545014598679E-002
0.50 0.80 5.20 0.44825554585666777 6.8006545680664610E-002
0.50 0.80 5.60 0.44710678582936136 6.7222929022827602E-002
0.50 0.80 6.00 0.44891678313403266 6.6921408778372382E-002
0.50 0.80 6.40 0.44769810404521249 6.6050042420126465E-002
0.50 0.80 6.80 0.44745271132326864 6.5774447004631600E-002
0.50 0.80 7.20 0.44080424294616732 6.5502264953077760E-002
0.50 0.80 7.60 0.43508492072434468 6.4767921819639460E-002
0.50 0.80 8.00 0.44039807370948997 6.4520424477179233E-002
0.50 0.80 8.40 0.43740679474961047 6.4831826218336608E-002
0.50 0.80 8.80 0.43816121530053886 6.4407960448438009E-002
0.50 0.80 9.20 0.43222731847197871 6.3940023224479711E-002
0.50 0.80 9.60 0.43588389341741463 6.3662441857719798E-002
0.50 0.80 10.00 0.43932356385606985 6.4138895549416250E-002
0.50 0.80 10.40 0.42839604181049085 6.3220211931614548E-002
0.50 0.80 10.80 0.43037289459695593 6.3190714704206674E-002
0.50 0.80 11.20 0.42220422927429457 6.3067161114118267E-002
0.50 0.80 11.60 0.43224961368958470 6.3866954433100573E-002
0.50 0.80 12.00 0.43126759173634693 6.3208740096010602E-002

0.50 1.00 0.00 0.37938649891941056 7.9241036360261405E-002
0.50 1.00 0.40 0.42828810425975272 6.8052887493170997E-002
0.50 1.00 0.80 0.44030872473001115 6.6080931317592129E-002
0.50 1.00 1.20 0.45133719842607140 6.7918205943327606E-002
0.50 1.00 1.60 0.44244225245273638 6.9024259029684856E-002
0.50 1.00 2.00 0.44233409305335886 6.9346078188262605E-002
0.50 1.00 2.40 0.43855283262365735 6.9450801539607213E-002
0.50 1.00 2.80 0.43627084976144503 6.8721465720300703E-002
0.50 1.00 3.20 0.42651469034488515 6.7991560237289000E-002
0.50 1.00 3.60 0.42677189197083554 6.8153654773975059E-002
0.50 1.00 4.00 0.42838416257919115 6.6860783613219121E-002
0.50 1.00 4.40 0.42845250080976099 6.6076991275772601E-002
0.50 1.00 4.80 0.42927488340280062 6.5007485704820192E-002
0.50 1.00 5.20 0.42701316490820584 6.4347447698666779E-002
0.50 1.00 5.60 0.43399990049584058 6.3741361032025115E-002
0.50 1.00 6.00 0.42795739617059941 6.3386379722266323E-002
0.50 1.00 6.40 0.43024238415388660 6.3743374602987971E-002
0.50 1.00 6.80 0.43713754404469085 6.3234075210433990E-002
0.50 1.00 7.20 0.43118842902275845 6.3599494635863549E-002
0.50 1.00 7.60 0.43256279861996749 6.2952840011502989E-002
0.50 1.00 8.00 0.42653051487542698 6.2446523375053860E-002
0.50 1.00 8.40 0.43306578848665545 6.3998811037791897E-002
0.50 1.00 8.80 0.42291413067959971 6.2176944857218128E-002
0.50 1.00 9.20 0.43709031545393440 6.2410304043731921E-002
0.50 1.00 9.60 0.42692609091250178 6.2927477418657451E-002
0.50 1.00 10.00 0.43830502635093094 6.3299180718519893E-002
0.50 1.00 10.40 0.42451854358371266 6.2976926513491571E-002
0.50 1.00 10.80 0.42870367423072891 6.2887110673432917E-002
0.50 1.00 11.20 0.43273986171212425 6.2938469182850398E-002
0.50 1.00 11.60 0.42552127370960324 6.2781632330109249E-002
0.50 1.00 12.00 0.42412397486366016 6.3048398196403677E-002

0.50 1.20 0.00 0.27386861576769450 6.5272172468483713E-002
0.50 1.20 0.40 0.38950758457399087 6.7802921873426486E-002
0.50 1.20 0.80 0.39413367829091961 6.7890828662037717E-002
0.50 1.20 1.20 0.40909327894199643 6.9328207766795616E-002
0.50 1.20 1.60 0.41849389733637460 7.0459100623882623E-002
0.50 1.20 2.00 0.41905268685456853 7.0465098330937753E-002
0.50 1.20 2.40 0.42099364512890125 7.0575482453001534E-002
0.50 1.20 2.80 0.41074537798125077 6.9681240040303627E-002
0.50 1.20 3.20 0.41724983291306089 6.9787779265073152E-002
0.50 1.20 3.60 0.41503539334033945 6.7992065675655813E-002
0.50 1.20 4.00 0.42010190661515645 6.7856134898926709E-002
0.50 1.20 4.40 0.42205246236471999 6.6738490380520571E-002
0.50 1.20 4.80 0.41872254543568149 6.6181289055848816E-002
0.50 1.20 5.20 0.41459027145712835 6.4850004644068857E-002
0.50 1.20 5.60 0.41776736421017391 6.4477468285947526E-002
0.50 1.20 6.00 0.41760952481671942 6.3836696964728878E-002
0.50 1.20 6.40 0.41424617106158923 6.3041415250960908E-002
0.50 1.20 6.80 0.42056476418535232 6.3439377802431002E-002
0.50 1.20 7.20 0.41551068433114918 6.3312270115038413E-002
0.50 1.20 7.60 0.42006427685366698 6.2405719346346505E-002
0.50 1.20 8.00 0.41735008840087329 6.2770687993168914E-002
0.50 1.20 8.40 0.41710009532392223 6.2084295961520472E-002
0.50 1.20 8.80 0.41835587649360295 6.2277160860115907E-002
0.50 1.20 9.20 0.42067507493131018 6.2655433086623719E-002
0.50 1.20 9.60 0.41843702882415101 6.2294774569540620E-002
0.50 1.20 10.00 0.41554504115238117 6.2374752429715165E-002
0.50 1.20 10.40 0.41859926540434922 6.2891999018914360E-002
0.50 1.20 10.80 0.41468159665075344 6.2502802170525631E-002
0.50 1.20 11.20 0.41737180510037275 6.2646049934807158E-002
0.50 1.20 11.60 0.41627398312480091 6.2612277022984053E-002
0.50 1.20 12.00 0.41705239551468470 6.2037589921464610E-002

0.50 1.40 0.00 0.19663905986853167 5.0971475552775682E-002
0.50 1.40 0.40 0.36124957540981362 6.6718400907556819E-002
0.50 1.40 0.80 0.39227970942826557 6.7894919825704211E-002
0.50 1.40 1.20 0.41306556831527474 6.9625819428210042E-002
0.50 1.40 1.60 0.42145755189352718 7.0510779035761709E-002
0.50 1.40 2.00 0.42146584112329410 7.0676929397509122E-002
0.50 1.40 2.40 0.41347259633609984 6.9592019744709438E-002
0.50 1.40 2.80 0.42163755698946748 6.9918268499295264E-002
0.50 1.40 3.20 0.41485663383799165 6.9672308277975062E-002
0.50 1.40 3.60 0.41529032118391090 6.8620498679199657E-002
0.50 1.40 4.00 0.41779214372431062 6.7273994805851875E-002
0.50 1.40 4.40 0.41874282968122112 6.6923280543020200E-002
0.50 1.40 4.80 0.41811811972216750 6.5234098917017536E-002
0.50 1.40 5.20 0.41981818888793343 6.5336121200841077E-002
0.50 1.40 5.60 0.42044287616533060 6.5077349698042825E-002
0.50 1.40 6.00 0.42113446694005219 6.4236210675768582E-002
0.50 1.40 6.40 0.42176127544117914 6.3769694705518895E-002
0.50 1.40 6.80 0.42173024309175178 6.3862856248434283E-002
0.50 1.40 7.20 0.42537726995722469 6.3156590819665764E-002
0.50 1.40 7.60 0.42344542109529348 6.3891947716662262E-002
0.50 1.40 8.00 0.41547244853810461 6.3215397482434862E-002
0.50 1.40 8.40 0.42001537488868490 6.2432294815555282E-002
0.50 1.40 8.80 0.41744348409452037 6.2377532378725307E-002
0.50 1.40 9.20 0.41875942794082127 6.2484224106319965E-002
0.50 1.40 9.60 0.41447582504580111 6.2535734839176502E-002
0.50 1.40 10.00 0.42321094092753669 6.2338890438820592E-002
0.50 1.40 10.40 0.41564019408558356 6.2671436528996316E-002
0.50 1.40 10.80 0.41025699046742836 6.2723632300581506E-002
0.50 1.40 11.20 0.41232242750257209 6.2581690947310573E-002
0.50 1.40 11.60 0.41577501469304573 6.2632004752763482E-002
0.50 1.40 12.00 0.41257555852996097 6.2257221204820926E-002

0.50 1.60 0.00 0.20078461632536748 5.6152618600464971E-002
0.50 1.60 0.40 0.37017468628556754 6.9281477453710633E-002
0.50 1.60 0.80 0.40081888580781444 6.8007541715341707E-002
0.50 1.60 1.20 0.40939159002130021 6.9243312035165538E-002
0.50 1.60 1.60 0.41038713463319221 6.9663027187501766E-002
0.50 1.60 2.00 0.41005199169618944 6.9191269881473033E-002
0.50 1.60 2.40 0.40543293015264037 6.9479795205224418E-002
0.50 1.60 2.80 0.40750385450045662 6.9212150947848175E-002
0.50 1.60 3.20 0.40311337706204198 6.8146669925621850E-002
0.50 1.60 3.60 0.40675108953063333 6.8173379443744381E-002
0.50 1.60 4.00 0.41423239701734837 6.7064706061151946E-002
0.50 1.60 4.40 0.41122895653181812 6.6315247573472513E-002
0.50 1.60 4.80 0.40621205884739708 6.5256336205661250E-002
0.50 1.60 5.20 0.41344868835323095 6.5156549927788576E-002
0.50 1.60 5.60 0.41122025418711283 6.4407165673671676E-002
0.50 1.60 6.00 0.41201665537946852 6.3685103238644222E-002
0.50 1.60 6.40 0.41662249687390202 6.4135574191292066E-002
0.50 1.60 6.80 0.42012113898655173 6.3721178226679692E-002
0.50 1.60 7.20 0.41383339045584122 6.3361123455362517E-002
0.50 1.60 7.60 0.41496570934450583 6.3140699248418544E-002
0.50 1.60 8.00 0.41767561280865273 6.3357258058111876E-002
0.50 1.60 8.40 0.41975591849156491 6.3425772394686039E-002
0.50 1.60 8.80 0.41256245941338837 6.2361704053507487E-002
0.50 1.60 9.20 0.41684890149468429 6.3205566308482800E-002
0.50 1.60 9.60 0.41525380612261953 6.1687121282725264E-002
0.50 1.60 10.00 0.41449262960620264 6.2289008263538163E-002
0.50 1.60 10.40 0.41299669072833362 6.2405196193891080E-002
0.50 1.60 10.80 0.41388490134569594 6.2026491442373495E-002
0.50 1.60 11.20 0.41074643122992816 6.2583401049642814E-002
0.50 1.60 11.60 0.41314325894593712 6.2161887673008120E-002
0.50 1.60 12.00 0.41311494955038064 6.2094060471495009E-002

0.50 1.80 0.00 0.20208116043211435 6.4155889887070883E-002
0.50 1.80 0.40 0.38571864981172144 6.9357574249114651E-002
0.50 1.80 0.80 0.38797710509869371 6.9012451275870773E-002
0.50 1.80 1.20 0.38653987565630088 6.7892183264122247E-002
0.50 1.80 1.60 0.38925856498265465 6.7147934995605493E-002
0.50 1.80 2.00 0.39192619249040678 6.7253955026095130E-002
0.50 1.80 2.40 0.39002827218505609 6.7241954528897196E-002
0.50 1.80 2.80 0.39269543871048401 6.7455770830614381E-002
0.50 1.80 3.20 0.39044807318427377 6.6176361790500460E-002
0.50 1.80 3.60 0.39664776672705837 6.6682935684181599E-002
0.50 1.80 4.00 0.39601031298913003 6.5394809355976788E-002
0.50 1.80 4.40 0.40025732575213047 6.5680826925186259E-002
0.50 1.80 4.80 0.40299199751273218 6.5143635130511912E-002
0.50 1.80 5.20 0.40099580662884787 6.5195167363106710E-002
0.50 1.80 5.60 0.40820748063032469 6.4203804183598209E-002
0.50 1.80 6.00 0.40509401751488011 6.4185427605631631E-002
0.50 1.80 6.40 0.41110994900235898 6.4050924394386657E-002
0.50 1.80 6.80 0.41663821299667136 6.3474311533751229E-002
0.50 1.80 7.20 0.40950195303285836 6.3228894725529283E-002
0.50 1.80 7.60 0.41041876124516474 6.3028743746799482E-002
0.50 1.80 8.00 0.41063997895598198 6.2748277095325850E-002
0.50 1.80 8.40 Binary file (standard input) matches
0.50 1.80 8.80 0.41269402431535046 6.3266824804799948E-002
0.50 1.80 9.20 0.41914687438974563 6.2826963936716662E-002
0.50 1.80 9.60 0.41031266096495178 6.2739402428504856E-002
0.50 1.80 10.00 0.41153613107610798 6.2882809164946193E-002
0.50 1.80 10.40 0.41000091201718031 6.2783636014461505E-002
0.50 1.80 10.80 0.41331029108043332 6.2691291541428190E-002
0.50 1.80 11.20 0.41163185789622891 6.2981333664869521E-002
0.50 1.80 11.60 0.41215067434788616 6.3126698765484116E-002
0.50 1.80 12.00 0.41346811770159658 6.3524081435906238E-002

0.50 2.00 0.00 0.17474818512906237 3.4337704547878163E-002
0.50 2.00 0.40 0.35838030741849908 6.1275146567642158E-002
0.50 2.00 0.80 0.37798197920036330 6.5716756411868416E-002
0.50 2.00 1.20 0.38421131618459270 6.6510754044920517E-002
0.50 2.00 1.60 0.39036550768098244 6.6508784684671154E-002
0.50 2.00 2.00 0.39390849730531852 6.6694981622981903E-002
0.50 2.00 2.40 0.39193825649734176 6.6799944548317350E-002
0.50 2.00 2.80 0.39113182400318636 6.6462242255010531E-002
0.50 2.00 3.20 0.39719078964273197 6.6532259598297505E-002
0.50 2.00 3.60 0.39218604343492441 6.4974199123405324E-002
0.50 2.00 4.00 0.38704980840072067 6.4610908982143903E-002
0.50 2.00 4.40 0.39542846113947167 6.4452575995961284E-002
0.50 2.00 4.80 0.39804820437757310 6.4480489118034084E-002
0.50 2.00 5.20 0.39970544345858838 6.3337655437087498E-002
0.50 2.00 5.60 0.40703835238123343 6.3575682881333695E-002
0.50 2.00 6.00 0.40608271780306016 6.2908719450678621E-002
0.50 2.00 6.40 0.40616080526521303 6.2923650488765401E-002
0.50 2.00 6.80 0.40980031034026432 6.3773475893635287E-002
0.50 2.00 7.20 0.40560716326622437 6.2374945535169195E-002
0.50 2.00 7.60 0.41316274717838669 6.2469894996178298E-002
0.50 2.00 8.00 0.41378414129247698 6.3000357568253451E-002
0.50 2.00 8.40 0.40936153479615411 6.2563617253252560E-002
0.50 2.00 8.80 0.40806079165296338 6.2396875701285201E-002
0.50 2.00 9.20 0.41758009464049550 6.2998125767515317E-002
0.50 2.00 9.60 0.41388330925435612 6.2630574382232906E-002
0.50 2.00 10.00 0.41139797814837908 6.2300303896807782E-002
0.50 2.00 10.40 0.41145466442502998 6.2732098877899531E-002
0.50 2.00 10.80 0.41309266786331628 6.2693724543271517E-002
0.50 2.00 11.20 0.41215528165841392 6.2230512098166733E-002
0.50 2.00 11.60 0.41760289403416329 6.3451446531278100E-002
0.50 2.00 12.00 0.41818653718022747 6.3191015324557759E-002

0.50 2.20 0.00 0.21775308100981769 4.9986566755241026E-002
0.50 2.20 0.40 0.35712950596308013 5.8083107133441218E-002
0.50 2.20 0.80 0.37262981910034293 6.1373727842380175E-002
0.50 2.20 1.20 0.38500796555232719 6.2561448368220640E-002
0.50 2.20 1.60 0.37963960785694739 6.2590302432795342E-002
0.50 2.20 2.00 0.38516134864595192 6.2978487731572400E-002
0.50 2.20 2.40 0.38643926077225926 6.3330934872018102E-002
0.50 2.20 2.80 0.38151851614392085 6.2760781869747304E-002
0.50 2.20 3.20 0.38844135220190207 6.2823498403952904E-002
0.50 2.20 3.60 0.38629207262320281 6.2870805679084721E-002
0.50 2.20 4.00 0.39524214033596677 6.3468387829202930E-002
0.50 2.20 4.40 0.39357709512717665 6.2608347187491475E-002
0.50 2.20 4.80 0.39480398730303634 6.1689096536713346E-002
0.50 2.20 5.20 0.39839134389249403 6.1477960807723678E-002
0.50 2.20 5.60 0.39453380360485002 6.2214173032559744E-002
0.50 2.20 6.00 0.40339317988454687 6.1637173242723546E-002
0.50 2.20 6.40 0.39710975055341541 6.1210669977783135E-002
0.50 2.20 6.80 0.40540961949263793 6.1887774997772906E-002
0.50 2.20 7.20 0.40734746884945777 6.2023055390070962E-002
0.50 2.20 7.60 0.40179627695448561 6.2326561332065128E-002
0.50 2.20 8.00 0.40342528006638351 6.1634394179972685E-002
0.50 2.20 8.40 0.40766864658609031 6.2546126239933428E-002
0.50 2.20 8.80 0.41076161041075265 6.2188203190488983E-002
0.50 2.20 9.20 0.40677038303504637 6.2667856589881499E-002
0.50 2.20 9.60 0.41186867910543806 6.2216273958679492E-002
0.50 2.20 10.00 0.41224150080511013 6.2622867992776651E-002
0.50 2.20 10.40 0.41161261461471704 6.2673110535903812E-002
0.50 2.20 10.80 0.41053063689201635 6.2844005016588947E-002
0.50 2.20 11.20 0.41108927084685359 6.2843758677241138E-002
0.50 2.20 11.60 0.41048569957650394 6.3275243037518192E-002
0.50 2.20 12.00 0.41380016278709009 6.3188946293504938E-002

0.50 2.40 0.00 0.27412876391415880 7.7883460461979651E-002
0.50 2.40 0.40 0.38466149310649078 6.3214101090425232E-002
0.50 2.40 0.80 0.39096200306787959 6.0629946734566446E-002
0.50 2.40 1.20 0.38923544492072626 6.0757603293046809E-002
0.50 2.40 1.60 0.39319011545583715 6.0866566216010429E-002
0.50 2.40 2.00 0.39397833203176696 6.1509729210923604E-002
0.50 2.40 2.40 0.38776448786632345 6.1252158544074689E-002
0.50 2.40 2.80 0.39179869810055290 6.1535447694165579E-002
0.50 2.40 3.20 0.39458053728186598 6.1348313046014936E-002
0.50 2.40 3.60 0.39184575330217031 6.1445740403249967E-002
0.50 2.40 4.00 0.39737822562582842 6.1526519954937464E-002
0.50 2.40 4.40 0.39359122288724485 6.1568175921804649E-002
0.50 2.40 4.80 0.40046798711440940 6.1165789643257355E-002
0.50 2.40 5.20 0.40370361453818937 6.2026491918709181E-002
0.50 2.40 5.60 0.40932041027074051 6.1957675329612161E-002
0.50 2.40 6.00 0.40753256647196318 6.2547540538804874E-002
0.50 2.40 6.40 0.40637626614292605 6.1770251468658700E-002
0.50 2.40 6.80 0.40716572494240105 6.2388011978671443E-002
0.50 2.40 7.20 0.40856023721381041 6.2096532572573221E-002
0.50 2.40 7.60 0.40195807263189820 6.2002108691734295E-002
0.50 2.40 8.00 0.40892824493701552 6.2630292102344276E-002
0.50 2.40 8.40 0.40822419495732343 6.2843119023581626E-002
0.50 2.40 8.80 0.41373537385127690 6.2742105332064355E-002
0.50 2.40 9.20 0.40183306116079648 6.2351861543674267E-002
0.50 2.40 9.60 0.40960376446257329 6.3168651795216774E-002
0.50 2.40 10.00 0.41431226606554039 6.2168350786344452E-002
0.50 2.40 10.40 0.40687473831432214 6.2709328083426039E-002
0.50 2.40 10.80 0.40923997936157736 6.3456931445292880E-002
0.50 2.40 11.20 0.41402276260489923 6.2598264176757332E-002
0.50 2.40 11.60 0.40580531097673173 6.2461048818977072E-002
0.50 2.40 12.00 0.41284750345088783 6.3290444160898116E-002

0.50 2.60 0.00 0.26503434438212575 6.8731106529478933E-002
0.50 2.60 0.40 0.34978932534216817 6.1927280502219392E-002
0.50 2.60 0.80 0.37469880774507985 5.8378676135144053E-002
0.50 2.60 1.20 0.37417782154963614 5.7500276287391357E-002
0.50 2.60 1.60 0.38020606107626020 5.7980337468166152E-002
0.50 2.60 2.00 0.38471853501380560 5.8405005121279295E-002
0.50 2.60 2.40 0.38781400064154575 5.8680267164261446E-002
0.50 2.60 2.80 0.38934191975625548 5.9535629796260245E-002
0.50 2.60 3.20 0.39623968193237785 6.0604393891585617E-002
0.50 2.60 3.60 0.40162324301939378 6.1189709387266089E-002
0.50 2.60 4.00 0.39563111636313469 6.0055831037206020E-002
0.50 2.60 4.40 0.40416766551448025 6.1224405912703936E-002
0.50 2.60 4.80 0.40355116229747362 6.0882715851455570E-002
0.50 2.60 5.20 0.39439897758018411 6.0542572797826877E-002
0.50 2.60 5.60 0.40674314265187850 6.1437473630224178E-002
0.50 2.60 6.00 0.40616737503109784 6.0883510520143597E-002
0.50 2.60 6.40 0.41404726336923109 6.1230937913204546E-002
0.50 2.60 6.80 0.40725905389421857 6.1032622016900802E-002
0.50 2.60 7.20 0.40785705128225808 6.0946534977779215E-002
0.50 2.60 7.60 0.40519355918138744 6.1193735638874737E-002
0.50 2.60 8.00 0.40686009129549533 6.1395545810751441E-002
0.50 2.60 8.40 0.40375198217385477 6.1387604418424488E-002
0.50 2.60 8.80 0.39594381471054019 6.1431016047051652E-002
0.50 2.60 9.20 0.40758572216566080 6.2282223853963953E-002
0.50 2.60 9.60 0.40147886581334707 6.1364208425103803E-002
0.50 2.60 10.00 0.40408912436134159 6.1898795073159013E-002
0.50 2.60 10.40 0.40130693195295175 6.1077850514593038E-002
0.50 2.60 10.80 0.40795889415903658 6.2579090487888372E-002
0.50 2.60 11.20 0.40007401199432396 6.1327988366519849E-002
0.50 2.60 11.60 0.40257451998996102 6.1566730558954598E-002
0.50 2.60 12.00 0.40041166533404127 6.1218229366382167E-002

0.50 2.80 0.00 0.25065392305448253 6.2232150018329158E-002
0.50 2.80 0.40 0.34051507328557407 5.8051402683901923E-002
0.50 2.80 0.80 0.36314444238647958 5.8863755261131190E-002
0.50 2.80 1.20 0.37373164409587811 5.8459535131526644E-002
0.50 2.80 1.60 0.38208202902537780 5.8891224645075964E-002
0.50 2.80 2.00 0.38900886498407572 5.8486200194407846E-002
0.50 2.80 2.40 0.39690351877661167 5.9736622022394506E-002
0.50 2.80 2.80 0.39472182906530789 5.9639380510265808E-002
0.50 2.80 3.20 0.39785257175053967 5.9990183287380296E-002
0.50 2.80 3.60 0.40061465810325841 5.9978898469205989E-002
0.50 2.80 4.00 0.40239271784810721 6.0408863236309188E-002
0.50 2.80 4.40 0.40506876088015409 6.0211487840106756E-002
0.50 2.80 4.80 0.40718252879951117 6.1114795604908560E-002
0.50 2.80 5.20 0.41154000655265593 6.1330645357139599E-002
0.50 2.80 5.60 0.41134539032462153 6.0657540671408168E-002
0.50 2.80 6.00 0.40886192501120933 5.9852038723843141E-002
0.50 2.80 6.40 0.40049870516147257 5.9584542466142899E-002
0.50 2.80 6.80 0.40809376602229436 6.0512745992603020E-002
0.50 2.80 7.20 0.40611731204818363 6.0569496835203060E-002
0.50 2.80 7.60 0.40972808265948391 6.0756135735651806E-002
0.50 2.80 8.00 0.40362381901435523 6.0894730390476368E-002
0.50 2.80 8.40 0.40736502804156272 6.1364775657422009E-002
0.50 2.80 8.80 0.40628259299098135 6.0903403727225545E-002
0.50 2.80 9.20 0.40428182873432278 6.1130476007941782E-002
0.50 2.80 9.60 0.40781968412223535 6.0879726085851918E-002
0.50 2.80 10.00 0.40596487887555177 6.0988030443824462E-002
0.50 2.80 10.40 0.39967356153540473 6.0430950186974551E-002
0.50 2.80 10.80 0.40983830103409408 6.0865386275231248E-002
0.50 2.80 11.20 0.39848714036758381 6.0922168568048073E-002
0.50 2.80 11.60 0.40171042451352984 6.0907035964725832E-002
0.50 2.80 12.00 0.40423848303458954 6.1356468469344429E-002

0.50 3.00 0.00 0.22123763997896612 4.8663442243154997E-002
0.50 3.00 0.40 0.34740280675260710 5.6816985695327886E-002
0.50 3.00 0.80 0.37040511483810434 5.8424509545121260E-002
0.50 3.00 1.20 0.37777712423944665 5.7279519260855935E-002
0.50 3.00 1.60 0.39217799592851066 5.8617098006236518E-002
0.50 3.00 2.00 0.40139552548902058 5.9529003937568936E-002
0.50 3.00 2.40 0.40018543212528346 5.9749422729963218E-002
0.50 3.00 2.80 0.40793559115093114 5.9804000517874496E-002
0.50 3.00 3.20 0.41247399945033869 5.9419450426493506E-002
0.50 3.00 3.60 0.41632459511110131 6.0498371758886060E-002
0.50 3.00 4.00 0.41825422462138445 6.0187745196477259E-002
0.50 3.00 4.40 0.41892688398561095 5.9728086847782816E-002
0.50 3.00 4.80 0.41550235635417271 6.0284437074160396E-002
0.50 3.00 5.20 0.41845974079412018 6.0345903075464676E-002
0.50 3.00 5.60 0.42214283362252736 6.0230626568054536E-002
0.50 3.00 6.00 0.41257311055112289 6.0326730701268615E-002
0.50 3.00 6.40 0.41394941851411338 6.0311411020332918E-002
0.50 3.00 6.80 0.41514878520530873 6.0605498971460399E-002
0.50 3.00 7.20 0.41339436520973516 6.0270334851030741E-002
0.50 3.00 7.60 0.41274704123214079 6.0989927489809491E-002
0.50 3.00 8.00 0.41008450079596870 6.1225382574632621E-002
0.50 3.00 8.40 0.41276062527890406 6.0900244052773320E-002
0.50 3.00 8.80 0.40963992476052785 6.1298417449285325E-002
0.50 3.00 9.20 0.41263210526400196 6.1803339203216762E-002
0.50 3.00 9.60 0.41518947918195603 6.1357653585702658E-002
0.50 3.00 10.00 0.41294799606652577 6.1983646099206854E-002
0.50 3.00 10.40 0.40864164411651949 6.1159490854670179E-002
0.50 3.00 10.80 0.41072484288108502 6.1426379480221720E-002
0.50 3.00 11.20 0.41045462130183286 6.1424178018992553E-002
0.50 3.00 11.60 0.40678695495450129 6.1417049739242988E-002
0.50 3.00 12.00 0.41537229156306654 6.2015200980032784E-002

0.50 3.20 0.00 0.20550304041221384 5.3634162047883689E-002
0.50 3.20 0.40 0.36436366249836055 6.1150031442190542E-002
0.50 3.20 0.80 0.38400676811816192 5.7317900434256559E-002
0.50 3.20 1.20 0.39126426448216162 5.7018626357033260E-002
0.50 3.20 1.60 0.40137815146622025 5.8091625340936870E-002
0.50 3.20 2.00 0.40859921655401205 5.8467571509970874E-002
0.50 3.20 2.40 0.41600487499739652 5.9429840154465348E-002
0.50 3.20 2.80 0.41742800202458075 6.0039090005729948E-002
0.50 3.20 3.20 0.42389342511710409 6.0150186418668643E-002
0.50 3.20 3.60 0.42132529609506386 5.9618686802197361E-002
0.50 3.20 4.00 0.42823036029767431 6.0606428438338154E-002
0.50 3.20 4.40 0.43032853659950077 6.0997240400226395E-002
0.50 3.20 4.80 0.43006906347451651 6.0488512251645955E-002
0.50 3.20 5.20 0.42751086470938410 6.1004725742814334E-002
0.50 3.20 5.60 0.42850519229132694 6.1160536711880556E-002
0.50 3.20 6.00 Binary file (standard input) matches
0.50 3.20 6.40 0.42308244514063864 6.1441942320602974E-002
0.50 3.20 6.80 0.43186986706842462 6.1472702854169066E-002
0.50 3.20 7.20 0.43122627421300769 6.1694555225119609E-002
0.50 3.20 7.60 0.42723560911442499 6.1994324007892211E-002
0.50 3.20 8.00 0.42653216141881761 6.1506893666088323E-002
0.50 3.20 8.40 0.42142405218571133 6.1669649498370012E-002
0.50 3.20 8.80 0.41663258951954474 6.2289526396851980E-002
0.50 3.20 9.20 0.42176706829177107 6.1948441451649988E-002
0.50 3.20 9.60 0.42398950053439338 6.2264325741015342E-002
0.50 3.20 10.00 0.41497112283070969 6.1928779539041204E-002
0.50 3.20 10.40 0.42147979325608753 6.2056071404021862E-002
0.50 3.20 10.80 0.41798513961981543 6.1872706775568338E-002
0.50 3.20 11.20 0.41599876536896208 6.2516195877224248E-002
0.50 3.20 11.60 0.41466920461731799 6.2240504995661555E-002
0.50 3.20 12.00 0.41437307030720960 6.2030596172726542E-002

0.50 3.40 0.00 0.20918169880956969 5.1871763341539680E-002
0.50 3.40 0.40 0.36143819169058455 6.0277393186947886E-002
0.50 3.40 0.80 0.38638387394784568 5.7684132829329451E-002
0.50 3.40 1.20 0.39936255303507456 5.8032130287397184E-002
0.50 3.40 1.60 0.40773947379298719 5.8987956616800653E-002
0.50 3.40 2.00 0.42276598136050597 5.9175209132882420E-002
0.50 3.40 2.40 0.43086255762118925 5.9184844696246908E-002
0.50 3.40 2.80 0.42562199036826581 5.9956020078102523E-002
0.50 3.40 3.20 0.43582071754005292 6.0197503928729482E-002
0.50 3.40 3.60 0.43504043067676257 6.1465408843080355E-002
0.50 3.40 4.00 0.43497944886838652 6.0684819381590961E-002
0.50 3.40 4.40 0.43766334655063133 6.0613271091410723E-002
0.50 3.40 4.80 0.43767291682791010 6.1653976078886050E-002
0.50 3.40 5.20 0.44127205471767883 6.2162699749462341E-002
0.50 3.40 5.60 0.44262506018944137 6.2093817698696055E-002
0.50 3.40 6.00 0.44396776177422659 6.2285928163916364E-002
0.50 3.40 6.40 0.43289306329143712 6.2530963450299890E-002
0.50 3.40 6.80 0.44087245319993212 6.2297933583382238E-002
0.50 3.40 7.20 0.42883941273903448 6.2137704300255649E-002
0.50 3.40 7.60 0.43666222801258386 6.2568971014709721E-002
0.50 3.40 8.00 0.42795580303168912 6.2057965658235709E-002
0.50 3.40 8.40 0.43162635496140300 6.2763002370250842E-002
0.50 3.40 8.80 0.42915964829537750 6.2413755275012084E-002
0.50 3.40 9.20 0.42490342558542221 6.2102707231391364E-002
0.50 3.40 9.60 0.42730892522410757 6.2514606082032964E-002
0.50 3.40 10.00 0.42698556046586977 6.2599133752611669E-002
0.50 3.40 10.40 0.42556207200671459 6.2715236973184707E-002
0.50 3.40 10.80 0.41463581728154908 6.2550686485468007E-002
0.50 3.40 11.20 0.42405408523187760 6.2979264980953270E-002
0.50 3.40 11.60 0.42350544437560861 6.2529071078439066E-002
0.50 3.40 12.00 0.42373267218497934 6.3053296658074159E-002

0.50 3.60 0.00 0.25650640157616084 6.7803616004557282E-002
0.50 3.60 0.40 0.35341973562626450 5.7502178941358867E-002
0.50 3.60 0.80 0.37845374985667884 5.5334586807050411E-002
0.50 3.60 1.20 0.38705812697226294 5.6418808190751714E-002
0.50 3.60 1.60 0.41340177581250181 5.7783906809530772E-002
0.50 3.60 2.00 0.42126886270803077 5.8484584396285871E-002
0.50 3.60 2.40 0.43153197070729227 5.9668124377538358E-002
0.50 3.60 2.80 0.43181409184747627 6.0477103998200783E-002
0.50 3.60 3.20 0.44070643617362393 6.0758503360425570E-002
0.50 3.60 3.60 0.44917582659341643 6.1540700182293365E-002
0.50 3.60 4.00 0.44352412305602085 6.1376663861222806E-002
0.50 3.60 4.40 0.45144960060314149 6.1706385735176963E-002
0.50 3.60 4.80 0.44822516095239456 6.1849916351129901E-002
0.50 3.60 5.20 0.44512829616317839 6.1905916499930672E-002
0.50 3.60 5.60 0.44109850287961561 6.2231762824374967E-002
0.50 3.60 6.00 0.44240659567142149 6.2606765088097524E-002
0.50 3.60 6.40 0.44610346763161168 6.2866191547140404E-002
0.50 3.60 6.80 0.43864276032517840 6.2945122701338799E-002
0.50 3.60 7.20 0.43302686947132640 6.2793992011306379E-002
0.50 3.60 7.60 0.42858925766928080 6.2950972877251501E-002
0.50 3.60 8.00 0.43117984568152501 6.2989889726835488E-002
0.50 3.60 8.40 0.42595559531985810 6.3239926805201782E-002
0.50 3.60 8.80 0.43007604259341636 6.3301993470539539E-002
0.50 3.60 9.20 0.42708872839810841 6.2860408063126497E-002
0.50 3.60 9.60 0.43011073508703712 6.3614653364521614E-002
0.50 3.60 10.00 0.42142432852346257 6.3299146119938504E-002
0.50 3.60 10.40 0.42486368568147242 6.3646537591924290E-002
0.50 3.60 10.80 0.42711445162495354 6.3785535552640701E-002
0.50 3.60 11.20 0.41997986320202624 6.2862063263709161E-002
0.50 3.60 11.60 0.42478541842147710 6.3056746505537109E-002
0.50 3.60 12.00 0.42207400633576303 6.2981615493994558E-002

0.50 3.80 0.00 0.19382610967415975 5.0340036058755137E-002
0.50 3.80 0.40 0.34094976765321805 5.6718076038454586E-002
0.50 3.80 0.80 0.36539178629797087 5.5340144819871644E-002
0.50 3.80 1.20 0.38442562612902220 5.5283665124635416E-002
0.50 3.80 1.60 0.40819531580257540 5.6914738717126954E-002
0.50 3.80 2.00 0.41772816038973615 5.8568282268807503E-002
0.50 3.80 2.40 0.43292787621944501 5.9896536349186527E-002
0.50 3.80 2.80 0.44279380953236619 6.0919807648469965E-002
0.50 3.80 3.20 0.44738631006248053 6.1992349055630031E-002
0.50 3.80 3.60 0.45623269137210531 6.3471965109659870E-002
0.50 3.80 4.00 0.45701739247866413 6.2974728620113760E-002
0.50 3.80 4.40 0.45519147146652877 6.3039736336559654E-002
0.50 3.80 4.80 0.45765146365080661 6.3357024934859202E-002
0.50 3.80 5.20 0.45263795821567648 6.4517162236300815E-002
0.50 3.80 5.60 0.45358122908545723 6.4292233710754432E-002
0.50 3.80 6.00 0.45388059285119481 6.3752405534286932E-002
0.50 3.80 6.40 0.44978142738094418 6.4544390348260913E-002
0.50 3.80 6.80 0.45091793587776480 6.4080840703116163E-002
0.50 3.80 7.20 0.44246307381506955 6.4124471536804922E-002
0.50 3.80 7.60 0.43765057546550301 6.4498470924949938E-002
0.50 3.80 8.00 0.44660445892806139 6.4604275708696077E-002
0.50 3.80 8.40 0.43470501334752037 6.4732470436249481E-002
0.50 3.80 8.80 0.43830898165084148 6.5501799787497345E-002
0.50 3.80 9.20 0.43417635624158174 6.4698699759941691E-002
0.50 3.80 9.60 0.43368261054780161 6.4661500768711910E-002
0.50 3.80 10.00 0.43442292022316076 6.5326105320997932E-002
0.50 3.80 10.40 0.43369636006103318 6.4689128241941160E-002
0.50 3.80 10.80 0.43298808953774615 6.4067469236582006E-002
0.50 3.80 11.20 0.43407484248514550 6.5103250891078254E-002
0.50 3.80 11.60 0.43488900506338668 6.4674808071436149E-002
0.50 3.80 12.00 0.43280517399245211 6.4795758412118071E-002

0.50 4.00 0.00 0.20875108990350374 6.0621682303425725E-002
0.50 4.00 0.40 0.33520576346063691 5.9556927860059110E-002
0.50 4.00 0.80 0.37392819977446112 5.9396694708762722E-002
0.50 4.00 1.20 0.39228194236508845 5.9532942004411400E-002
0.50 4.00 1.60 0.40888059837073670 6.0121509803153061E-002
0.50 4.00 2.00 0.42871196947602697 6.1633624866186933E-002
0.50 4.00 2.40 0.44657201131102575 6.2749005965852561E-002
0.50 4.00 2.80 0.44923426972504615 6.3135657696970021E-002
0.50 4.00 3.20 0.45349078218390881 6.3577527016420651E-002
0.50 4.00 3.60 0.45208445789661111 6.4194965313251320E-002
0.50 4.00 4.00 0.45431953844934714 6.4420845274111668E-002
0.50 4.00 4.40 0.44985612996907404 6.3789658134797034E-002
0.50 4.00 4.80 0.44818277723408428 6.3538519473905319E-002
0.50 4.00 5.20 0.45499883413523756 6.3707546256012951E-002
0.50 4.00 5.60 0.44904567590331945 6.4379899563916917E-002
0.50 4.00 6.00 0.44686918210843229 6.4701956894294171E-002
0.50 4.00 6.40 0.45197262893833667 6.4965079828985126E-002
0.50 4.00 6.80 0.44612005701047097 6.4758396328202253E-002
0.50 4.00 7.20 0.44617715985450623 6.4784782207548061E-002
0.50 4.00 7.60 0.44537838732246293 6.4252883330515362E-002
0.50 4.00 8.00 0.43994675059927413 6.4574762701789357E-002
0.50 4.00 8.40 0.43904546094687780 6.5362743912286261E-002
0.50 4.00 8.80 0.44077654193676574 6.5509650769057098E-002
0.50 4.00 9.20 0.43742654755545801 6.5211110146048065E-002
0.50 4.00 9.60 0.43780149316616590 6.5239288898213579E-002
0.50 4.00 10.00 0.43819365552848000 6.5690665765657560E-002
0.50 4.00 10.40 0.43511025025197370 6.4817907400510105E-002
0.50 4.00 10.80 0.42726769202566767 6.5215877243162509E-002
0.50 4.00 11.20 0.43517790936089351 6.5346922550609990E-002
0.50 4.00 11.60 0.43062900277865357 6.5897718855741860E-002
0.50 4.00 12.00 0.44080956955600925 6.5892570779776088E-002

0.50 4.20 0.00 0.16596456213639413 5.7712469540951876E-002
0.50 4.20 0.40 0.33383710053388993 6.4313896082951502E-002
0.50 4.20 0.80 0.38593073066239814 6.4725441408986811E-002
0.50 4.20 1.20 0.40285325464800603 6.4332820606084029E-002
0.50 4.20 1.60 0.41744865499738432 6.4268176435700194E-002
0.50 4.20 2.00 0.43464538984799878 6.4217527846953615E-002
0.50 4.20 2.40 0.44353654789649000 6.4410833478694071E-002
0.50 4.20 2.80 0.45093342380973389 6.4196069454804799E-002
0.50 4.20 3.20 0.44796907023275401 6.4204731357976136E-002
0.50 4.20 3.60 0.44897763195277490 6.4214895866323410E-002
0.50 4.20 4.00 0.45421084975425330 6.3782098918092237E-002
0.50 4.20 4.40 0.44424944029634694 6.3928435942843184E-002
0.50 4.20 4.80 0.44260245723020902 6.4183796575345481E-002
0.50 4.20 5.20 0.43626381675925102 6.4053336633452362E-002
0.50 4.20 5.60 0.44412889937488054 6.3989241939364602E-002
0.50 4.20 6.00 0.43587165254911059 6.3969188319708964E-002
0.50 4.20 6.40 0.44039543103969081 6.4364770180467004E-002
0.50 4.20 6.80 0.43833896357802854 6.4806671815887076E-002
0.50 4.20 7.20 0.42428773439688017 6.5171621334742691E-002
0.50 4.20 7.60 0.43011195118237744 6.4301224522880798E-002
0.50 4.20 8.00 0.42615760513357570 6.5000565568439125E-002
0.50 4.20 8.40 0.42628073296758739 6.4132398118436559E-002
0.50 4.20 8.80 0.42943118115989698 6.4458657174689321E-002
0.50 4.20 9.20 0.42444318277718002 6.4061083057154813E-002
0.50 4.20 9.60 0.42334206719038531 6.4352199870616439E-002
0.50 4.20 10.00 0.42518217492773963 6.3734079125534346E-002
0.50 4.20 10.40 0.42311770031653867 6.3807381412117600E-002
0.50 4.20 10.80 0.42053241762321025 6.4031158787630410E-002
0.50 4.20 11.20 0.42376657399192919 6.4833612431321366E-002
0.50 4.20 11.60 0.42292130586752652 6.4134561509125262E-002
0.50 4.20 12.00 0.41866802489442573 6.3606126441814681E-002

0.50 4.40 0.00 0.20528412573602570 6.5936288868673587E-002
0.50 4.40 0.40 0.34435652657101812 7.1913679504356329E-002
0.50 4.40 0.80 0.38232553422402410 6.9113712276703321E-002
0.50 4.40 1.20 0.40108639418928876 6.8036707510953517E-002
0.50 4.40 1.60 0.41422875264394710 6.5881826424606854E-002
0.50 4.40 2.00 0.42620867435874521 6.4527576523722902E-002
0.50 4.40 2.40 0.43896453755374998 6.3906477672450154E-002
0.50 4.40 2.80 0.42721419076475853 6.3924331831677436E-002
0.50 4.40 3.20 0.44063219313544610 6.3135060325691703E-002
0.50 4.40 3.60 0.43880160587208977 6.3333447085680089E-002
0.50 4.40 4.00 0.43202698145687257 6.2801892266971374E-002
0.50 4.40 4.40 0.43781325822116085 6.2877834896004001E-002
0.50 4.40 4.80 0.43274190560625236 6.2462688064057484E-002
0.50 4.40 5.20 0.43209962245927336 6.3612256268054571E-002
0.50 4.40 5.60 0.42947041184745638 6.3422400685180305E-002
0.50 4.40 6.00 0.42970364166314690 6.3710918430992539E-002
0.50 4.40 6.40 0.43165204346622865 6.3700775307333493E-002
0.50 4.40 6.80 0.42483090281342378 6.3255909662867968E-002
0.50 4.40 7.20 0.41885808325560514 6.3820590684420669E-002
0.50 4.40 7.60 0.42095389099752867 6.3755197918123133E-002
0.50 4.40 8.00 0.41761903390611826 6.3588908979325551E-002
0.50 4.40 8.40 0.42636925201252940 6.4463887766125882E-002
0.50 4.40 8.80 0.41651602656775505 6.4498540132934934E-002
0.50 4.40 9.20 0.41554011517439371 6.4252077991093018E-002
0.50 4.40 9.60 0.41795053515311215 6.4442214668249384E-002
0.50 4.40 10.00 0.41475557285249004 6.4370778600141232E-002
0.50 4.40 10.40 0.41927229430906510 6.4351883200277307E-002
0.50 4.40 10.80 0.41029683987730881 6.3722970887879468E-002
0.50 4.40 11.20 0.41351922268583552 6.3473155091780670E-002
0.50 4.40 11.60 0.41517806303634852 6.3878583985507609E-002
0.50 4.40 12.00 0.41389335842623687 6.4179120096181722E-002

0.50 4.60 0.00 0.24148690814105317 6.8006421343988530E-002
0.50 4.60 0.40 0.33190770886775040 6.8258905356800514E-002
0.50 4.60 0.80 0.37476650673166761 6.3879729478125438E-002
0.50 4.60 1.20 0.40107968185073817 6.2703502942510217E-002
0.50 4.60 1.60 0.40202469720356560 6.1369860338941991E-002
0.50 4.60 2.00 0.41163238108524630 6.0288761488665445E-002
0.50 4.60 2.40 0.41406204526786866 6.0333735632187503E-002
0.50 4.60 2.80 0.42154933006693940 5.9886687211139350E-002
0.50 4.60 3.20 0.42749858798105589 6.0904244492348443E-002
0.50 4.60 3.60 0.42506307086422418 6.0074224536928691E-002
0.50 4.60 4.00 0.41613628259321589 6.1298434898071665E-002
0.50 4.60 4.40 0.42236474444181366 6.0945212110284308E-002
0.50 4.60 4.80 0.42012206967634730 6.1213416717970669E-002
0.50 4.60 5.20 0.42447156862027358 6.1862104884336036E-002
0.50 4.60 5.60 0.42517243985123310 6.1970990281135049E-002
0.50 4.60 6.00 0.41869881002979764 6.2463723119090736E-002
0.50 4.60 6.40 0.41939871111022287 6.2199192759399065E-002
0.50 4.60 6.80 0.41567471019915769 6.3058759896732833E-002
0.50 4.60 7.20 0.41588527296394656 6.3135564534282013E-002
0.50 4.60 7.60 0.41908836859605569 6.2517104886731623E-002
0.50 4.60 8.00 0.41834337105679315 6.3045210536090648E-002
0.50 4.60 8.40 0.40789524502375218 6.3624035172216459E-002
0.50 4.60 8.80 0.41326546416779691 6.3770850034733650E-002
0.50 4.60 9.20 0.41489157407250354 6.3380728371087811E-002
0.50 4.60 9.60 0.41669500833908807 6.3964409545592738E-002
0.50 4.60 10.00 0.40901413407640186 6.3369268356946548E-002
0.50 4.60 10.40 0.41075182097440843 6.3632823152110260E-002
0.50 4.60 10.80 0.40765771339764667 6.2770548148857450E-002
0.50 4.60 11.20 0.40573480214264690 6.3584975228593230E-002
0.50 4.60 11.60 0.41504183824154761 6.3124136275747061E-002
0.50 4.60 12.00 0.40974262329382788 6.3390332561896939E-002

0.50 4.80 0.00 0.26860593884970496 7.0761842870044236E-002
0.50 4.80 0.40 0.31471654930036042 6.0658734621488110E-002
0.50 4.80 0.80 0.36747297508287979 5.8884294166060419E-002
0.50 4.80 1.20 0.38810717790334337 5.9808074670645694E-002
0.50 4.80 1.60 0.39109177377979065 6.0059609950209439E-002
0.50 4.80 2.00 0.39880880413483971 5.9702085792765307E-002
0.50 4.80 2.40 0.40225323124906015 5.9584611223590447E-002
0.50 4.80 2.80 0.40638465617739056 5.8932136497391256E-002
0.50 4.80 3.20 0.40761733707632447 6.0180485213960896E-002
0.50 4.80 3.60 0.41467447334596541 5.9739133742931848E-002
0.50 4.80 4.00 0.40635769584340553 5.9992087531120189E-002
0.50 4.80 4.40 0.41104936844978346 6.0732871485955825E-002
0.50 4.80 4.80 0.41020350996720040 6.0268609941509253E-002
0.50 4.80 5.20 0.42152102815460529 6.1411691706374290E-002
0.50 4.80 5.60 0.41159658330152971 6.1555491808910026E-002
0.50 4.80 6.00 0.41353041171009686 6.1681158231996394E-002
0.50 4.80 6.40 0.41196200495374391 6.2194913881717953E-002
0.50 4.80 6.80 0.41468554880756264 6.2114933826580440E-002
0.50 4.80 7.20 0.40428879880500279 6.2626140474093525E-002
0.50 4.80 7.60 0.41476321525125226 6.3066154473229732E-002
0.50 4.80 8.00 0.41484462604336914 6.3199658191206320E-002
0.50 4.80 8.40 0.41049338941941560 6.2565469916214728E-002
0.50 4.80 8.80 0.40819072478422475 6.2636045650712097E-002
0.50 4.80 9.20 0.41265137861085133 6.2520268952795444E-002
0.50 4.80 9.60 0.40580249686210801 6.2559621485086661E-002
0.50 4.80 10.00 0.40731291760907562 6.3216292423504766E-002
0.50 4.80 10.40 0.40554155244158008 6.2207803311391488E-002
0.50 4.80 10.80 0.40578449278563633 6.2234637715901299E-002
0.50 4.80 11.20 0.40460373593161209 6.2673730591689736E-002
0.50 4.80 11.60 0.40164452430451048 6.2179411634003610E-002
0.50 4.80 12.00 0.40465430588494194 6.2416856611742108E-002

0.50 5.00 0.00 0.29438273998001352 7.9484710336234443E-002
0.50 5.00 0.40 0.29437256862715538 5.5186994707201641E-002
0.50 5.00 0.80 0.35102684314345839 5.5433726111727796E-002
0.50 5.00 1.20 0.36785019877614022 5.7097897879188245E-002
0.50 5.00 1.60 0.37594598561810988 5.7925892467957159E-002
0.50 5.00 2.00 0.37384094992694472 5.7557976239355338E-002
0.50 5.00 2.40 0.37779885519233286 5.7163405608093659E-002
0.50 5.00 2.80 0.38032735458437639 5.7353038701524264E-002
0.50 5.00 3.20 0.38538868436509205 5.8272282321919590E-002
0.50 5.00 3.60 0.38799375999129110 5.8925462868346691E-002
0.50 5.00 4.00 0.39632312608268022 5.8594500387683844E-002
0.50 5.00 4.40 0.39839791044242501 5.8839394163886831E-002
0.50 5.00 4.80 0.39949580504070215 5.9489387954755203E-002
0.50 5.00 5.20 0.40075405184838581 5.9742016962442940E-002
0.50 5.00 5.60 0.39998459671451536 6.0219251544780132E-002
0.50 5.00 6.00 0.40883997822061746 6.1114605611580282E-002
0.50 5.00 6.40 0.40660494850582368 6.0870669162245865E-002
0.50 5.00 6.80 0.39919058262885149 6.1810103680986155E-002
0.50 5.00 7.20 0.40508747203822465 6.2051934224544136E-002
0.50 5.00 7.60 0.40514154169825423 6.1663454329235694E-002
0.50 5.00 8.00 0.41017541047721667 6.1998112510683392E-002
0.50 5.00 8.40 0.40499081983793001 6.1916203574528692E-002
0.50 5.00 8.80 0.40499912917400255 6.1989644808206644E-002
0.50 5.00 9.20 0.41034135882484779 6.2549701143966296E-002
0.50 5.00 9.60 0.40142186556583387 6.2785263588272369E-002
0.50 5.00 10.00 0.40559020060000950 6.1959593072975681E-002
0.50 5.00 10.40 0.41103565271274878 6.2020691984376798E-002
0.50 5.00 10.80 0.40442763210059834 6.1958325729846504E-002
0.50 5.00 11.20 0.40626803416385837 6.2055594705381072E-002
0.50 5.00 11.60 0.40750600906850548 6.2743050338417317E-002
0.50 5.00 12.00 0.40656110718224142 6.2588199566375347E-002

0.50 5.20 0.00 0.20933818972114052 6.0266618137281132E-002
0.50 5.20 0.40 0.27027977721002305 5.0460886592229845E-002
0.50 5.20 0.80 0.32389450091417105 5.2463811387116227E-002
0.50 5.20 1.20 0.33530673388333793 5.3715969208680610E-002
0.50 5.20 1.60 0.33623665861832758 5.4090477783237390E-002
0.50 5.20 2.00 0.33843770829072045 5.5021235030215297E-002
0.50 5.20 2.40 0.34730497017649364 5.6509602471137753E-002
0.50 5.20 2.80 0.35887804678243029 5.7090709403867367E-002
0.50 5.20 3.20 0.36457536127174450 5.7398308127498389E-002
0.50 5.20 3.60 Binary file (standard input) matches
0.50 5.20 4.00 0.37846636046189264 5.8949184164665651E-002
0.50 5.20 4.40 0.38489746607110054 5.9120490469646680E-002
0.50 5.20 4.80 0.39401006142322093 6.0076418656586424E-002
0.50 5.20 5.20 0.39220248832461213 5.9869468362577512E-002
0.50 5.20 5.60 0.39813376145096396 6.1075981307396020E-002
0.50 5.20 6.00 0.39249905233314158 6.0880312230070614E-002
0.50 5.20 6.40 0.39778444069135482 6.1334911151391606E-002
0.50 5.20 6.80 0.39455931655413523 6.1919545694581198E-002
0.50 5.20 7.20 0.40324216786199252 6.2479199587527290E-002
0.50 5.20 7.60 0.39758176130225181 6.2727195148293002E-002
0.50 5.20 8.00 0.40521561213281271 6.2736784290472511E-002
0.50 5.20 8.40 0.39882621801938511 6.2356710518440217E-002
0.50 5.20 8.80 0.40354849806163184 6.2850285036613968E-002
0.50 5.20 9.20 0.40206144631610796 6.3146137312424050E-002
0.50 5.20 9.60 0.40580916092985325 6.3101177007463261E-002
0.50 5.20 10.00 0.40363503448728244 6.3244122992761498E-002
0.50 5.20 10.40 0.39916385245490249 6.3298562521499360E-002
0.50 5.20 10.80 0.40743633250590189 6.3789989502342853E-002
0.50 5.20 11.20 0.40873553863891693 6.3035432275607137E-002
0.50 5.20 11.60 0.40164213517537489 6.3001657988972698E-002
0.50 5.20 12.00 0.40207972003658182 6.3389158647887245E-002

0.50 5.40 0.00 0.17437062437918013 5.1564430192522978E-002
0.50 5.40 0.40 0.26085009314515262 4.9856412344637925E-002
0.50 5.40 0.80 0.30913130250157739 5.4812572096682048E-002
0.50 5.40 1.20 0.31232545018574404 5.5504199747464726E-002
0.50 5.40 1.60 0.31386992099651390 5.5307041175942692E-002
0.50 5.40 2.00 0.31098373595443191 5.4711621781524528E-002
0.50 5.40 2.40 0.32644408079420784 5.6084897899406405E-002
0.50 5.40 2.80 0.33762330088609754 5.6164667419197421E-002
0.50 5.40 3.20 0.35222231580721675 5.7395576860416062E-002
0.50 5.40 3.60 0.36029328083024736 5.8254750999957597E-002
0.50 5.40 4.00 0.36284042979581532 5.7781203816871296E-002
0.50 5.40 4.40 0.37854897019270073 5.9200485397359857E-002
0.50 5.40 4.80 0.38912580134779434 6.0120934405824313E-002
0.50 5.40 5.20 0.38627433142004386 6.0808292943390164E-002
0.50 5.40 5.60 0.39201623749470660 6.1351310258553941E-002
0.50 5.40 6.00 0.39028985450548082 6.1073092244987325E-002
0.50 5.40 6.40 0.39849103230787036 6.1702907826182651E-002
0.50 5.40 6.80 0.39446643147674459 6.2095608455656634E-002
0.50 5.40 7.20 0.39161905881193793 6.1714641896607608E-002
0.50 5.40 7.60 0.39472356343298659 6.2742498920307394E-002
0.50 5.40 8.00 0.39085582422884585 6.2608296659893925E-002
0.50 5.40 8.40 0.39759370522552134 6.3177005658610064E-002
0.50 5.40 8.80 0.40110820183266549 6.3113982437956684E-002
0.50 5.40 9.20 0.39395815700700509 6.2329051620381881E-002
0.50 5.40 9.60 0.39931557852415434 6.3774007661706558E-002
0.50 5.40 10.00 0.39737547774505766 6.3024755921211206E-002
0.50 5.40 10.40 0.40076608351213061 6.4025860781824248E-002
0.50 5.40 10.80 0.40134713477247452 6.3840551276491464E-002
0.50 5.40 11.20 0.39776069927619273 6.2972810324777265E-002
0.50 5.40 11.60 0.40034218706064378 6.3797932524346457E-002
0.50 5.40 12.00 0.39643664277438928 6.3027814443636823E-002

0.50 5.60 0.00 0.15652837494887611 4.5981337116726778E-002
0.50 5.60 0.40 0.25259099709933391 5.2935172317919242E-002
0.50 5.60 0.80 0.28366733301616182 5.6711049286633966E-002
0.50 5.60 1.20 0.29017397216039054 5.8001004292381954E-002
0.50 5.60 1.60 0.29998264035381006 5.7384978285941739E-002
0.50 5.60 2.00 0.30986510229837194 5.7466850501503963E-002
0.50 5.60 2.40 0.33018723703963826 5.6546329988745384E-002
0.50 5.60 2.80 0.33368000207907555 5.7424941989312243E-002
0.50 5.60 3.20 0.35179811873999761 5.7449682335649156E-002
0.50 5.60 3.60 0.36714501122438331 5.7712518074525022E-002
0.50 5.60 4.00 0.36405598005698570 5.7796151881401872E-002
0.50 5.60 4.40 0.37339138259919036 5.9062742839129614E-002
0.50 5.60 4.80 0.38159194555559695 5.9357443249944623E-002
0.50 5.60 5.20 0.38276129686084220 6.0056437223609482E-002
0.50 5.60 5.60 0.38958885315291231 6.0438476477533115E-002
0.50 5.60 6.00 0.39308953960278936 6.0765467182585110E-002
0.50 5.60 6.40 0.39872420532960251 6.1813257311729528E-002
0.50 5.60 6.80 0.39725740455881431 6.1817335029928637E-002
0.50 5.60 7.20 0.39609513267738866 6.3025115609478058E-002
0.50 5.60 7.60 0.39563510217313053 6.2280689195661820E-002
0.50 5.60 8.00 0.39839399202918957 6.2916480615878276E-002
0.50 5.60 8.40 0.39755078182209808 6.2659853711338198E-002
0.50 5.60 8.80 0.39938607377403817 6.2930203752814579E-002
0.50 5.60 9.20 0.40427681227526974 6.3067926538227792E-002
0.50 5.60 9.60 0.39768241145544331 6.2648351484089898E-002
0.50 5.60 10.00 0.39447166121694494 6.2041326692679900E-002
0.50 5.60 10.40 0.39882399920669287 6.3427909937667518E-002
0.50 5.60 10.80 0.39565997662781699 6.3123344624743435E-002
0.50 5.60 11.20 0.39543106288870317 6.2923030255476409E-002
0.50 5.60 11.60 0.39538474641936261 6.3028751601374763E-002
0.50 5.60 12.00 0.40009538475553869 6.3237438662557724E-002

0.50 5.80 0.00 0.14154347887936558 4.3749815494397687E-002
0.50 5.80 0.40 0.22455659425179850 5.2514548430582793E-002
0.50 5.80 0.80 0.26844542051481907 5.3617411296973672E-002
0.50 5.80 1.20 0.30411570183612385 5.5960469303823618E-002
0.50 5.80 1.60 0.30533542244008927 5.5812059440689253E-002
0.50 5.80 2.00 0.32864780096267254 5.6567578770454471E-002
0.50 5.80 2.40 0.34626244399828948 5.7818984893124516E-002
0.50 5.80 2.80 0.35922624020635391 5.7440721139134308E-002
0.50 5.80 3.20 0.36848273592124448 5.7666679465385166E-002
0.50 5.80 3.60 0.37496558457657214 5.8215805941879764E-002
0.50 5.80 4.00 0.38464959639542018 5.8545034993622694E-002
0.50 5.80 4.40 0.38478030496743332 5.8271904502971324E-002
0.50 5.80 4.80 0.38874443367168421 5.8739776479680449E-002
0.50 5.80 5.20 0.38675683981981701 5.8706958176029049E-002
0.50 5.80 5.60 0.39718322865709266 5.9462442405866352E-002
0.50 5.80 6.00 0.39096945325300525 5.9036285015673456E-002
0.50 5.80 6.40 0.39716549558806663 6.0679521500584262E-002
0.50 5.80 6.80 0.40167208722978887 6.0301994771910380E-002
0.50 5.80 7.20 0.39669431817439460 6.0961915340265307E-002
0.50 5.80 7.60 0.39212906861013985 6.0519985408025244E-002
0.50 5.80 8.00 0.40137177601048563 6.1523714648147459E-002
0.50 5.80 8.40 0.40493521218844097 6.1723840672358546E-002
0.50 5.80 8.80 0.39641678650295681 6.2234172377992093E-002
0.50 5.80 9.20 0.40095774316765931 6.2266302183763896E-002
0.50 5.80 9.60 0.39654094427655839 6.1935836612590167E-002
0.50 5.80 10.00 0.40489929902696398 6.1936753136178732E-002
0.50 5.80 10.40 0.40344158655574291 6.2001979251670059E-002
0.50 5.80 10.80 0.39480671720222577 6.2298179367818243E-002
0.50 5.80 11.20 0.39700466514035271 6.1577024643143900E-002
0.50 5.80 11.60 0.40071028780201745 6.2111921955650663E-002
0.50 5.80 12.00 0.39942054253733367 6.2044226342196980E-002

0.50 6.00 0.00 0.14573755901285299 4.1349898454625618E-002
0.50 6.00 0.40 0.22503103908376013 5.2964569009213473E-002
0.50 6.00 0.80 0.25358139615457664 4.9857163752917696E-002
0.50 6.00 1.20 0.27941409115598137 5.0067059930420550E-002
0.50 6.00 1.60 0.30156161191738462 5.2055847577926702E-002
0.50 6.00 2.00 0.32227518380378883 5.3251962532920721E-002
0.50 6.00 2.40 0.33668659531548872 5.3716490807037560E-002
0.50 6.00 2.80 0.34705533673655042 5.3710989430559040E-002
0.50 6.00 3.20 0.36370365751885986 5.5897186025457506E-002
0.50 6.00 3.60 0.36356628213623876 5.5195586987415085E-002
0.50 6.00 4.00 0.38159704279501133 5.6238188687528730E-002
0.50 6.00 4.40 0.37810660301362076 5.6515662785594473E-002
0.50 6.00 4.80 0.38603404807181685 5.7795432326132934E-002
0.50 6.00 5.20 0.39777676767879311 5.8675471618819981E-002
0.50 6.00 5.60 0.39309826669413356 5.8261360728027345E-002
0.50 6.00 6.00 0.39671531939578891 5.9457278962638457E-002
0.50 6.00 6.40 0.39960145300181676 6.0144456115301469E-002
0.50 6.00 6.80 0.40549326182768358 6.1425133800061260E-002
0.50 6.00 7.20 0.40365175852660579 6.1015465661661834E-002
0.50 6.00 7.60 0.40037444484452439 6.1146446197032855E-002
0.50 6.00 8.00 0.40234405083471125 6.2248198815492858E-002
0.50 6.00 8.40 0.40527048035692176 6.1437556260243699E-002
0.50 6.00 8.80 0.40838982041952898 6.2504519203116407E-002
0.50 6.00 9.20 0.40128270906017144 6.2009230030655581E-002
0.50 6.00 9.60 0.40522386631126794 6.2915103123521721E-002
0.50 6.00 10.00 0.39958368044228776 6.2447457033315931E-002
0.50 6.00 10.40 0.40611435489200814 6.2290327613123593E-002
0.50 6.00 10.80 0.40120708014901563 6.2277180731726250E-002
0.50 6.00 11.20 0.40486943979663836 6.2490301939356015E-002
0.50 6.00 11.60 0.40709311008421994 6.2687852248515280E-002
0.50 6.00 12.00 0.40407013752547905 6.2485177970647947E-002

