0.50 0.25 0.50 -2.6131714600382046E-002 5.4521930708109796E-003 0.53328753880755853 8.4631175335304100E-003
0.50 0.25 1.00 -7.8068630311253356E-002 8.3288964323746488E-003 0.50554852350554391 8.6119064160428797E-003
0.50 0.25 1.50 -0.16681444587535885 1.3221682193468457E-002 0.45968498980589662 8.9166924459829038E-003
0.50 0.25 2.00 -0.27013938371944152 1.4859479560230841E-002 0.42423842167847792 9.1220788666208797E-003
0.50 0.25 2.50 -0.33752678532798552 1.6682091827386884E-002 0.40838026226693452 9.2227762841470256E-003
0.50 0.25 3.00 -0.42570538797260227 1.7648894469516722E-002 0.40116056672747064 9.2040471034265086E-003
0.50 0.25 3.50 -0.47454986766186552 1.8611470976877972E-002 0.40112053711329065 9.2057440801124150E-003
0.50 0.25 4.00 -0.52140215825410718 1.7107918373612727E-002 0.39794685882770242 9.2031528959180819E-003
0.50 0.25 4.50 -0.56229602972163184 1.6860069718961312E-002 0.39447125669717958 9.2435041507753033E-003
0.50 0.25 5.00 -0.58932634760878055 1.9183054646571714E-002 0.39698577572582150 9.2643972188945611E-003
0.50 0.25 5.50 -0.58499646927003457 1.8566132791291930E-002 0.39545953189204741 9.2546669088890143E-003
0.50 0.25 6.00 -0.60995057732881508 1.8366164018441291E-002 0.39501181626572168 9.2521767581938315E-003
