200 -4.4026094934930657E-004 NaN 0.50 1.00 0.00
200 -2.8555054570769869E-002 4.3439899482994253E-002 0.50 1.00 0.05
200 -8.0267234361770523E-002 3.8919300219256485E-002 0.50 1.00 0.10
200 -0.14940794601255064 3.4051006634358262E-002 0.50 1.00 0.15
200 -0.15567409215204914 3.7089375818972592E-002 0.50 1.00 0.20
200 -0.15262447182752614 3.3716171888167501E-002 0.50 1.00 0.25
200 -0.12601801572585444 3.4774582688102039E-002 0.50 1.00 0.30
200 -0.17154248068427014 3.4782946384476175E-002 0.50 1.00 0.35
200 -0.19274947184317287 3.6573626356965802E-002 0.50 1.00 0.40
200 -0.16672925659975532 4.2138407107644660E-002 0.50 1.00 0.45
200 -0.16865719707525126 4.6019528284967762E-002 0.50 1.00 0.50
200 -0.20086078156329082 4.3680818957353360E-002 0.50 1.00 0.55
200 -0.20124055470483815 4.2393407925660237E-002 0.50 1.00 0.60
200 -0.14324014154463122 3.8553974296041335E-002 0.50 1.00 0.65
200 -0.18764252126871883 4.2969431188793192E-002 0.50 1.00 0.70
200 -6.8089354212830785E-002 4.1014798798361965E-002 0.50 1.00 0.75
200 -7.0480379028373646E-002 3.4450511727606110E-002 0.50 1.00 0.80
200 -0.15895080145659524 4.6944258940164157E-002 0.50 1.00 0.85
200 -0.16954193356257244 5.3372206825230292E-002 0.50 1.00 0.90
200 -0.19640619633485146 4.7221347112783536E-002 0.50 1.00 0.95
200 -0.19736664405046345 4.7895956081383452E-002 0.50 1.00 1.00
200 -0.17945787568973540 5.4161839145666912E-002 0.50 1.00 1.05
200 -0.11552165860868471 4.8520990295341425E-002 0.50 1.00 1.10
200 -0.14658445964716085 3.7741826741257888E-002 0.50 1.00 1.15
200 -0.12332121271159416 4.1127654612494173E-002 0.50 1.00 1.20
200 -0.18234372867241669 4.7142682107438820E-002 0.50 1.00 1.25
200 -0.18297985392297877 4.6907749460511905E-002 0.50 1.00 1.30
200 -0.17084445993104899 4.8994121814151394E-002 0.50 1.00 1.35
200 -0.16506140059530564 5.2340980632321892E-002 0.50 1.00 1.40
200 -0.15624622881434744 4.9169627005466704E-002 0.50 1.00 1.45
200 -0.21536403254124264 5.3052144783057455E-002 0.50 1.00 1.50
200 -0.25145557835694854 5.4099515232657124E-002 0.50 1.00 1.55
200 -0.18246586619396349 3.5116859173623893E-002 0.50 1.00 1.60
200 -0.23709252977144593 6.1843936417284029E-002 0.50 1.00 1.65
200 -0.28879235902427219 5.7941277324557949E-002 0.50 1.00 1.70
200 -0.28705397777866198 4.9173288787406816E-002 0.50 1.00 1.75
200 -0.32859732115755586 5.6776043525321652E-002 0.50 1.00 1.80
200 -0.22714756988842702 4.1687801990176444E-002 0.50 1.00 1.85
200 -0.25287224460544794 5.7090093183809816E-002 0.50 1.00 1.90
200 -0.26781029086920660 5.0509205957244743E-002 0.50 1.00 1.95
200 -0.21325736770188469 4.9182978919911746E-002 0.50 1.00 2.00
