0.50 0.25 0.00 -1.4953010326202966E-004 NaN 0.34635959275681882 7.3951776430681834E-002
0.50 0.25 0.10 -5.8857208817307974E-003 8.9848056888064912E-003 0.41811348776189278 6.8044698702693071E-002
0.50 0.25 0.20 -1.9346998148366205E-002 8.6536232881605744E-003 0.48617904083633140 6.5602817120190463E-002
0.50 0.25 0.30 -3.6140340906229140E-002 8.1082695932437766E-003 0.50245390844333793 6.2360651541228176E-002
0.50 0.25 0.40 -5.6398288193211653E-002 7.5739097799632522E-003 0.50875048333520012 6.1227593043660086E-002
0.50 0.25 0.50 -7.2239132776113116E-002 7.3030762410161692E-003 0.50459142363040199 6.1492386972205791E-002
0.50 0.25 1.00 -0.17241483508155342 7.3171947256822946E-003 0.48922385755621989 6.0943811831167115E-002
0.50 0.25 1.50 -0.26057898786416800 8.0641401753012917E-003 0.46094835752560198 6.2573777637370237E-002
0.50 0.25 2.00 -0.35222692211793111 9.0744218605646031E-003 0.43889734302433958 6.2402556981544531E-002
0.50 0.25 2.50 -0.41619434442603609 9.2910724995471598E-003 0.43054572173747518 6.3272615670900825E-002
0.50 0.25 3.00 -0.47305405603060013 9.4257538802967021E-003 0.43069418085982791 6.4163431960935269E-002
0.50 0.25 3.50 -0.50454943070777203 9.6627193423533490E-003 0.42398057086925511 6.3554033382674138E-002
0.50 0.25 4.00 -0.55097086971481346 9.8339444287733127E-003 0.42024917485197938 6.4406591062453555E-002
0.50 0.25 4.50 -0.59285269469810120 9.3718349347732457E-003 0.41237724014951099 6.4816018429328770E-002
0.50 0.25 5.00 -0.62161334149157421 9.3532789645439391E-003 0.40996662197002359 6.4866547757870610E-002
0.50 0.25 5.50 -0.64682598214706799 9.3923728431028700E-003 0.40873040578351605 6.4333418183184388E-002
0.50 0.25 6.00 -0.67660340587416201 9.2360203435565402E-003 0.41219981986761800 6.4689384400085190E-002
0.50 0.25 6.50 -0.68898380685933902 9.2432889729276366E-003 0.40081375588568208 6.4248859707985384E-002
0.50 0.25 7.00 -0.71503648444153545 8.6687441791865258E-003 0.40534460551071694 6.4342949162821933E-002
0.50 0.25 7.50 -0.72699486794462531 8.8010640225758656E-003 0.40950888608385033 6.4365536785866068E-002
0.50 0.25 8.00 -0.72828618513273780 8.7875627460777574E-003 0.40730577318727218 6.3469045488821596E-002
0.50 0.25 8.50 -0.75080259000601635 8.5018964073649509E-003 0.41093773661366900 6.4733898938542117E-002
0.50 0.25 9.00 -0.76612743529524530 8.3604838483470646E-003 0.40796225331609604 6.3623061141107523E-002
0.50 0.25 9.50 -0.77772834673401492 8.1547255001925053E-003 0.40095882462398008 6.3747343832609896E-002
0.50 0.25 10.00 -0.78168889178855994 8.1051470521179489E-003 0.40428012546265013 6.3455720746857874E-002
0.50 0.25 11.00 -0.79697038606124382 7.7433835266725957E-003 0.40290854032245738 6.3323825781631829E-002
0.50 0.25 12.00 -0.82051791186824297 7.6555417324539708E-003 0.40206199276920340 6.3135963048278412E-002
0.50 0.25 13.00 -0.82122307726521482 7.8046546316410869E-003 0.39877814307673498 6.2898297785783208E-002
0.50 0.25 14.00 -0.83351352239648702 7.3151983274118365E-003 0.39929129182288681 6.3150243607683787E-002
0.50 0.25 15.00 -0.85264752280802325 7.0619261017260630E-003 0.39620046161546801 6.2990900747025971E-002
0.50 0.25 16.00 -0.86154649167814490 6.9232112824129327E-003 0.39291651632798053 6.2599654080033110E-002
0.50 0.25 17.00 -0.85723276722247954 6.9343355893985601E-003 0.39547584441508710 6.1725770859387498E-002
0.50 0.25 18.00 -0.87235574687041328 6.4044395198822150E-003 0.39505818457887870 6.2179772330709968E-002
0.50 0.25 19.00 -0.86297013672104739 6.9639645029738167E-003 0.39023380020296722 6.2432649977373002E-002
0.50 0.25 20.00 -0.89106677275325974 5.9008677722236945E-003 0.39503294079108131 6.2155650909869374E-002
