200 -1.7910541761298908E-005 NaN 0.50 1.00 0.00
200 -0.16290853667663693 3.5465780202141944E-002 0.50 1.00 0.40
200 -0.17126056259310707 3.7586694504188702E-002 0.50 1.00 0.80
200 -0.21465675411070384 3.9551910013444810E-002 0.50 1.00 1.20
200 -0.21392020371144321 4.2818456054034754E-002 0.50 1.00 1.60
200 -0.23457363032910206 3.7233731628120000E-002 0.50 1.00 2.00
200 -0.30413885663108209 3.3586085698234174E-002 0.50 1.00 2.40
200 -0.34678375791987248 3.9242260202734046E-002 0.50 1.00 2.80
200 -0.37701891530487952 3.5758630000643395E-002 0.50 1.00 3.20
200 -0.46780102202187340 3.7812470957291185E-002 0.50 1.00 3.60
200 -0.51335502786618470 3.3684734692573978E-002 0.50 1.00 4.00
200 -0.54353144166975964 3.9291191454404198E-002 0.50 1.00 4.40
200 -0.55989656581288527 3.5708356902630627E-002 0.50 1.00 4.80
200 -0.55033449180934024 3.3212966498095783E-002 0.50 1.00 5.20
200 -0.62495010311096588 3.6174915706421319E-002 0.50 1.00 5.60
200 -0.66438028701796226 3.5378063772467556E-002 0.50 1.00 6.00
