0.50 0.25 0.00 -7.4593391110867050E-005 NaN 0.34635959275681549 7.3951776430682709E-002
0.50 0.25 0.10 -5.6992508437965009E-003 6.3490375013213283E-003 0.41665980663859797 6.8253208064739931E-002
0.50 0.25 0.20 -1.8569850542951738E-002 6.0900563829409584E-003 0.49051518907979419 6.4983861878748592E-002
0.50 0.25 0.30 -3.6840414291186376E-002 5.7483206346205301E-003 0.50246454348755076 6.1494923234749643E-002
0.50 0.25 0.40 -5.3351114722146709E-002 5.3988554460334135E-003 0.50794939310614340 6.1329665611282662E-002
0.50 0.25 0.50 -6.9008443256948229E-002 5.1461425454381029E-003 0.50445308160605162 6.1002573631458001E-002
0.50 0.25 1.00 -0.16409908946826515 5.1595598163905777E-003 0.49295278795367031 6.0922473937243364E-002
0.50 0.25 1.50 -0.25749069892137633 5.7928900615578502E-003 0.46978888839786065 6.2269630439778782E-002
0.50 0.25 2.00 -0.34373897599210113 6.3198948868977397E-003 0.44792822212319472 6.3151388729889860E-002
0.50 0.25 2.50 -0.42363833204293561 6.7005260451259516E-003 0.43327352465130897 6.3326189715754558E-002
0.50 0.25 3.00 -0.45871971845156811 6.7803372864406342E-003 0.42960270576858922 6.4125350789167576E-002
0.50 0.25 3.50 -0.52120353463785007 6.8580839330760861E-003 0.41821526340594312 6.4345314819109767E-002
0.50 0.25 4.00 -0.55803987049629877 6.7835750652519601E-003 0.41444349058361035 6.4017997929308929E-002
0.50 0.25 4.50 -0.58714742668699016 6.8992198129567937E-003 0.41413997675259984 6.4051613074708386E-002
0.50 0.25 5.00 -0.62394642034695968 6.6318205913960728E-003 0.41369067909340007 6.4215435858485395E-002
0.50 0.25 5.50 -0.64905313787961083 6.5765628111183437E-003 0.41032215059156468 6.4018538856388890E-002
0.50 0.25 6.00 -0.67240500503841594 6.4559907734275989E-003 0.40963297669228071 6.4447020006706532E-002
0.50 0.25 6.50 -0.68530873673186588 6.4534919352767653E-003 0.40912408829549751 6.4102724157668947E-002
0.50 0.25 7.00 -0.70825908291615325 6.3433578230040017E-003 0.40734526949468164 6.3942689945264058E-002
0.50 0.25 7.50 -0.72264378132609997 6.2169701505528623E-003 0.40453840925369383 6.4006234412950613E-002
0.50 0.25 8.00 -0.74206000268002115 6.0407598836348031E-003 0.40607632228893104 6.4051670964858934E-002
0.50 0.25 8.50 -0.74704862881901457 6.0790621975388955E-003 0.40755825574439991 6.3832810290137501E-002
0.50 0.25 9.00 -0.76337061817520635 6.0014242046005396E-003 0.40392455224375723 6.3849549031525898E-002
0.50 0.25 9.50 -0.77405411066785645 5.8914255767826829E-003 0.40772232014180931 6.3703650030002154E-002
0.50 0.25 10.00 -0.77934956031158831 5.8542198113511971E-003 0.40574987065185797 6.3922043960586053E-002
