0.50 0.00 0.00
0.50 0.00 0.40
0.50 0.00 0.80
0.50 0.00 1.20
0.50 0.00 1.60
0.50 0.00 2.00
0.50 0.00 2.40
0.50 0.00 2.80
0.50 0.00 3.20
0.50 0.00 3.60
0.50 0.00 4.00
0.50 0.00 4.40
0.50 0.00 4.80
0.50 0.00 5.20
0.50 0.00 5.60
0.50 0.00 6.00
0.50 0.00 6.40
0.50 0.00 6.80
0.50 0.00 7.20
0.50 0.00 7.60
0.50 0.00 8.00
0.50 0.00 8.40
0.50 0.00 8.80
0.50 0.00 9.20
0.50 0.00 9.60
0.50 0.00 10.00
0.50 0.00 10.40
0.50 0.00 10.80
0.50 0.00 11.20
0.50 0.00 11.60
0.50 0.00 12.00

0.50 0.20 0.00
0.50 0.20 0.40
0.50 0.20 0.80
0.50 0.20 1.20
0.50 0.20 1.60
0.50 0.20 2.00
0.50 0.20 2.40
0.50 0.20 2.80
0.50 0.20 3.20
0.50 0.20 3.60
0.50 0.20 4.00
0.50 0.20 4.40
0.50 0.20 4.80
0.50 0.20 5.20
0.50 0.20 5.60
0.50 0.20 6.00
0.50 0.20 6.40
0.50 0.20 6.80
0.50 0.20 7.20
0.50 0.20 7.60
0.50 0.20 8.00
0.50 0.20 8.40
0.50 0.20 8.80
0.50 0.20 9.20
0.50 0.20 9.60
0.50 0.20 10.00
0.50 0.20 10.40
0.50 0.20 10.80
0.50 0.20 11.20
0.50 0.20 11.60
0.50 0.20 12.00

0.50 0.40 0.00
0.50 0.40 0.40
0.50 0.40 0.80
0.50 0.40 1.20
0.50 0.40 1.60
0.50 0.40 2.00
0.50 0.40 2.40
0.50 0.40 2.80
0.50 0.40 3.20
0.50 0.40 3.60
0.50 0.40 4.00
0.50 0.40 4.40
0.50 0.40 4.80
0.50 0.40 5.20
0.50 0.40 5.60
0.50 0.40 6.00
0.50 0.40 6.40
0.50 0.40 6.80
0.50 0.40 7.20
0.50 0.40 7.60
0.50 0.40 8.00
0.50 0.40 8.40
0.50 0.40 8.80
0.50 0.40 9.20
0.50 0.40 9.60
0.50 0.40 10.00
0.50 0.40 10.40
0.50 0.40 10.80
0.50 0.40 11.20
0.50 0.40 11.60
0.50 0.40 12.00

0.50 0.60 0.00
0.50 0.60 0.40
0.50 0.60 0.80
0.50 0.60 1.20
0.50 0.60 1.60
0.50 0.60 2.00
0.50 0.60 2.40
0.50 0.60 2.80
0.50 0.60 3.20
0.50 0.60 3.60
0.50 0.60 4.00
0.50 0.60 4.40
0.50 0.60 4.80
0.50 0.60 5.20
0.50 0.60 5.60
0.50 0.60 6.00
0.50 0.60 6.40
0.50 0.60 6.80
0.50 0.60 7.20
0.50 0.60 7.60
0.50 0.60 8.00
0.50 0.60 8.40
0.50 0.60 8.80
0.50 0.60 9.20
0.50 0.60 9.60
0.50 0.60 10.00
0.50 0.60 10.40
0.50 0.60 10.80
0.50 0.60 11.20
0.50 0.60 11.60
0.50 0.60 12.00

0.50 0.80 0.00
0.50 0.80 0.40
0.50 0.80 0.80
0.50 0.80 1.20
0.50 0.80 1.60
0.50 0.80 2.00
0.50 0.80 2.40
0.50 0.80 2.80
0.50 0.80 3.20
0.50 0.80 3.60
0.50 0.80 4.00
0.50 0.80 4.40
0.50 0.80 4.80
0.50 0.80 5.20
0.50 0.80 5.60
0.50 0.80 6.00
0.50 0.80 6.40
0.50 0.80 6.80
0.50 0.80 7.20
0.50 0.80 7.60
0.50 0.80 8.00
0.50 0.80 8.40
0.50 0.80 8.80
0.50 0.80 9.20
0.50 0.80 9.60
0.50 0.80 10.00
0.50 0.80 10.40
0.50 0.80 10.80
0.50 0.80 11.20
0.50 0.80 11.60
0.50 0.80 12.00

0.50 1.00 0.00
0.50 1.00 0.40
0.50 1.00 0.80
0.50 1.00 1.20
0.50 1.00 1.60
0.50 1.00 2.00
0.50 1.00 2.40
0.50 1.00 2.80
0.50 1.00 3.20
0.50 1.00 3.60
0.50 1.00 4.00
0.50 1.00 4.40
0.50 1.00 4.80
0.50 1.00 5.20
0.50 1.00 5.60
0.50 1.00 6.00
0.50 1.00 6.40
0.50 1.00 6.80
0.50 1.00 7.20
0.50 1.00 7.60
0.50 1.00 8.00
0.50 1.00 8.40
0.50 1.00 8.80
0.50 1.00 9.20
0.50 1.00 9.60
0.50 1.00 10.00
0.50 1.00 10.40
0.50 1.00 10.80
0.50 1.00 11.20
0.50 1.00 11.60
0.50 1.00 12.00

0.50 1.20 0.00
0.50 1.20 0.40
0.50 1.20 0.80
0.50 1.20 1.20
0.50 1.20 1.60
0.50 1.20 2.00
0.50 1.20 2.40
0.50 1.20 2.80
0.50 1.20 3.20
0.50 1.20 3.60
0.50 1.20 4.00
0.50 1.20 4.40
0.50 1.20 4.80
0.50 1.20 5.20
0.50 1.20 5.60
0.50 1.20 6.00
0.50 1.20 6.40
0.50 1.20 6.80
0.50 1.20 7.20
0.50 1.20 7.60
0.50 1.20 8.00
0.50 1.20 8.40
0.50 1.20 8.80
0.50 1.20 9.20
0.50 1.20 9.60
0.50 1.20 10.00
0.50 1.20 10.40
0.50 1.20 10.80
0.50 1.20 11.20
0.50 1.20 11.60
0.50 1.20 12.00

0.50 1.40 0.00
0.50 1.40 0.40
0.50 1.40 0.80
0.50 1.40 1.20
0.50 1.40 1.60
0.50 1.40 2.00
0.50 1.40 2.40
0.50 1.40 2.80
0.50 1.40 3.20
0.50 1.40 3.60
0.50 1.40 4.00
0.50 1.40 4.40
0.50 1.40 4.80
0.50 1.40 5.20
0.50 1.40 5.60
0.50 1.40 6.00
0.50 1.40 6.40
0.50 1.40 6.80
0.50 1.40 7.20
0.50 1.40 7.60
0.50 1.40 8.00
0.50 1.40 8.40
0.50 1.40 8.80
0.50 1.40 9.20
0.50 1.40 9.60
0.50 1.40 10.00
0.50 1.40 10.40
0.50 1.40 10.80
0.50 1.40 11.20
0.50 1.40 11.60
0.50 1.40 12.00

0.50 1.60 0.00
0.50 1.60 0.40
0.50 1.60 0.80
0.50 1.60 1.20
0.50 1.60 1.60
0.50 1.60 2.00
0.50 1.60 2.40
0.50 1.60 2.80
0.50 1.60 3.20
0.50 1.60 3.60
0.50 1.60 4.00
0.50 1.60 4.40
0.50 1.60 4.80
0.50 1.60 5.20
0.50 1.60 5.60
0.50 1.60 6.00
0.50 1.60 6.40
0.50 1.60 6.80
0.50 1.60 7.20
0.50 1.60 7.60
0.50 1.60 8.00
0.50 1.60 8.40
0.50 1.60 8.80
0.50 1.60 9.20
0.50 1.60 9.60
0.50 1.60 10.00
0.50 1.60 10.40
0.50 1.60 10.80
0.50 1.60 11.20
0.50 1.60 11.60
0.50 1.60 12.00

0.50 1.80 0.00
0.50 1.80 0.40
0.50 1.80 0.80
0.50 1.80 1.20
0.50 1.80 1.60
0.50 1.80 2.00
0.50 1.80 2.40
0.50 1.80 2.80
0.50 1.80 3.20
0.50 1.80 3.60
0.50 1.80 4.00
0.50 1.80 4.40
0.50 1.80 4.80
0.50 1.80 5.20
0.50 1.80 5.60
0.50 1.80 6.00
0.50 1.80 6.40
0.50 1.80 6.80
0.50 1.80 7.20
0.50 1.80 7.60
0.50 1.80 8.00
0.50 1.80 8.40
0.50 1.80 8.80
0.50 1.80 9.20
0.50 1.80 9.60
0.50 1.80 10.00
0.50 1.80 10.40
0.50 1.80 10.80
0.50 1.80 11.20
0.50 1.80 11.60
0.50 1.80 12.00

0.50 2.00 0.00
0.50 2.00 0.40
0.50 2.00 0.80
0.50 2.00 1.20
0.50 2.00 1.60
0.50 2.00 2.00
0.50 2.00 2.40
0.50 2.00 2.80
0.50 2.00 3.20
0.50 2.00 3.60
0.50 2.00 4.00
0.50 2.00 4.40
0.50 2.00 4.80
0.50 2.00 5.20
0.50 2.00 5.60
0.50 2.00 6.00
0.50 2.00 6.40
0.50 2.00 6.80
0.50 2.00 7.20
0.50 2.00 7.60
0.50 2.00 8.00
0.50 2.00 8.40
0.50 2.00 8.80
0.50 2.00 9.20
0.50 2.00 9.60
0.50 2.00 10.00
0.50 2.00 10.40
0.50 2.00 10.80
0.50 2.00 11.20
0.50 2.00 11.60
0.50 2.00 12.00

0.50 2.20 0.00
0.50 2.20 0.40
0.50 2.20 0.80
0.50 2.20 1.20
0.50 2.20 1.60
0.50 2.20 2.00
0.50 2.20 2.40
0.50 2.20 2.80
0.50 2.20 3.20
0.50 2.20 3.60
0.50 2.20 4.00
0.50 2.20 4.40
0.50 2.20 4.80
0.50 2.20 5.20
0.50 2.20 5.60
0.50 2.20 6.00
0.50 2.20 6.40
0.50 2.20 6.80
0.50 2.20 7.20
0.50 2.20 7.60
0.50 2.20 8.00
0.50 2.20 8.40
0.50 2.20 8.80
0.50 2.20 9.20
0.50 2.20 9.60
0.50 2.20 10.00
0.50 2.20 10.40
0.50 2.20 10.80
0.50 2.20 11.20
0.50 2.20 11.60
0.50 2.20 12.00

0.50 2.40 0.00
0.50 2.40 0.40
0.50 2.40 0.80
0.50 2.40 1.20
0.50 2.40 1.60
0.50 2.40 2.00
0.50 2.40 2.40
0.50 2.40 2.80
0.50 2.40 3.20
0.50 2.40 3.60
0.50 2.40 4.00
0.50 2.40 4.40
0.50 2.40 4.80
0.50 2.40 5.20
0.50 2.40 5.60
0.50 2.40 6.00
0.50 2.40 6.40
0.50 2.40 6.80
0.50 2.40 7.20
0.50 2.40 7.60
0.50 2.40 8.00
0.50 2.40 8.40
0.50 2.40 8.80
0.50 2.40 9.20
0.50 2.40 9.60
0.50 2.40 10.00
0.50 2.40 10.40
0.50 2.40 10.80
0.50 2.40 11.20
0.50 2.40 11.60
0.50 2.40 12.00

0.50 2.60 0.00
0.50 2.60 0.40
0.50 2.60 0.80
0.50 2.60 1.20
0.50 2.60 1.60
0.50 2.60 2.00
0.50 2.60 2.40
0.50 2.60 2.80
0.50 2.60 3.20
0.50 2.60 3.60
0.50 2.60 4.00
0.50 2.60 4.40
0.50 2.60 4.80
0.50 2.60 5.20
0.50 2.60 5.60
0.50 2.60 6.00
0.50 2.60 6.40
0.50 2.60 6.80
0.50 2.60 7.20
0.50 2.60 7.60
0.50 2.60 8.00
0.50 2.60 8.40
0.50 2.60 8.80
0.50 2.60 9.20
0.50 2.60 9.60
0.50 2.60 10.00
0.50 2.60 10.40
0.50 2.60 10.80
0.50 2.60 11.20
0.50 2.60 11.60
0.50 2.60 12.00

0.50 2.80 0.00
0.50 2.80 0.40
0.50 2.80 0.80
0.50 2.80 1.20
0.50 2.80 1.60
0.50 2.80 2.00
0.50 2.80 2.40
0.50 2.80 2.80
0.50 2.80 3.20
0.50 2.80 3.60
0.50 2.80 4.00
0.50 2.80 4.40
0.50 2.80 4.80
0.50 2.80 5.20
0.50 2.80 5.60
0.50 2.80 6.00
0.50 2.80 6.40
0.50 2.80 6.80
0.50 2.80 7.20
0.50 2.80 7.60
0.50 2.80 8.00
0.50 2.80 8.40
0.50 2.80 8.80
0.50 2.80 9.20
0.50 2.80 9.60
0.50 2.80 10.00
0.50 2.80 10.40
0.50 2.80 10.80
0.50 2.80 11.20
0.50 2.80 11.60
0.50 2.80 12.00

0.50 3.00 0.00
0.50 3.00 0.40
0.50 3.00 0.80
0.50 3.00 1.20
0.50 3.00 1.60
0.50 3.00 2.00
0.50 3.00 2.40
0.50 3.00 2.80
0.50 3.00 3.20
0.50 3.00 3.60
0.50 3.00 4.00
0.50 3.00 4.40
0.50 3.00 4.80
0.50 3.00 5.20
0.50 3.00 5.60
0.50 3.00 6.00
0.50 3.00 6.40
0.50 3.00 6.80
0.50 3.00 7.20
0.50 3.00 7.60
0.50 3.00 8.00
0.50 3.00 8.40
0.50 3.00 8.80
0.50 3.00 9.20
0.50 3.00 9.60
0.50 3.00 10.00
0.50 3.00 10.40
0.50 3.00 10.80
0.50 3.00 11.20
0.50 3.00 11.60
0.50 3.00 12.00

0.50 3.20 0.00
0.50 3.20 0.40
0.50 3.20 0.80
0.50 3.20 1.20
0.50 3.20 1.60
0.50 3.20 2.00
0.50 3.20 2.40
0.50 3.20 2.80
0.50 3.20 3.20
0.50 3.20 3.60
0.50 3.20 4.00
0.50 3.20 4.40
0.50 3.20 4.80
0.50 3.20 5.20
0.50 3.20 5.60
0.50 3.20 6.00
0.50 3.20 6.40
0.50 3.20 6.80
0.50 3.20 7.20
0.50 3.20 7.60
0.50 3.20 8.00
0.50 3.20 8.40
0.50 3.20 8.80
0.50 3.20 9.20
0.50 3.20 9.60
0.50 3.20 10.00
0.50 3.20 10.40
0.50 3.20 10.80
0.50 3.20 11.20
0.50 3.20 11.60
0.50 3.20 12.00

0.50 3.40 0.00
0.50 3.40 0.40
0.50 3.40 0.80
0.50 3.40 1.20
0.50 3.40 1.60
0.50 3.40 2.00
0.50 3.40 2.40
0.50 3.40 2.80
0.50 3.40 3.20
0.50 3.40 3.60
0.50 3.40 4.00
0.50 3.40 4.40
0.50 3.40 4.80
0.50 3.40 5.20
0.50 3.40 5.60
0.50 3.40 6.00
0.50 3.40 6.40
0.50 3.40 6.80
0.50 3.40 7.20
0.50 3.40 7.60
0.50 3.40 8.00
0.50 3.40 8.40
0.50 3.40 8.80
0.50 3.40 9.20
0.50 3.40 9.60
0.50 3.40 10.00
0.50 3.40 10.40
0.50 3.40 10.80
0.50 3.40 11.20
0.50 3.40 11.60
0.50 3.40 12.00

0.50 3.60 0.00
0.50 3.60 0.40
0.50 3.60 0.80
0.50 3.60 1.20
0.50 3.60 1.60
0.50 3.60 2.00
0.50 3.60 2.40
0.50 3.60 2.80
0.50 3.60 3.20
0.50 3.60 3.60
0.50 3.60 4.00
0.50 3.60 4.40
0.50 3.60 4.80
0.50 3.60 5.20
0.50 3.60 5.60
0.50 3.60 6.00
0.50 3.60 6.40
0.50 3.60 6.80
0.50 3.60 7.20
0.50 3.60 7.60
0.50 3.60 8.00
0.50 3.60 8.40
0.50 3.60 8.80
0.50 3.60 9.20
0.50 3.60 9.60
0.50 3.60 10.00
0.50 3.60 10.40
0.50 3.60 10.80
0.50 3.60 11.20
0.50 3.60 11.60
0.50 3.60 12.00

0.50 3.80 0.00
0.50 3.80 0.40
0.50 3.80 0.80
0.50 3.80 1.20
0.50 3.80 1.60
0.50 3.80 2.00
0.50 3.80 2.40
0.50 3.80 2.80
0.50 3.80 3.20
0.50 3.80 3.60
0.50 3.80 4.00
0.50 3.80 4.40
0.50 3.80 4.80
0.50 3.80 5.20
0.50 3.80 5.60
0.50 3.80 6.00
0.50 3.80 6.40
0.50 3.80 6.80
0.50 3.80 7.20
0.50 3.80 7.60
0.50 3.80 8.00
0.50 3.80 8.40
0.50 3.80 8.80
0.50 3.80 9.20
0.50 3.80 9.60
0.50 3.80 10.00
0.50 3.80 10.40
0.50 3.80 10.80
0.50 3.80 11.20
0.50 3.80 11.60
0.50 3.80 12.00

0.50 4.00 0.00
0.50 4.00 0.40
0.50 4.00 0.80
0.50 4.00 1.20
0.50 4.00 1.60
0.50 4.00 2.00
0.50 4.00 2.40
0.50 4.00 2.80
0.50 4.00 3.20
0.50 4.00 3.60
0.50 4.00 4.00
0.50 4.00 4.40
0.50 4.00 4.80
0.50 4.00 5.20
0.50 4.00 5.60
0.50 4.00 6.00
0.50 4.00 6.40
0.50 4.00 6.80
0.50 4.00 7.20
0.50 4.00 7.60
0.50 4.00 8.00
0.50 4.00 8.40
0.50 4.00 8.80
0.50 4.00 9.20
0.50 4.00 9.60
0.50 4.00 10.00
0.50 4.00 10.40
0.50 4.00 10.80
0.50 4.00 11.20
0.50 4.00 11.60
0.50 4.00 12.00

0.50 4.20 0.00
0.50 4.20 0.40
0.50 4.20 0.80
0.50 4.20 1.20
0.50 4.20 1.60
0.50 4.20 2.00
0.50 4.20 2.40
0.50 4.20 2.80
0.50 4.20 3.20
0.50 4.20 3.60
0.50 4.20 4.00
0.50 4.20 4.40
0.50 4.20 4.80
0.50 4.20 5.20
0.50 4.20 5.60
0.50 4.20 6.00
0.50 4.20 6.40
0.50 4.20 6.80
0.50 4.20 7.20
0.50 4.20 7.60
0.50 4.20 8.00
0.50 4.20 8.40
0.50 4.20 8.80
0.50 4.20 9.20
0.50 4.20 9.60
0.50 4.20 10.00
0.50 4.20 10.40
0.50 4.20 10.80
0.50 4.20 11.20
0.50 4.20 11.60
0.50 4.20 12.00

0.50 4.40 0.00
0.50 4.40 0.40
0.50 4.40 0.80
0.50 4.40 1.20
0.50 4.40 1.60
0.50 4.40 2.00
0.50 4.40 2.40
0.50 4.40 2.80
0.50 4.40 3.20
0.50 4.40 3.60
0.50 4.40 4.00
0.50 4.40 4.40
0.50 4.40 4.80
0.50 4.40 5.20
0.50 4.40 5.60
0.50 4.40 6.00
0.50 4.40 6.40
0.50 4.40 6.80
0.50 4.40 7.20
0.50 4.40 7.60
0.50 4.40 8.00
0.50 4.40 8.40
0.50 4.40 8.80
0.50 4.40 9.20
0.50 4.40 9.60
0.50 4.40 10.00
0.50 4.40 10.40
0.50 4.40 10.80
0.50 4.40 11.20
0.50 4.40 11.60
0.50 4.40 12.00

0.50 4.60 0.00
0.50 4.60 0.40
0.50 4.60 0.80
0.50 4.60 1.20
0.50 4.60 1.60
0.50 4.60 2.00
0.50 4.60 2.40
0.50 4.60 2.80
0.50 4.60 3.20
0.50 4.60 3.60
0.50 4.60 4.00
0.50 4.60 4.40
0.50 4.60 4.80
0.50 4.60 5.20
0.50 4.60 5.60
0.50 4.60 6.00
0.50 4.60 6.40
0.50 4.60 6.80
0.50 4.60 7.20
0.50 4.60 7.60
0.50 4.60 8.00
0.50 4.60 8.40
0.50 4.60 8.80
0.50 4.60 9.20
0.50 4.60 9.60
0.50 4.60 10.00
0.50 4.60 10.40
0.50 4.60 10.80
0.50 4.60 11.20
0.50 4.60 11.60
0.50 4.60 12.00

0.50 4.80 0.00
0.50 4.80 0.40
0.50 4.80 0.80
0.50 4.80 1.20
0.50 4.80 1.60
0.50 4.80 2.00
0.50 4.80 2.40
0.50 4.80 2.80
0.50 4.80 3.20
0.50 4.80 3.60
0.50 4.80 4.00
0.50 4.80 4.40
0.50 4.80 4.80
0.50 4.80 5.20
0.50 4.80 5.60
0.50 4.80 6.00
0.50 4.80 6.40
0.50 4.80 6.80
0.50 4.80 7.20
0.50 4.80 7.60
0.50 4.80 8.00
0.50 4.80 8.40
0.50 4.80 8.80
0.50 4.80 9.20
0.50 4.80 9.60
0.50 4.80 10.00
0.50 4.80 10.40
0.50 4.80 10.80
0.50 4.80 11.20
0.50 4.80 11.60
0.50 4.80 12.00

0.50 5.00 0.00
0.50 5.00 0.40
0.50 5.00 0.80
0.50 5.00 1.20
0.50 5.00 1.60
0.50 5.00 2.00
0.50 5.00 2.40
0.50 5.00 2.80
0.50 5.00 3.20
0.50 5.00 3.60
0.50 5.00 4.00
0.50 5.00 4.40
0.50 5.00 4.80
0.50 5.00 5.20
0.50 5.00 5.60
0.50 5.00 6.00
0.50 5.00 6.40
0.50 5.00 6.80
0.50 5.00 7.20
0.50 5.00 7.60
0.50 5.00 8.00
0.50 5.00 8.40
0.50 5.00 8.80
0.50 5.00 9.20
0.50 5.00 9.60
0.50 5.00 10.00
0.50 5.00 10.40
0.50 5.00 10.80
0.50 5.00 11.20
0.50 5.00 11.60
0.50 5.00 12.00

0.50 5.20 0.00
0.50 5.20 0.40
0.50 5.20 0.80
0.50 5.20 1.20
0.50 5.20 1.60
0.50 5.20 2.00
0.50 5.20 2.40
0.50 5.20 2.80
0.50 5.20 3.20
0.50 5.20 3.60
0.50 5.20 4.00
0.50 5.20 4.40
0.50 5.20 4.80
0.50 5.20 5.20
0.50 5.20 5.60
0.50 5.20 6.00
0.50 5.20 6.40
0.50 5.20 6.80
0.50 5.20 7.20
0.50 5.20 7.60
0.50 5.20 8.00
0.50 5.20 8.40
0.50 5.20 8.80
0.50 5.20 9.20
0.50 5.20 9.60
0.50 5.20 10.00
0.50 5.20 10.40
0.50 5.20 10.80
0.50 5.20 11.20
0.50 5.20 11.60
0.50 5.20 12.00

0.50 5.40 0.00
0.50 5.40 0.40
0.50 5.40 0.80
0.50 5.40 1.20
0.50 5.40 1.60
0.50 5.40 2.00
0.50 5.40 2.40
0.50 5.40 2.80
0.50 5.40 3.20
0.50 5.40 3.60
0.50 5.40 4.00
0.50 5.40 4.40
0.50 5.40 4.80
0.50 5.40 5.20
0.50 5.40 5.60
0.50 5.40 6.00
0.50 5.40 6.40
0.50 5.40 6.80
0.50 5.40 7.20
0.50 5.40 7.60
0.50 5.40 8.00
0.50 5.40 8.40
0.50 5.40 8.80
0.50 5.40 9.20
0.50 5.40 9.60
0.50 5.40 10.00
0.50 5.40 10.40
0.50 5.40 10.80
0.50 5.40 11.20
0.50 5.40 11.60
0.50 5.40 12.00

0.50 5.60 0.00
0.50 5.60 0.40
0.50 5.60 0.80
0.50 5.60 1.20
0.50 5.60 1.60
0.50 5.60 2.00
0.50 5.60 2.40
0.50 5.60 2.80
0.50 5.60 3.20
0.50 5.60 3.60
0.50 5.60 4.00
0.50 5.60 4.40
0.50 5.60 4.80
0.50 5.60 5.20
0.50 5.60 5.60
0.50 5.60 6.00
0.50 5.60 6.40
0.50 5.60 6.80
0.50 5.60 7.20
0.50 5.60 7.60
0.50 5.60 8.00
0.50 5.60 8.40
0.50 5.60 8.80
0.50 5.60 9.20
0.50 5.60 9.60
0.50 5.60 10.00
0.50 5.60 10.40
0.50 5.60 10.80
0.50 5.60 11.20
0.50 5.60 11.60
0.50 5.60 12.00

0.50 5.80 0.00
0.50 5.80 0.40
0.50 5.80 0.80
0.50 5.80 1.20
0.50 5.80 1.60
0.50 5.80 2.00
0.50 5.80 2.40
0.50 5.80 2.80
0.50 5.80 3.20
0.50 5.80 3.60
0.50 5.80 4.00
0.50 5.80 4.40
0.50 5.80 4.80
0.50 5.80 5.20
0.50 5.80 5.60
0.50 5.80 6.00
0.50 5.80 6.40
0.50 5.80 6.80
0.50 5.80 7.20
0.50 5.80 7.60
0.50 5.80 8.00
0.50 5.80 8.40
0.50 5.80 8.80
0.50 5.80 9.20
0.50 5.80 9.60
0.50 5.80 10.00
0.50 5.80 10.40
0.50 5.80 10.80
0.50 5.80 11.20
0.50 5.80 11.60
0.50 5.80 12.00

0.50 6.00 0.00
0.50 6.00 0.40
0.50 6.00 0.80
0.50 6.00 1.20
0.50 6.00 1.60
0.50 6.00 2.00
0.50 6.00 2.40
0.50 6.00 2.80
0.50 6.00 3.20
0.50 6.00 3.60
0.50 6.00 4.00
0.50 6.00 4.40
0.50 6.00 4.80
0.50 6.00 5.20
0.50 6.00 5.60
0.50 6.00 6.00
0.50 6.00 6.40
0.50 6.00 6.80
0.50 6.00 7.20
0.50 6.00 7.60
0.50 6.00 8.00
0.50 6.00 8.40
0.50 6.00 8.80
0.50 6.00 9.20
0.50 6.00 9.60
0.50 6.00 10.00
0.50 6.00 10.40
0.50 6.00 10.80
0.50 6.00 11.20
0.50 6.00 11.60
0.50 6.00 12.00
