0.50 0.00 0.00 0.38455871077549192 1.8193138173887003E-002
0.50 0.00 0.40 0.52995946718034459 1.6035643824213963E-002
0.50 0.00 0.80 0.53217102311894515 1.6057854531132138E-002
0.50 0.00 1.20 0.52431392640427843 1.6126215227558752E-002
0.50 0.00 1.60 0.52030382864679503 1.6189259652097131E-002
0.50 0.00 2.00 0.50204203630204292 1.6478556915133891E-002
0.50 0.00 2.40 0.48415271393518389 1.6508232104601221E-002
0.50 0.00 2.80 0.46075582726030023 1.6764993768725409E-002
0.50 0.00 3.20 0.45669440325466393 1.6907691485837748E-002
0.50 0.00 3.60 0.43851375502123924 1.7080903782185911E-002
0.50 0.00 4.00 0.43086423762274373 1.7140764356538590E-002
0.50 0.00 4.40 0.42279645445629821 1.7242929118464020E-002
0.50 0.00 4.80 0.41430400344809365 1.7226302235377262E-002
0.50 0.00 5.20 0.41182573918576343 1.7299942545537753E-002
0.50 0.00 5.60 0.40900449672221501 1.7334354152279841E-002
0.50 0.00 6.00 0.40407414351965948 1.7440554934548384E-002
0.50 0.00 6.40 0.40515599788459566 1.7493284004933017E-002
0.50 0.00 6.80 0.40787642038095928 1.7529085283091200E-002
0.50 0.00 7.20 0.39910876906781667 1.7570681979085477E-002
0.50 0.00 7.60 0.40268689265627533 1.7545311235654976E-002
0.50 0.00 8.00 0.39628656711380561 1.7554401729494171E-002
0.50 0.00 8.40 0.39810219623063520 1.7479961511055762E-002
0.50 0.00 8.80 0.39470934574754168 1.7400512296848990E-002
0.50 0.00 9.20 0.39900905373867745 1.7597699568086132E-002
0.50 0.00 9.60 0.39677817497285117 1.7488754831343937E-002
0.50 0.00 10.00 0.39820616643981044 1.7475434997534300E-002
0.50 0.00 10.40 0.39517665140350633 1.7503020303870874E-002
0.50 0.00 10.80 0.38839403160610098 1.7405008583980829E-002
0.50 0.00 11.20 0.39156587191011083 1.7499778783129524E-002
0.50 0.00 11.60 0.39261953876934397 1.7479195013699433E-002
0.50 0.00 12.00 0.39490201122995056 1.7455183489320101E-002

0.50 0.20 0.00 0.41297384700806844 1.7620864946024065E-002
0.50 0.20 0.40 0.52857749063778647 1.6070340532390003E-002
0.50 0.20 0.80 0.52968354059611256 1.6065849013349086E-002
0.50 0.20 1.20 0.53149376042249619 1.6035608978646271E-002
0.50 0.20 1.60 0.53052130320740010 1.5998360976484244E-002
0.50 0.20 2.00 0.52758842241567006 1.6043200999332350E-002
0.50 0.20 2.40 0.52448776215323079 1.6118369997750116E-002
0.50 0.20 2.80 0.51748800716224075 1.6268073617533348E-002
0.50 0.20 3.20 0.50883662244626104 1.6418824931142828E-002
0.50 0.20 3.60 0.49976134159692986 1.6399740492758590E-002
0.50 0.20 4.00 0.48915690171286003 1.6566335652893043E-002
0.50 0.20 4.40 0.48347416297799867 1.6576455242344804E-002
0.50 0.20 4.80 0.48023039271233153 1.6667327736115446E-002
0.50 0.20 5.20 0.46678699100355675 1.6888900315582926E-002
0.50 0.20 5.60 0.46132788082732878 1.6914016539237561E-002
0.50 0.20 6.00 0.45805760491144965 1.6894312366287838E-002
0.50 0.20 6.40 0.45014892430895570 1.6923094974587435E-002
0.50 0.20 6.80 0.44755088441688662 1.7079571112038627E-002
0.50 0.20 7.20 0.44369336763346229 1.7115729460225215E-002
0.50 0.20 7.60 0.44226771917085850 1.7172797281581078E-002
0.50 0.20 8.00 0.44150294208601182 1.7167344988206785E-002
0.50 0.20 8.40 0.43278108296305062 1.7167095004060707E-002
0.50 0.20 8.80 0.43393555497277525 1.7230739610946077E-002
0.50 0.20 9.20 0.42795839176310330 1.7201669963554503E-002
0.50 0.20 9.60 0.42859091961073120 1.7269852610463682E-002
0.50 0.20 10.00 0.42425685536038671 1.7405758539230237E-002
0.50 0.20 10.40 0.42808923874195698 1.7289100047385635E-002
0.50 0.20 10.80 0.42621893043111053 1.7343992493544621E-002
0.50 0.20 11.20 0.42364270784722430 1.7252307672181871E-002
0.50 0.20 11.60 0.41959852255672231 1.7349971440477351E-002
0.50 0.20 12.00 0.41887185098553192 1.7306464906142169E-002

0.50 0.40 0.00 0.42759612493353849 1.7312259388695111E-002
0.50 0.40 0.40 0.53077018645435214 1.6012955801902817E-002
0.50 0.40 0.80 0.52843432343511654 1.6103165328194346E-002
0.50 0.40 1.20 0.53175764213096099 1.6067394486964346E-002
0.50 0.40 1.60 0.53230714616321051 1.6095347060324800E-002
0.50 0.40 2.00 0.52937713274252629 1.6075288010304018E-002
0.50 0.40 2.40 0.52541990138104766 1.6098082345071069E-002
0.50 0.40 2.80 0.52182605276897820 1.6158250570636089E-002
0.50 0.40 3.20 0.51271731715420210 1.6275901323576272E-002
0.50 0.40 3.60 0.50262301388874742 1.6375970589843730E-002
0.50 0.40 4.00 0.50474642554744598 1.6393381058827487E-002
0.50 0.40 4.40 0.49442400847918239 1.6643066115352656E-002
0.50 0.40 4.80 0.48643467038603239 1.6637181508812885E-002
0.50 0.40 5.20 0.48244648523180167 1.6674791992332592E-002
0.50 0.40 5.60 0.47478975770669418 1.6795877542871224E-002
0.50 0.40 6.00 0.46189654175510331 1.6877304059420346E-002
0.50 0.40 6.40 0.46102397937871586 1.6759801469043663E-002
0.50 0.40 6.80 0.45642683486494862 1.6960789733093638E-002
0.50 0.40 7.20 0.45945784591633521 1.6965561013394272E-002
0.50 0.40 7.60 0.45297611141713867 1.7000763569868751E-002
0.50 0.40 8.00 0.44359412287026068 1.7033276840855174E-002
0.50 0.40 8.40 0.44245347341963936 1.7048620232475359E-002
0.50 0.40 8.80 0.43677464746816452 1.7151211425079273E-002
0.50 0.40 9.20 0.43760746695058889 1.7217679633513935E-002
0.50 0.40 9.60 0.43949748843663217 1.7169894289481971E-002
0.50 0.40 10.00 0.43095623081821915 1.7232180342638778E-002
0.50 0.40 10.40 0.43289194027993227 1.7197023214072495E-002
0.50 0.40 10.80 0.43084996965416861 1.7262966553518305E-002
0.50 0.40 11.20 0.42885915667865737 1.7356149625688030E-002
0.50 0.40 11.60 0.42576674747339621 1.7254298147313007E-002
0.50 0.40 12.00 0.42545563980991830 1.7241494186832306E-002

0.50 0.60 0.00 0.37902318072092955 1.7877332314979778E-002
0.50 0.60 0.40 0.52823332824542091 1.6094202356459749E-002
0.50 0.60 0.80 0.53080926665971639 1.6077574032247115E-002
0.50 0.60 1.20 0.53134409616436529 1.6082590142976697E-002
0.50 0.60 1.60 0.52985087616439719 1.6165031417521864E-002
0.50 0.60 2.00 0.52970411665857742 1.6128423105014097E-002
0.50 0.60 2.40 0.52879127539917015 1.6058825836654723E-002
0.50 0.60 2.80 0.52120029320113159 1.6234922941559475E-002
0.50 0.60 3.20 0.51244761436728914 1.6273837840995578E-002
0.50 0.60 3.60 0.51143539696012985 1.6280644759064978E-002
0.50 0.60 4.00 0.50475155434385999 1.6406761008947612E-002
0.50 0.60 4.40 0.49876890886483327 1.6490217681484409E-002
0.50 0.60 4.80 0.48734986510702588 1.6541828458186632E-002
0.50 0.60 5.20 0.48670023101777804 1.6629180477475233E-002
0.50 0.60 5.60 0.47355574093710534 1.6711087346201959E-002
0.50 0.60 6.00 0.47363469679747511 1.6801734191862892E-002
0.50 0.60 6.40 0.46767894386380721 1.6829330376768446E-002
0.50 0.60 6.80 0.45945923494809754 1.6911342334767782E-002
0.50 0.60 7.20 0.45670566273645213 1.6995472605680541E-002
0.50 0.60 7.60 0.44976507750471956 1.6999177138147425E-002
0.50 0.60 8.00 0.44902644429319827 1.7096901478267843E-002
0.50 0.60 8.40 0.44613343889730761 1.7030816969337424E-002
0.50 0.60 8.80 0.44087827374508759 1.7143064619762886E-002
0.50 0.60 9.20 0.44037686644879248 1.7227621638382450E-002
0.50 0.60 9.60 0.44233391412124090 1.7156303905228969E-002
0.50 0.60 10.00 0.43513461535736331 1.7253555107839595E-002
0.50 0.60 10.40 0.43373467045150954 1.7207663759892279E-002
0.50 0.60 10.80 0.43072127676949867 1.7198321395046984E-002
0.50 0.60 11.20 0.42858008898620437 1.7286114546826867E-002
0.50 0.60 11.60 0.42958576163538620 1.7300854456458920E-002
0.50 0.60 12.00 0.42032848491716851 1.7350358190869504E-002

0.50 0.80 0.00 0.41554123578115598 1.7614061137441614E-002
0.50 0.80 0.40 0.53074199540510336 1.6068183017959002E-002
0.50 0.80 0.80 0.53347636366663231 1.6065973524658973E-002
0.50 0.80 1.20 0.52976584152054618 1.6085590853849089E-002
0.50 0.80 1.60 0.53143851549599330 1.6075876307341093E-002
0.50 0.80 2.00 0.52849759630330906 1.6053645906028542E-002
0.50 0.80 2.40 0.52492163159748040 1.6101174793318396E-002
0.50 0.80 2.80 0.52498346980260213 1.6141513017981945E-002
0.50 0.80 3.20 0.51906414038781479 1.6230880549246828E-002
0.50 0.80 3.60 0.51320167775028369 1.6290480888591655E-002
0.50 0.80 4.00 0.50193907109395353 1.6334842894072856E-002
0.50 0.80 4.40 0.49634888828914364 1.6462494775497362E-002
0.50 0.80 4.80 0.48892573542477968 1.6583762042729527E-002
0.50 0.80 5.20 0.47762544404949114 1.6707379861911249E-002
0.50 0.80 5.60 0.47703650128090008 1.6827478529416771E-002
0.50 0.80 6.00 0.46720136201300583 1.6871903724359948E-002
0.50 0.80 6.40 0.46834134682223494 1.6788237127737110E-002
0.50 0.80 6.80 0.45621022277716738 1.6968588266621364E-002
0.50 0.80 7.20 0.45442584161783878 1.6950691147700519E-002
0.50 0.80 7.60 0.45182135103703047 1.6967574555186625E-002
0.50 0.80 8.00 0.44453086891228866 1.7022648189614881E-002
0.50 0.80 8.40 0.44192316127300180 1.7131662759088236E-002
0.50 0.80 8.80 0.43863184816308276 1.7096711371093545E-002
0.50 0.80 9.20 0.43549558738612831 1.7221058865606560E-002
0.50 0.80 9.60 0.42989532284451853 1.7259990062184989E-002
0.50 0.80 10.00 0.43710430528921840 1.7213601191687050E-002
0.50 0.80 10.40 0.42984595647807911 1.7248398812354886E-002
0.50 0.80 10.80 0.42361926860809562 1.7273928889386381E-002
0.50 0.80 11.20 0.42448917767752603 1.7323733570658584E-002
0.50 0.80 11.60 0.42204972712366062 1.7431559958924120E-002
0.50 0.80 12.00 0.41603231860450685 1.7286819498166024E-002

0.50 1.00 0.00 0.36229188327804746 1.7278441615460934E-002
0.50 1.00 0.40 0.53322524457237430 1.6125307117226359E-002
0.50 1.00 0.80 0.52829680763148257 1.6108394065384085E-002
0.50 1.00 1.20 0.52999252706397226 1.5956244703362883E-002
0.50 1.00 1.60 0.53042317168122965 1.6057561677037591E-002
0.50 1.00 2.00 0.52591658005736297 1.6146483187083251E-002
0.50 1.00 2.40 0.53114572541216898 1.6089541883245698E-002
0.50 1.00 2.80 0.52325322433775812 1.6139779375253790E-002
0.50 1.00 3.20 0.52055105931650680 1.6166599227484986E-002
0.50 1.00 3.60 0.51219024317122375 1.6221558548324511E-002
0.50 1.00 4.00 0.50492151732854706 1.6421796934407623E-002
0.50 1.00 4.40 0.49804180031229761 1.6486221567384655E-002
0.50 1.00 4.80 0.49621658704582156 1.6580385301060627E-002
0.50 1.00 5.20 0.48291634918602233 1.6610162154899983E-002
0.50 1.00 5.60 0.47841986008180576 1.6743803390292970E-002
0.50 1.00 6.00 0.47458203180491082 1.6746032514247375E-002
0.50 1.00 6.40 0.46867702933224242 1.6834300265985626E-002
0.50 1.00 6.80 0.46125641621459545 1.6899049366429750E-002
0.50 1.00 7.20 0.45988193524095100 1.6970310436347863E-002
0.50 1.00 7.60 0.45143130157868361 1.6969214208575452E-002
0.50 1.00 8.00 0.44833899995591847 1.6971192941539658E-002
0.50 1.00 8.40 0.44737944720261319 1.7163570271610491E-002
0.50 1.00 8.80 0.44210820582633631 1.7180760536472658E-002
0.50 1.00 9.20 0.43679785241870678 1.7268261219023265E-002
0.50 1.00 9.60 0.44099644277037714 1.7117040068904812E-002
0.50 1.00 10.00 0.43306820801487744 1.7299915656259820E-002
0.50 1.00 10.40 0.43062241384263056 1.7281246855483066E-002
0.50 1.00 10.80 0.42994906138822653 1.7218764957578962E-002
0.50 1.00 11.20 0.43235877993868799 1.7336529350710381E-002
0.50 1.00 11.60 0.43079870300618178 1.7263249825024793E-002
0.50 1.00 12.00 0.42623554000191166 1.7298687486876480E-002

0.50 1.20 0.00 0.42838979989226489 1.6847872584706068E-002
0.50 1.20 0.40 0.53106828303982834 1.6097667941585604E-002
0.50 1.20 0.80 0.53252743793312862 1.6133262936793031E-002
0.50 1.20 1.20 0.52797870886337805 1.6088586990831859E-002
0.50 1.20 1.60 0.52925986730751107 1.6077923722169932E-002
0.50 1.20 2.00 0.52768046888594744 1.6054882797318849E-002
0.50 1.20 2.40 0.52611000051107948 1.6168361173220097E-002
0.50 1.20 2.80 0.52367155400836896 1.6172997354634695E-002
0.50 1.20 3.20 0.52105221509138411 1.6197082324282495E-002
0.50 1.20 3.60 0.50969398544720357 1.6335971601960972E-002
0.50 1.20 4.00 0.50426614855016272 1.6345232963708514E-002
0.50 1.20 4.40 0.50251586949986093 1.6445829616497949E-002
0.50 1.20 4.80 0.48960963813902214 1.6538690668965544E-002
0.50 1.20 5.20 0.48721203051585249 1.6574894009515295E-002
0.50 1.20 5.60 0.48077936618564160 1.6684987715054476E-002
0.50 1.20 6.00 0.47176959519585038 1.6748083132874861E-002
0.50 1.20 6.40 0.47091032675012279 1.6859979993164416E-002
0.50 1.20 6.80 0.46489128250852596 1.6926882709668384E-002
0.50 1.20 7.20 0.45786735025922887 1.6902668453051606E-002
0.50 1.20 7.60 0.45449012890603963 1.7031304620044971E-002
0.50 1.20 8.00 0.45497920488825400 1.6998120730599114E-002
0.50 1.20 8.40 0.44900084833192705 1.7032777622422491E-002
0.50 1.20 8.80 0.44331817975067878 1.7107058614091803E-002
0.50 1.20 9.20 0.44643684351764862 1.7091165379798330E-002
0.50 1.20 9.60 0.43583195873791630 1.7162265378107198E-002
0.50 1.20 10.00 0.43268739926452965 1.7242825089756431E-002
0.50 1.20 10.40 0.43681297932022850 1.7163154779962841E-002
0.50 1.20 10.80 0.43630136851046569 1.7262467218639489E-002
0.50 1.20 11.20 Binary file (standard input) matches
0.50 1.20 11.60 0.42481666629391501 1.7264256176101812E-002
0.50 1.20 12.00 0.42674275620256108 1.7321671730838168E-002

0.50 1.40 0.00 0.42378870819363401 1.8050704270503141E-002
0.50 1.40 0.40 0.53085631921106036 1.6063958913559634E-002
0.50 1.40 0.80 0.53086736007818081 1.6150150825301697E-002
0.50 1.40 1.20 0.53119785673699427 1.6087450962709887E-002
0.50 1.40 1.60 0.52844616084158103 1.6084661524844591E-002
0.50 1.40 2.00 0.52768458329386092 1.6049354220367507E-002
0.50 1.40 2.40 0.52598979413365754 1.6090948624613036E-002
0.50 1.40 2.80 0.52438764271749549 1.6187303535767750E-002
0.50 1.40 3.20 0.51631562920717855 1.6165100161621749E-002
0.50 1.40 3.60 0.51357631518072133 1.6347536044994809E-002
0.50 1.40 4.00 0.50339343241018653 1.6406092570610712E-002
0.50 1.40 4.40 0.49913500539941519 1.6552100975745675E-002
0.50 1.40 4.80 0.49012137327439975 1.6560354901860155E-002
0.50 1.40 5.20 0.48405014020631992 1.6692932816151019E-002
0.50 1.40 5.60 0.47961751918453394 1.6707419552055777E-002
0.50 1.40 6.00 0.47613737440926973 1.6742502485001604E-002
0.50 1.40 6.40 0.47217851978009479 1.6721364520546990E-002
0.50 1.40 6.80 0.46385173725712942 1.6929413814368275E-002
0.50 1.40 7.20 0.45768142749306301 1.6946075418568393E-002
0.50 1.40 7.60 0.45276167954256030 1.6935181530320600E-002
0.50 1.40 8.00 0.45043941002654908 1.7032766995373160E-002
0.50 1.40 8.40 0.44864305108919744 1.7079020620058748E-002
0.50 1.40 8.80 0.44153202478875303 1.7137360615346018E-002
0.50 1.40 9.20 0.44236868914118965 1.7160170669990951E-002
0.50 1.40 9.60 0.44140410440333733 1.7150010297856764E-002
0.50 1.40 10.00 0.43387327108435009 1.7212605165993780E-002
0.50 1.40 10.40 0.43500210975389075 1.7281640866414885E-002
0.50 1.40 10.80 0.43144308548155436 1.7286057758407899E-002
0.50 1.40 11.20 0.42942293083972161 1.7240648370137779E-002
0.50 1.40 11.60 0.42860740747234427 1.7265389251624304E-002
0.50 1.40 12.00 0.42484031311049841 1.7282870601642800E-002

0.50 1.60 0.00 0.40635639133927226 1.8169214515818748E-002
0.50 1.60 0.40 0.52934581832751637 1.6102040873985965E-002
0.50 1.60 0.80 0.52747243128435661 1.6062880686317386E-002
0.50 1.60 1.20 0.53084015977487664 1.6015138111866199E-002
0.50 1.60 1.60 0.52875593668483845 1.6079042167269447E-002
0.50 1.60 2.00 0.52502205986527450 1.6183827554960093E-002
0.50 1.60 2.40 0.52192326033878333 1.6146744824570299E-002
0.50 1.60 2.80 0.51941447858786216 1.6163315682648040E-002
0.50 1.60 3.20 0.51653518379480368 1.6203350983960245E-002
0.50 1.60 3.60 0.50937960226924128 1.6360969785001366E-002
0.50 1.60 4.00 0.50640308910640197 1.6481444427466806E-002
0.50 1.60 4.40 0.49779570674553481 1.6509162647994222E-002
0.50 1.60 4.80 0.49047345016763028 1.6653523814398455E-002
0.50 1.60 5.20 0.48302007259265733 1.6661654503450214E-002
0.50 1.60 5.60 0.47718273809047379 1.6732902752715328E-002
0.50 1.60 6.00 0.47196385099593191 1.6831280214334901E-002
0.50 1.60 6.40 0.47059223799337868 1.6817225563420867E-002
0.50 1.60 6.80 0.46323353464736250 1.6884731288948976E-002
0.50 1.60 7.20 0.45600989942392989 1.6965884745311351E-002
0.50 1.60 7.60 0.45546731269713653 1.7026424747215725E-002
0.50 1.60 8.00 0.45138555150857523 1.7025616156218906E-002
0.50 1.60 8.40 0.44848576914899219 1.7154833158707656E-002
0.50 1.60 8.80 0.43914651472143407 1.7218235387797792E-002
0.50 1.60 9.20 0.43744581339890332 1.7116497870310089E-002
0.50 1.60 9.60 0.43825575893771890 1.7232740808876660E-002
0.50 1.60 10.00 0.43820460735554684 1.7231669407974746E-002
0.50 1.60 10.40 0.43485652760519250 1.7272684309275765E-002
0.50 1.60 10.80 0.42887167721924974 1.7230757137560660E-002
0.50 1.60 11.20 0.43257949541289420 1.7232799314994982E-002
0.50 1.60 11.60 0.43258528116797806 1.7322089829453491E-002
0.50 1.60 12.00 0.42102554450545970 1.7319609656992002E-002

0.50 1.80 0.00 0.38453183684617004 1.7975926887596548E-002
0.50 1.80 0.40 0.52816638023199236 1.6079391847537650E-002
0.50 1.80 0.80 0.52782138236068465 1.6178772649191205E-002
0.50 1.80 1.20 0.52664670930934532 1.6132579011426940E-002
0.50 1.80 1.60 0.52492972248858649 1.6178266822981274E-002
0.50 1.80 2.00 0.52299824213329837 1.6164032389226743E-002
0.50 1.80 2.40 0.52083141326446192 1.6110064541665213E-002
0.50 1.80 2.80 0.52121934516854096 1.6202727649724455E-002
0.50 1.80 3.20 0.51394810970394200 1.6276843494460628E-002
0.50 1.80 3.60 0.50630587500250235 1.6316138422911367E-002
0.50 1.80 4.00 0.50381282884447465 1.6443204905953308E-002
0.50 1.80 4.40 0.49638385254249179 1.6497998073739709E-002
0.50 1.80 4.80 0.49030426047790232 1.6550639293201847E-002
0.50 1.80 5.20 0.48299140345688418 1.6658085766327463E-002
0.50 1.80 5.60 0.48194685719923475 1.6674433886790664E-002
0.50 1.80 6.00 0.47129529462426856 1.6800204864705414E-002
0.50 1.80 6.40 0.46702337287013568 1.6858304597196609E-002
0.50 1.80 6.80 0.46220866195006549 1.6835641252406348E-002
0.50 1.80 7.20 0.45963224789807622 1.6984473544420661E-002
0.50 1.80 7.60 0.45452402486940624 1.6966272041216125E-002
0.50 1.80 8.00 0.44990593408815505 1.7075147510615042E-002
0.50 1.80 8.40 0.44757500712599735 1.7088767807757026E-002
0.50 1.80 8.80 0.44579987776564761 1.7159837552134911E-002
0.50 1.80 9.20 0.43969648471130462 1.7084277942513947E-002
0.50 1.80 9.60 0.44196988481341482 1.7161798882066402E-002
0.50 1.80 10.00 0.43416987142713104 1.7217292676074965E-002
0.50 1.80 10.40 0.43723854503237869 1.7180825832355653E-002
0.50 1.80 10.80 0.43546958975785593 1.7372056124424919E-002
0.50 1.80 11.20 0.43245850751523929 1.7270384267994626E-002
0.50 1.80 11.60 0.42436154761385564 1.7308672273311176E-002
0.50 1.80 12.00 0.43097420340225867 1.7268918163026649E-002

0.50 2.00 0.00 0.40927410446783191 1.7956692026029362E-002
0.50 2.00 0.40 0.52279158462968645 1.6248869152098989E-002
0.50 2.00 0.80 0.52399452672835933 1.6210214844961789E-002
0.50 2.00 1.20 0.52855861351297162 1.6056369037685550E-002
0.50 2.00 1.60 0.52393562799349369 1.6136441909621439E-002
0.50 2.00 2.00 0.51881845870410703 1.6189096746353975E-002
0.50 2.00 2.40 0.51804093474695478 1.6213829001434504E-002
0.50 2.00 2.80 0.51468404591267192 1.6309064601821122E-002
0.50 2.00 3.20 0.50875163253829769 1.6294419111330938E-002
0.50 2.00 3.60 0.50489313292353089 1.6404235916937911E-002
0.50 2.00 4.00 0.50007275029728260 1.6420981584309383E-002
0.50 2.00 4.40 0.49440562333156562 1.6489707962504593E-002
0.50 2.00 4.80 0.48896606299157475 1.6580946271619317E-002
0.50 2.00 5.20 0.48258241513538563 1.6673768023111879E-002
0.50 2.00 5.60 0.47910762835699910 1.6641678184548345E-002
0.50 2.00 6.00 0.47242412249164917 1.6837952441723713E-002
0.50 2.00 6.40 0.46960093345398002 1.6695071024388067E-002
0.50 2.00 6.80 0.46228010797219482 1.6977328083216107E-002
0.50 2.00 7.20 0.46397611681507389 1.6812501992545012E-002
0.50 2.00 7.60 0.45538167683098696 1.7088687124477610E-002
0.50 2.00 8.00 0.45765639824955684 1.7017414539615371E-002
0.50 2.00 8.40 0.44939295704605342 1.6997245278981849E-002
0.50 2.00 8.80 0.44424560543682634 1.7050198790817057E-002
0.50 2.00 9.20 0.44537159064444298 1.7156424202510845E-002
0.50 2.00 9.60 0.43784972976350589 1.7255309617875695E-002
0.50 2.00 10.00 0.43627724152497888 1.7223148040507823E-002
0.50 2.00 10.40 0.43131124679325400 1.7277726250426818E-002
0.50 2.00 10.80 0.43193612215430688 1.7187264771805742E-002
0.50 2.00 11.20 0.43175023817874758 1.7325289808916101E-002
0.50 2.00 11.60 0.43019612043547423 1.7206009451386544E-002
0.50 2.00 12.00 0.42630815988321913 1.7299465569041213E-002

0.50 2.20 0.00 0.38196578932929265 1.7963808888694470E-002
0.50 2.20 0.40 0.51802379307025848 1.6214004669200009E-002
0.50 2.20 0.80 0.51912759344709314 1.6173997051292306E-002
0.50 2.20 1.20 0.52014606494331195 1.6146892174852809E-002
0.50 2.20 1.60 0.51775966606568158 1.6090909081462896E-002
0.50 2.20 2.00 0.51935028956914997 1.6268334158942382E-002
0.50 2.20 2.40 0.51396040376663554 1.6319410898967664E-002
0.50 2.20 2.80 0.51172964024560685 1.6279244990639794E-002
0.50 2.20 3.20 0.50690369246998990 1.6344593127566330E-002
0.50 2.20 3.60 0.50143107927848096 1.6414818891277799E-002
0.50 2.20 4.00 0.49764195529660082 1.6517554422632454E-002
0.50 2.20 4.40 0.49485758551793213 1.6497235616481722E-002
0.50 2.20 4.80 0.48697526397025931 1.6554703152265305E-002
0.50 2.20 5.20 0.48182981591854757 1.6681488621915364E-002
0.50 2.20 5.60 0.47437921727884824 1.6790868759999480E-002
0.50 2.20 6.00 0.47181171546171752 1.6664317714282922E-002
0.50 2.20 6.40 0.46647417358132615 1.6857668854626581E-002
0.50 2.20 6.80 0.46404827329431891 1.6915370811521446E-002
0.50 2.20 7.20 0.46063421151431710 1.6931097867291290E-002
0.50 2.20 7.60 0.45625252775934760 1.7054136852251583E-002
0.50 2.20 8.00 0.45117273997508550 1.7028182101438808E-002
0.50 2.20 8.40 0.44740604844505094 1.7072405367347450E-002
0.50 2.20 8.80 0.44666280638878142 1.7128200457455642E-002
0.50 2.20 9.20 0.43854242472116622 1.7185370227524862E-002
0.50 2.20 9.60 0.43885421758399745 1.7135094232797091E-002
0.50 2.20 10.00 0.43728714531646834 1.7250314145145135E-002
0.50 2.20 10.40 0.43220015094515346 1.7228506190163938E-002
0.50 2.20 10.80 0.43419371766585035 1.7263089352433515E-002
0.50 2.20 11.20 0.43326319040920253 1.7287269250011790E-002
0.50 2.20 11.60 0.42917789917499088 1.7235451127128831E-002
0.50 2.20 12.00 0.42687055667154139 1.7272192261901107E-002

0.50 2.40 0.00 0.38342092011525614 1.7784149335659308E-002
0.50 2.40 0.40 0.51629556024344425 1.6191303410240113E-002
0.50 2.40 0.80 0.51563356482621781 1.6221276732798263E-002
0.50 2.40 1.20 0.51639390524415929 1.6194534974771822E-002
0.50 2.40 1.60 0.51490269395390276 1.6246257344736979E-002
0.50 2.40 2.00 0.50900854283325558 1.6316501412180294E-002
0.50 2.40 2.40 0.50829755251932596 1.6314014454180216E-002
0.50 2.40 2.80 0.50524572096090770 1.6336164578010185E-002
0.50 2.40 3.20 0.50176592046132795 1.6406308432477749E-002
0.50 2.40 3.60 0.49544169637057511 1.6407489232846718E-002
0.50 2.40 4.00 0.49523193443147501 1.6460485126571660E-002
0.50 2.40 4.40 0.48942021838624400 1.6623991618563344E-002
0.50 2.40 4.80 0.48567368419119478 1.6637723175861183E-002
0.50 2.40 5.20 0.48031435090902014 1.6676556959174933E-002
0.50 2.40 5.60 0.47325657785659087 1.6729700883913755E-002
0.50 2.40 6.00 0.46855388023172112 1.6797520120671778E-002
0.50 2.40 6.40 0.46105920360443264 1.6910994263744480E-002
0.50 2.40 6.80 0.46491195148896597 1.6846661893741816E-002
0.50 2.40 7.20 0.45763534554884477 1.6960987028898415E-002
0.50 2.40 7.60 0.45483707874538470 1.7065549413027743E-002
0.50 2.40 8.00 0.45142329752690780 1.6947954807466938E-002
0.50 2.40 8.40 0.44583442339426815 1.7018772559795420E-002
0.50 2.40 8.80 0.44407921454976435 1.7181249590894457E-002
0.50 2.40 9.20 0.43660515374149372 1.7120346176478608E-002
0.50 2.40 9.60 0.43680005408012568 1.7183694778637171E-002
0.50 2.40 10.00 0.43771822717604525 1.7198102964635271E-002
0.50 2.40 10.40 0.43279488365301183 1.7235599424014647E-002
0.50 2.40 10.80 0.43245041869034317 1.7244730325302295E-002
0.50 2.40 11.20 0.43155955556368630 1.7265269882472956E-002
0.50 2.40 11.60 0.43199521143628711 1.7249295470664110E-002
0.50 2.40 12.00 0.42561206896273518 1.7275242428086004E-002

0.50 2.60 0.00 0.36304768186177933 1.7761670429936961E-002
0.50 2.60 0.40 0.50784426060424792 1.6281530457533541E-002
0.50 2.60 0.80 0.51268735640561736 1.6224438142396137E-002
0.50 2.60 1.20 0.50983545456851942 1.6273862258795176E-002
0.50 2.60 1.60 0.51256541600993100 1.6298972122624201E-002
0.50 2.60 2.00 0.50514675972616119 1.6317361181050871E-002
0.50 2.60 2.40 0.50345560616153295 1.6444074055788151E-002
0.50 2.60 2.80 0.49752740973084703 1.6406013248038375E-002
0.50 2.60 3.20 0.49930188651261370 1.6540620684180427E-002
0.50 2.60 3.60 0.49710365201817880 1.6572024290777247E-002
0.50 2.60 4.00 0.48808260808083614 1.6619944581038833E-002
0.50 2.60 4.40 0.48474030506964649 1.6610353044270301E-002
0.50 2.60 4.80 0.48035366903467747 1.6606522544654778E-002
0.50 2.60 5.20 0.47440701029303167 1.6815795935242021E-002
0.50 2.60 5.60 0.47634143866942502 1.6777735391216946E-002
0.50 2.60 6.00 0.47051147092940687 1.6889166962353513E-002
0.50 2.60 6.40 0.46537334065273345 1.6948577459678399E-002
0.50 2.60 6.80 0.46257758105812119 1.6900868441510238E-002
0.50 2.60 7.20 0.45375306592640613 1.6936101017605891E-002
0.50 2.60 7.60 0.45076485064365396 1.7027402479749456E-002
0.50 2.60 8.00 0.45111216639966462 1.7085311044831610E-002
0.50 2.60 8.40 0.44557184909293790 1.7137725537995412E-002
0.50 2.60 8.80 0.44548850230652109 1.7163008754518483E-002
0.50 2.60 9.20 0.44741169281105791 1.7186131688195553E-002
0.50 2.60 9.60 0.44619576827145868 1.7121071612022802E-002
0.50 2.60 10.00 0.44108292348182732 1.7150650968732219E-002
0.50 2.60 10.40 0.43052626758118262 1.7214268226453007E-002
0.50 2.60 10.80 0.43243686355223526 1.7362299114429186E-002
0.50 2.60 11.20 0.43052288249400544 1.7206569793093266E-002
0.50 2.60 11.60 0.43194749744664868 1.7230306638224190E-002
0.50 2.60 12.00 0.42792742257051203 1.7217413828719639E-002

0.50 2.80 0.00 0.36737027396819849 1.8846626789875327E-002
0.50 2.80 0.40 0.50642358097037332 1.6346687188785233E-002
0.50 2.80 0.80 0.51074200360004685 1.6245686561718892E-002
0.50 2.80 1.20 0.50634921347410533 1.6365882336963823E-002
0.50 2.80 1.60 0.50139780632057429 1.6402498095909736E-002
0.50 2.80 2.00 0.50160397696872405 1.6383746076076570E-002
0.50 2.80 2.40 0.49665176496541674 1.6437532294589420E-002
0.50 2.80 2.80 0.49454175605537032 1.6513411162686894E-002
0.50 2.80 3.20 0.49362891596412189 1.6449841928493764E-002
0.50 2.80 3.60 0.48986996444277509 1.6620518615208166E-002
0.50 2.80 4.00 Binary file (standard input) matches
0.50 2.80 4.40 0.48361303066881867 1.6677892654016025E-002
0.50 2.80 4.80 0.47657601317719001 1.6723439080634544E-002
0.50 2.80 5.20 0.47494581532528396 1.6847307500860095E-002
0.50 2.80 5.60 0.47038270887124256 1.6863451810745368E-002
0.50 2.80 6.00 0.46612190553742205 1.6899037762666543E-002
0.50 2.80 6.40 0.46091421484664979 1.6926606358829407E-002
0.50 2.80 6.80 0.46044506255884077 1.6892529476242674E-002
0.50 2.80 7.20 0.45621501295349287 1.6956633633936857E-002
0.50 2.80 7.60 0.45089129037983888 1.7035863247683181E-002
0.50 2.80 8.00 0.45176540674491694 1.7086422486210135E-002
0.50 2.80 8.40 0.44840435409313761 1.7088819185660419E-002
0.50 2.80 8.80 0.44534034180166415 1.7195393367095652E-002
0.50 2.80 9.20 0.44203006361187153 1.7183046712846751E-002
0.50 2.80 9.60 0.43988544434920634 1.7135488601283302E-002
0.50 2.80 10.00 0.43928999400602003 1.7156866702221763E-002
0.50 2.80 10.40 0.43899731771119760 1.7186854806952739E-002
0.50 2.80 10.80 0.43006641189066636 1.7246807882727130E-002
0.50 2.80 11.20 0.43201444312593706 1.7260809304129657E-002
0.50 2.80 11.60 0.42946870206331883 1.7224688514656646E-002
0.50 2.80 12.00 0.42858599312775780 1.7250992077495263E-002

0.50 3.00 0.00 0.33779712423609037 1.8095892271610667E-002
0.50 3.00 0.40 0.49779287017702256 1.6385849713330992E-002
0.50 3.00 0.80 0.50834194125480514 1.6298933144813184E-002
0.50 3.00 1.20 0.50231616444327354 1.6361145776477050E-002
0.50 3.00 1.60 0.49930086299918841 1.6433985879446208E-002
0.50 3.00 2.00 0.49609557080311395 1.6493045327613580E-002
0.50 3.00 2.40 0.49321525787799220 1.6514435195454966E-002
0.50 3.00 2.80 0.49020747292483302 1.6547156099017014E-002
0.50 3.00 3.20 0.48613245616056294 1.6626723556260756E-002
0.50 3.00 3.60 0.48413756634955574 1.6715558428311933E-002
0.50 3.00 4.00 0.48297438318639196 1.6669135060783349E-002
0.50 3.00 4.40 0.47912209137805417 1.6803031682963265E-002
0.50 3.00 4.80 0.47514658324853809 1.6815075952074768E-002
0.50 3.00 5.20 0.47008381154036688 1.6819230608612269E-002
0.50 3.00 5.60 0.46961893560990858 1.6797504442885899E-002
0.50 3.00 6.00 0.46616447395017646 1.6849199115663467E-002
0.50 3.00 6.40 0.46258872806061246 1.6991658968746090E-002
0.50 3.00 6.80 0.46228673224202266 1.6950948973621115E-002
0.50 3.00 7.20 0.45627456077025075 1.7067944881224185E-002
0.50 3.00 7.60 0.44774818543442835 1.7090466723869265E-002
0.50 3.00 8.00 0.45195487416693308 1.7035767360320080E-002
0.50 3.00 8.40 0.44270503580777543 1.7026171824861474E-002
0.50 3.00 8.80 0.44422938614139384 1.7186611855843532E-002
0.50 3.00 9.20 0.44278100327769032 1.7115468862134560E-002
0.50 3.00 9.60 0.44073694823333354 1.7243813554163632E-002
0.50 3.00 10.00 0.43432774878815045 1.7200878357695178E-002
0.50 3.00 10.40 0.43327848545494813 1.7288035396260650E-002
0.50 3.00 10.80 0.42803775028891539 1.7333768657151947E-002
0.50 3.00 11.20 0.42798015370806064 1.7255840447998869E-002
0.50 3.00 11.60 0.43140164730053876 1.7342760428383942E-002
0.50 3.00 12.00 0.42539127879017558 1.7262457087704138E-002

0.50 3.20 0.00 0.33385787622849966 1.6899060083056795E-002
0.50 3.20 0.40 0.49873908275619722 1.6510363983318541E-002
0.50 3.20 0.80 0.50101135330261826 1.6390070461465574E-002
0.50 3.20 1.20 0.49895618202815950 1.6398073899241177E-002
0.50 3.20 1.60 0.49375870541773903 1.6399919074500113E-002
0.50 3.20 2.00 0.49385330408412081 1.6549160624340743E-002
0.50 3.20 2.40 0.48661398410472295 1.6572961418121260E-002
0.50 3.20 2.80 0.48260596806758987 1.6665037471394500E-002
0.50 3.20 3.20 0.48029638903516902 1.6650694713407868E-002
0.50 3.20 3.60 0.48087426502354064 1.6663179768247615E-002
0.50 3.20 4.00 0.47865923053942872 1.6733432369185779E-002
0.50 3.20 4.40 0.47501893649432619 1.6680465102636297E-002
0.50 3.20 4.80 0.46991364811137465 1.6890269344760157E-002
0.50 3.20 5.20 0.46864581343283884 1.6821960312407416E-002
0.50 3.20 5.60 0.46356169632930333 1.6897913086689375E-002
0.50 3.20 6.00 0.46271380400159029 1.6891867649077078E-002
0.50 3.20 6.40 0.46016430676627484 1.6982556852198932E-002
0.50 3.20 6.80 0.45736200290477302 1.6968284175600996E-002
0.50 3.20 7.20 0.45326987017177184 1.7092755679074884E-002
0.50 3.20 7.60 0.44950653576507882 1.7025581401982338E-002
0.50 3.20 8.00 0.44828473735786839 1.7045858605477162E-002
0.50 3.20 8.40 0.44549778381155125 1.7017117513993051E-002
0.50 3.20 8.80 0.44088554005793812 1.7151896364982669E-002
0.50 3.20 9.20 0.44031026048025373 1.7208537191670373E-002
0.50 3.20 9.60 0.43911998376671280 1.7223882634822111E-002
0.50 3.20 10.00 0.43156825112841757 1.7241413273962614E-002
0.50 3.20 10.40 0.43545651310730260 1.7286563390461883E-002
0.50 3.20 10.80 0.43124381978202059 1.7261863460904081E-002
0.50 3.20 11.20 0.42851012325930704 1.7276068037019532E-002
0.50 3.20 11.60 0.42985692925368157 1.7290702720128646E-002
0.50 3.20 12.00 0.42735310728534015 1.7265929297528120E-002

0.50 3.40 0.00 0.30728781575726971 1.8145798096476911E-002
0.50 3.40 0.40 0.49168044022746910 1.6529729243302867E-002
0.50 3.40 0.80 0.49853914816846007 1.6397742854073697E-002
0.50 3.40 1.20 0.49632168261846843 1.6578716629983385E-002
0.50 3.40 1.60 0.48943608890113505 1.6577102087175118E-002
0.50 3.40 2.00 0.48603655601278695 1.6615690104675548E-002
0.50 3.40 2.40 0.48481749237411842 1.6611248666587263E-002
0.50 3.40 2.80 0.48003912871867316 1.6704426753249117E-002
0.50 3.40 3.20 0.47684251676706618 1.6757633028150073E-002
0.50 3.40 3.60 0.47448359874460966 1.6807031238671114E-002
0.50 3.40 4.00 0.47283771112872025 1.6749627706064620E-002
0.50 3.40 4.40 0.47088601984070833 1.6843670439544337E-002
0.50 3.40 4.80 0.46971622793100459 1.6829487388184024E-002
0.50 3.40 5.20 0.46683927241944662 1.6900318172463420E-002
0.50 3.40 5.60 0.46044037528781107 1.6937949296083697E-002
0.50 3.40 6.00 0.46274389353472961 1.6940168899735524E-002
0.50 3.40 6.40 0.45421573626467726 1.6938321449829583E-002
0.50 3.40 6.80 0.45250915025273758 1.6931045605726409E-002
0.50 3.40 7.20 0.45123148752074071 1.7127871175195718E-002
0.50 3.40 7.60 0.44704536929991934 1.7012447932204317E-002
0.50 3.40 8.00 0.44609036190791623 1.7075626483787004E-002
0.50 3.40 8.40 0.44510113682643115 1.7146449287644451E-002
0.50 3.40 8.80 0.44071788332660783 1.7141660251630806E-002
0.50 3.40 9.20 0.43931115160442857 1.7179817955518536E-002
0.50 3.40 9.60 0.43368647888402556 1.7200248741820828E-002
0.50 3.40 10.00 0.43087030319303976 1.7287871735328118E-002
0.50 3.40 10.40 0.43039092407081653 1.7226665304398554E-002
0.50 3.40 10.80 0.43002020596635460 1.7336118959887993E-002
0.50 3.40 11.20 0.43242718537995328 1.7300238344755817E-002
0.50 3.40 11.60 0.42826708641035749 1.7338056480771021E-002
0.50 3.40 12.00 0.42622000944415978 1.7345585308308025E-002

0.50 3.60 0.00 0.30698497290375049 1.6832752997678044E-002
0.50 3.60 0.40 0.48847328217179653 1.6573940460209134E-002
0.50 3.60 0.80 0.49252290064617571 1.6520819450376083E-002
0.50 3.60 1.20 0.49429777523206209 1.6499442377381282E-002
0.50 3.60 1.60 0.48852084669148582 1.6558913907223534E-002
0.50 3.60 2.00 0.48482061127304110 1.6608398701208581E-002
0.50 3.60 2.40 0.47526347324171575 1.6685405456743373E-002
0.50 3.60 2.80 0.47555044936026841 1.6734716758006037E-002
0.50 3.60 3.20 0.47325691490285415 1.6755698059151673E-002
0.50 3.60 3.60 0.46875653815693841 1.6830919044302922E-002
0.50 3.60 4.00 0.46853764770127143 1.6752848108648560E-002
0.50 3.60 4.40 0.46463536698355484 1.6889039680169363E-002
0.50 3.60 4.80 0.46469336302202702 1.6900420264341107E-002
0.50 3.60 5.20 0.46335394307837408 1.6865004363652153E-002
0.50 3.60 5.60 0.45627850040347900 1.6850307843431379E-002
0.50 3.60 6.00 0.45714507699582246 1.7056815822062199E-002
0.50 3.60 6.40 0.45635865634997874 1.6957843253346417E-002
0.50 3.60 6.80 0.45500688809707707 1.7070932957219283E-002
0.50 3.60 7.20 0.45011321461379250 1.7145883977150032E-002
0.50 3.60 7.60 0.44798299085459015 1.7104711591253690E-002
0.50 3.60 8.00 0.44826008977225323 1.7111397238828638E-002
0.50 3.60 8.40 0.44216516694790836 1.7126139333703935E-002
0.50 3.60 8.80 0.44448268736437752 1.7169638526161862E-002
0.50 3.60 9.20 0.44294026892183086 1.7169680489151622E-002
0.50 3.60 9.60 0.43710757385974963 1.7104657276589264E-002
0.50 3.60 10.00 0.43818580605524665 1.7187432251401923E-002
0.50 3.60 10.40 0.43214941789780215 1.7296358259539457E-002
0.50 3.60 10.80 0.43450688592247377 1.7230433728815407E-002
0.50 3.60 11.20 0.43185522717249619 1.7289340860997444E-002
0.50 3.60 11.60 0.42945521202874903 1.7341771713619922E-002
0.50 3.60 12.00 0.43160433090326639 1.7302865014529566E-002

0.50 3.80 0.00 0.32992637488784193 1.7097659798385140E-002
0.50 3.80 0.40 0.48551015306197892 1.6618695921544534E-002
0.50 3.80 0.80 0.49143207657407428 1.6543045212583967E-002
0.50 3.80 1.20 0.48689543204695462 1.6675382336454447E-002
0.50 3.80 1.60 0.48256327928681308 1.6654508686834872E-002
0.50 3.80 2.00 0.47928693099485919 1.6748851157029520E-002
0.50 3.80 2.40 0.47464056412687378 1.6795410081115847E-002
0.50 3.80 2.80 0.47259270439842860 1.6780525200053343E-002
0.50 3.80 3.20 0.46867512594068472 1.6917382697896343E-002
0.50 3.80 3.60 0.46801002826659427 1.6859581644413115E-002
0.50 3.80 4.00 0.46378017835808472 1.6855369643040442E-002
0.50 3.80 4.40 0.46346003147016679 1.6881471550063507E-002
0.50 3.80 4.80 0.46170479147863264 1.6996249865806702E-002
0.50 3.80 5.20 0.45984556937500959 1.6935803963864335E-002
0.50 3.80 5.60 0.45942607901217797 1.6968574951978014E-002
0.50 3.80 6.00 0.45611014587327281 1.7043943315829646E-002
0.50 3.80 6.40 0.45154553179926732 1.7015763658848715E-002
0.50 3.80 6.80 0.45274776164126723 1.7027348375748992E-002
0.50 3.80 7.20 0.44716362205214449 1.7056077129907598E-002
0.50 3.80 7.60 0.44400492650009360 1.7061006884917840E-002
0.50 3.80 8.00 0.44232239832465770 1.7109548264037683E-002
0.50 3.80 8.40 0.44202605805537887 1.7077283802114453E-002
0.50 3.80 8.80 0.43718472239158618 1.7094875306039942E-002
0.50 3.80 9.20 0.43990140378610898 1.7187124820584609E-002
0.50 3.80 9.60 0.43311633924399784 1.7197440646588024E-002
0.50 3.80 10.00 0.42948249526557103 1.7342177365101547E-002
0.50 3.80 10.40 0.43521168983301911 1.7238768258865510E-002
0.50 3.80 10.80 0.43032141438932142 1.7213177463913470E-002
0.50 3.80 11.20 0.43264820894283346 1.7248279174022024E-002
0.50 3.80 11.60 0.42805526333249933 1.7254165933028035E-002
0.50 3.80 12.00 0.42517892820171960 1.7358989839287287E-002

0.50 4.00 0.00 0.29370783015604657 1.8008863212939166E-002
0.50 4.00 0.40 0.48361550225367089 1.6604565163939138E-002
0.50 4.00 0.80 0.48920109554844393 1.6497226678695340E-002
0.50 4.00 1.20 0.48384288384496221 1.6551736323957171E-002
0.50 4.00 1.60 0.48065407999256138 1.6712970195832205E-002
0.50 4.00 2.00 0.47621743198686051 1.6757317119299966E-002
0.50 4.00 2.40 0.47159724851913498 1.6785695805600444E-002
0.50 4.00 2.80 0.46967763137453283 1.6751863796973222E-002
0.50 4.00 3.20 0.46608397525480416 1.6853163366698648E-002
0.50 4.00 3.60 0.46334478311527916 1.6881015144102816E-002
0.50 4.00 4.00 0.45805277227017538 1.6917300955947696E-002
0.50 4.00 4.40 0.45549268858835673 1.6860756541908068E-002
0.50 4.00 4.80 0.45863043267771381 1.6954855132449206E-002
0.50 4.00 5.20 0.45722103445899070 1.7049690924367575E-002
0.50 4.00 5.60 0.45236940931080527 1.7046317031337823E-002
0.50 4.00 6.00 0.45397870589170075 1.7001400029858890E-002
0.50 4.00 6.40 0.45096085683751974 1.7075836297169356E-002
0.50 4.00 6.80 0.44875887008667031 1.7125751045563315E-002
0.50 4.00 7.20 0.44557315038606504 1.7174685978878473E-002
0.50 4.00 7.60 0.44741647520618943 1.7120621827378144E-002
0.50 4.00 8.00 0.44185747961271549 1.7178174730574008E-002
0.50 4.00 8.40 0.44054476307239127 1.7157709364715678E-002
0.50 4.00 8.80 0.43676513744296896 1.7201449052237045E-002
0.50 4.00 9.20 0.44120611847547142 1.7228920886760497E-002
0.50 4.00 9.60 0.43491063402418562 1.7216522411291926E-002
0.50 4.00 10.00 0.43303450881226474 1.7214668347496298E-002
0.50 4.00 10.40 0.43156086797744742 1.7316709259249708E-002
0.50 4.00 10.80 0.43026498724835732 1.7276457237952559E-002
0.50 4.00 11.20 0.42867039085394404 1.7325086603307935E-002
0.50 4.00 11.60 0.42813002500916858 1.7266061519928062E-002
0.50 4.00 12.00 0.42740638724339003 1.7349702101928328E-002

0.50 4.20 0.00 0.26248789795119831 1.6367753227002093E-002
0.50 4.20 0.40 0.47941771083154550 1.6686756875504544E-002
0.50 4.20 0.80 0.48778796661660440 1.6601980714583117E-002
0.50 4.20 1.20 0.48294114373009023 1.6637039657485614E-002
0.50 4.20 1.60 0.47544211391327185 1.6730305543298456E-002
0.50 4.20 2.00 0.47496122286595410 1.6741144798948029E-002
0.50 4.20 2.40 0.47057102068184919 1.6818148777201062E-002
0.50 4.20 2.80 0.46692399844842863 1.6891095198817790E-002
0.50 4.20 3.20 0.46470197706400607 1.6895926858293813E-002
0.50 4.20 3.60 0.46081163718563295 1.6948302151633728E-002
0.50 4.20 4.00 0.45632929658676435 1.7000893297950799E-002
0.50 4.20 4.40 0.45307147687221933 1.6963698474180638E-002
0.50 4.20 4.80 0.45748464375961240 1.7038133097481277E-002
0.50 4.20 5.20 0.45384389209245335 1.7061498554234545E-002
0.50 4.20 5.60 0.44889469101115675 1.7064621105866224E-002
0.50 4.20 6.00 0.44899796502328904 1.7077509244208939E-002
0.50 4.20 6.40 0.44911925802011360 1.7096927728005230E-002
0.50 4.20 6.80 0.44810488719137964 1.7124855145943259E-002
0.50 4.20 7.20 0.44401862084084814 1.7071445281361335E-002
0.50 4.20 7.60 0.44388076566252649 1.7071486588450223E-002
0.50 4.20 8.00 0.44326455986741686 1.7229945292791822E-002
0.50 4.20 8.40 0.44256516496051673 1.7232950616686726E-002
0.50 4.20 8.80 0.43837409215355139 1.7180405936659995E-002
0.50 4.20 9.20 0.43661386136048297 1.7219355464233067E-002
0.50 4.20 9.60 0.43373745774517147 1.7162994788791408E-002
0.50 4.20 10.00 0.43003445542061075 1.7207970286196618E-002
0.50 4.20 10.40 0.43214405715210508 1.7258258545770691E-002
0.50 4.20 10.80 0.43281289851848309 1.7247793543352562E-002
0.50 4.20 11.20 0.42849267993469259 1.7250116922173094E-002
0.50 4.20 11.60 0.42973573320672698 1.7266898050561676E-002
0.50 4.20 12.00 Binary file (standard input) matches

0.50 4.40 0.00 0.28013577889066016 1.6409412639482656E-002
0.50 4.40 0.40 0.47709720903643482 1.6778734038119518E-002
0.50 4.40 0.80 0.48292068748245909 1.6594701064462813E-002
0.50 4.40 1.20 0.47891482130989871 1.6725596088542374E-002
0.50 4.40 1.60 0.47884712621982500 1.6817156936878460E-002
0.50 4.40 2.00 0.46661100777916775 1.6738824593005162E-002
0.50 4.40 2.40 0.46444999096093564 1.6880208328334312E-002
0.50 4.40 2.80 0.46236883747073615 1.6854586826147093E-002
0.50 4.40 3.20 0.45922404726504906 1.6975315029185561E-002
0.50 4.40 3.60 0.45648398390325973 1.6921715791786272E-002
0.50 4.40 4.00 0.45636992921919911 1.7057352809193082E-002
0.50 4.40 4.40 0.45304542206135323 1.6959567865891027E-002
0.50 4.40 4.80 0.45306796680662276 1.7045511587776334E-002
0.50 4.40 5.20 0.44984951141035945 1.7025435991652266E-002
0.50 4.40 5.60 0.44985957619932543 1.7081653831333591E-002
0.50 4.40 6.00 0.45054587304098359 1.7139316094982662E-002
0.50 4.40 6.40 0.44691376657308524 1.7125320331807071E-002
0.50 4.40 6.80 0.44231321947034496 1.7093565414691883E-002
0.50 4.40 7.20 0.44643793856753600 1.7183650294424483E-002
0.50 4.40 7.60 0.44055569794165111 1.7166505712122589E-002
0.50 4.40 8.00 0.43790857296044239 1.7168839806964962E-002
0.50 4.40 8.40 0.43797517367037048 1.7139091606204280E-002
0.50 4.40 8.80 0.43616017437838206 1.7201000154871141E-002
0.50 4.40 9.20 0.43450594228884415 1.7254373204606991E-002
0.50 4.40 9.60 0.43233333270002411 1.7199696059873069E-002
0.50 4.40 10.00 0.43253192980450461 1.7247996868584838E-002
0.50 4.40 10.40 0.43102881793924486 1.7197801148803513E-002
0.50 4.40 10.80 0.42783415809096076 1.7257108401019471E-002
0.50 4.40 11.20 0.43015692485313928 1.7298778411374994E-002
0.50 4.40 11.60 0.42859064375203604 1.7256119622636096E-002
0.50 4.40 12.00 0.42555563935957635 1.7334975349570961E-002

0.50 4.60 0.00 0.31935709465227713 1.7924853456748852E-002
0.50 4.60 0.40 0.47497847152992961 1.6685169716385503E-002
0.50 4.60 0.80 0.48097302484344179 1.6655663038850840E-002
0.50 4.60 1.20 0.47842119741367484 1.6669565568978768E-002
0.50 4.60 1.60 0.47273192041869283 1.6794693701251917E-002
0.50 4.60 2.00 0.46650568389264951 1.6857627107003139E-002
0.50 4.60 2.40 0.46451460564886393 1.6833374014695777E-002
0.50 4.60 2.80 0.45815447357613692 1.6931830646800313E-002
0.50 4.60 3.20 0.45245574278008432 1.7021759930022771E-002
0.50 4.60 3.60 0.45483021990021821 1.7094807623070651E-002
0.50 4.60 4.00 0.45511524475862375 1.7069756459553220E-002
0.50 4.60 4.40 0.45029322459272453 1.7005057147527470E-002
0.50 4.60 4.80 0.44924335692511719 1.7097214885962768E-002
0.50 4.60 5.20 0.44629156574761020 1.7048141541767078E-002
0.50 4.60 5.60 0.44587992741200438 1.7066967920325100E-002
0.50 4.60 6.00 0.44464960704319018 1.7122808410141084E-002
0.50 4.60 6.40 0.44232299499400191 1.7216239618693285E-002
0.50 4.60 6.80 0.44344585585955965 1.7154686886256373E-002
0.50 4.60 7.20 0.44272474172979043 1.7231602136254898E-002
0.50 4.60 7.60 0.44050989515718408 1.7170671387324171E-002
0.50 4.60 8.00 0.43793117476323917 1.7193991523887057E-002
0.50 4.60 8.40 0.43925967773210106 1.7261105865941154E-002
0.50 4.60 8.80 0.43738182166397832 1.7272058350561566E-002
0.50 4.60 9.20 0.43672362052323416 1.7248475179773102E-002
0.50 4.60 9.60 0.43335121233517720 1.7233979772811818E-002
0.50 4.60 10.00 0.42893879858126399 1.7244307231998632E-002
0.50 4.60 10.40 0.43194725657625266 1.7164999785315528E-002
0.50 4.60 10.80 0.42667705737014494 1.7291543043008503E-002
0.50 4.60 11.20 0.42718590574034582 1.7301847305221434E-002
0.50 4.60 11.60 0.42227045904803207 1.7343259183629889E-002
0.50 4.60 12.00 0.42399856428801075 1.7354082521049544E-002

0.50 4.80 0.00 0.29133040088447665 1.7634141870250686E-002
0.50 4.80 0.40 0.47035497637621299 1.6744020588266583E-002
0.50 4.80 0.80 0.47852343487721311 1.6688098397314301E-002
0.50 4.80 1.20 0.47433016610053935 1.6761792966108982E-002
0.50 4.80 1.60 0.47001918625848205 1.6772484460455966E-002
0.50 4.80 2.00 0.46297504716686982 1.6900476550371895E-002
0.50 4.80 2.40 0.45938194244235397 1.6999924622787627E-002
0.50 4.80 2.80 0.45398044074036925 1.7002205470173521E-002
0.50 4.80 3.20 0.45507983749868031 1.6947745326705517E-002
0.50 4.80 3.60 0.45602095665234377 1.7002773687317771E-002
0.50 4.80 4.00 0.45337401970671021 1.7051083763493322E-002
0.50 4.80 4.40 0.44644456332449367 1.7077625456152302E-002
0.50 4.80 4.80 0.44598829814850338 1.7068019983605125E-002
0.50 4.80 5.20 0.44521830714669292 1.7217098657366529E-002
0.50 4.80 5.60 0.44338195251017282 1.7117843293527595E-002
0.50 4.80 6.00 0.44385484583666052 1.7210522362426872E-002
0.50 4.80 6.40 0.44469961942295555 1.7142693811620265E-002
0.50 4.80 6.80 0.44288518829837420 1.7223104921416970E-002
0.50 4.80 7.20 0.43960971777868324 1.7286022025373431E-002
0.50 4.80 7.60 0.43899886961366963 1.7240982518361807E-002
0.50 4.80 8.00 0.43722344106438860 1.7092759328804306E-002
0.50 4.80 8.40 0.43668696473099333 1.7240876756899795E-002
0.50 4.80 8.80 0.43426573956160175 1.7172284904741691E-002
0.50 4.80 9.20 0.43670286319916907 1.7281929547732566E-002
0.50 4.80 9.60 0.43117562509852203 1.7264708064963965E-002
0.50 4.80 10.00 0.43283808853250660 1.7218316340697114E-002
0.50 4.80 10.40 0.43132561953467208 1.7326862928693988E-002
0.50 4.80 10.80 0.42886230617477272 1.7285072655306741E-002
0.50 4.80 11.20 0.42444262792129062 1.7342398255950433E-002
0.50 4.80 11.60 0.42598218623910755 1.7343244788874741E-002
0.50 4.80 12.00 0.42251220385948118 1.7386313276694074E-002

0.50 5.00 0.00 0.23975053723768194 1.5533099816704374E-002
0.50 5.00 0.40 0.47060686597913309 1.6794970089583281E-002
0.50 5.00 0.80 0.47748453693489284 1.6683576424783964E-002
0.50 5.00 1.20 0.47312016240038524 1.6816434867333863E-002
0.50 5.00 1.60 0.46720992290730035 1.6865831539566518E-002
0.50 5.00 2.00 0.46349355871104025 1.6918162207130723E-002
0.50 5.00 2.40 0.45797488370396389 1.6901260585750807E-002
0.50 5.00 2.80 0.45498783203951787 1.7042246024384131E-002
0.50 5.00 3.20 0.45285001160191990 1.6978170223296059E-002
0.50 5.00 3.60 0.45183150266091604 1.7093292113245420E-002
0.50 5.00 4.00 0.44736216879262169 1.7157773099092461E-002
0.50 5.00 4.40 0.44564131223144077 1.7108591506125512E-002
0.50 5.00 4.80 0.44338621118602567 1.7043407255572393E-002
0.50 5.00 5.20 0.44178971986713600 1.7192747643012887E-002
0.50 5.00 5.60 0.44322474690199182 1.7183507125628345E-002
0.50 5.00 6.00 0.44117823838352183 1.7147910443625694E-002
0.50 5.00 6.40 0.44003947853157077 1.7143259306772986E-002
0.50 5.00 6.80 0.43954758708826291 1.7182808514109874E-002
0.50 5.00 7.20 0.43854936469386308 1.7242670844396773E-002
0.50 5.00 7.60 0.43507040786910772 1.7145602234190361E-002
0.50 5.00 8.00 0.43823257335941612 1.7152718100102698E-002
0.50 5.00 8.40 0.43285553600492488 1.7309081980640295E-002
0.50 5.00 8.80 0.43157517275528373 1.7192621251947534E-002
0.50 5.00 9.20 0.43331241669794995 1.7271072181303360E-002
0.50 5.00 9.60 0.43312748622717068 1.7265431251223928E-002
0.50 5.00 10.00 0.42974163585162445 1.7255177659502786E-002
0.50 5.00 10.40 0.43063604043565212 1.7286260352847499E-002
0.50 5.00 10.80 0.42541032660652495 1.7249581393293106E-002
0.50 5.00 11.20 0.42878216624365467 1.7297119531122843E-002
0.50 5.00 11.60 0.42408871357656752 1.7389767259106036E-002
0.50 5.00 12.00 0.42348349279282232 1.7399444205556863E-002

0.50 5.20 0.00 0.23815306950103179 1.5939029336154233E-002
0.50 5.20 0.40 0.46718577941493261 1.6835346113693851E-002
0.50 5.20 0.80 0.47192125246069266 1.6753279428861026E-002
0.50 5.20 1.20 0.47023450215898688 1.6867611169591949E-002
0.50 5.20 1.60 0.46882725453365248 1.6910115411452712E-002
0.50 5.20 2.00 0.46007980900373741 1.6940065731061008E-002
0.50 5.20 2.40 0.45610322457421104 1.7042646656481131E-002
0.50 5.20 2.80 0.45028776935513709 1.7119687233647918E-002
0.50 5.20 3.20 0.45284486332726470 1.6997067602762650E-002
0.50 5.20 3.60 0.44897324688837481 1.7125812813758533E-002
0.50 5.20 4.00 0.44388441849037585 1.7118223171868268E-002
0.50 5.20 4.40 0.44546207011522920 1.7088925093950488E-002
0.50 5.20 4.80 0.44194265384585235 1.7114444534024630E-002
0.50 5.20 5.20 0.44174674054481777 1.7254086325744277E-002
0.50 5.20 5.60 0.43934125113696731 1.7255690707437092E-002
0.50 5.20 6.00 0.44093559306152130 1.7106827626675154E-002
0.50 5.20 6.40 0.44117744443104617 1.7260065234824661E-002
0.50 5.20 6.80 0.43906821412847552 1.7125923378845699E-002
0.50 5.20 7.20 0.43524141064757921 1.7126646924476699E-002
0.50 5.20 7.60 0.43610869122715840 1.7214039875077605E-002
0.50 5.20 8.00 0.43544839351786757 1.7225029900374299E-002
0.50 5.20 8.40 0.43442237539381345 1.7269982152771913E-002
0.50 5.20 8.80 0.43018177714755046 1.7200514315271358E-002
0.50 5.20 9.20 0.43365743670570928 1.7263813679276208E-002
0.50 5.20 9.60 0.42992231081940002 1.7248626844299710E-002
0.50 5.20 10.00 0.43227107923011604 1.7278173395411364E-002
0.50 5.20 10.40 0.42912768762684400 1.7249986289446042E-002
0.50 5.20 10.80 0.42625275437087540 1.7322469489856648E-002
0.50 5.20 11.20 0.42383858971416544 1.7318973220245400E-002
0.50 5.20 11.60 0.42797717624280318 1.7458315565854077E-002
0.50 5.20 12.00 0.42438950372802103 1.7343667488439244E-002

0.50 5.40 0.00 0.26086816659187173 1.7621493743649814E-002
0.50 5.40 0.40 0.46402020061616511 1.6876085359870629E-002
0.50 5.40 0.80 0.46951172674250075 1.6863555655007790E-002
0.50 5.40 1.20 0.46765025281854145 1.6892051885781360E-002
0.50 5.40 1.60 0.46329484687541245 1.6912475004265997E-002
0.50 5.40 2.00 0.46088772551194268 1.6925632563917846E-002
0.50 5.40 2.40 0.45515954991075092 1.7053983437412212E-002
0.50 5.40 2.80 0.45155521650448927 1.7028266292634830E-002
0.50 5.40 3.20 0.44862094688826842 1.7150222950934914E-002
0.50 5.40 3.60 0.44279873073795811 1.7136302485527524E-002
0.50 5.40 4.00 0.44560145865755540 1.7120349766050515E-002
0.50 5.40 4.40 0.44383752568763307 1.7173237680654201E-002
0.50 5.40 4.80 0.44057011971639487 1.7224416611840383E-002
0.50 5.40 5.20 0.43981040974733904 1.7183919298218359E-002
0.50 5.40 5.60 0.43787610366429996 1.7212473163812480E-002
0.50 5.40 6.00 0.43543141601823948 1.7142230588081394E-002
0.50 5.40 6.40 0.43817994884313843 1.7219939705484986E-002
0.50 5.40 6.80 0.43374726992459289 1.7309104686367590E-002
0.50 5.40 7.20 0.43445425484558992 1.7279755456778081E-002
0.50 5.40 7.60 0.43472067149268157 1.7255472641408871E-002
0.50 5.40 8.00 0.43013693131844810 1.7255142842840770E-002
0.50 5.40 8.40 0.43327649011912273 1.7298814837713651E-002
0.50 5.40 8.80 0.43250771137221722 1.7302725835883482E-002
0.50 5.40 9.20 0.43101430103135208 1.7304209950584015E-002
0.50 5.40 9.60 0.43081469146510276 1.7323817972232685E-002
0.50 5.40 10.00 0.42752885930506179 1.7173486497595487E-002
0.50 5.40 10.40 0.42712125993892525 1.7291782713195238E-002
0.50 5.40 10.80 0.42547689382312132 1.7425084024789005E-002
0.50 5.40 11.20 0.42421984648039246 1.7240009163127713E-002
0.50 5.40 11.60 0.42281406359032214 1.7379278607821801E-002
0.50 5.40 12.00 0.42456268777220352 1.7343601596606847E-002

0.50 5.60 0.00 0.25050796060446595 1.6418329551163346E-002
0.50 5.60 0.40 0.46131641194786460 1.6859899662481435E-002
0.50 5.60 0.80 0.47101456302631728 1.6797007952549205E-002
0.50 5.60 1.20 0.46560948850030498 1.6855589840932019E-002
0.50 5.60 1.60 0.46606199495363454 1.6913003007451282E-002
0.50 5.60 2.00 0.45821305145379043 1.6985186981268479E-002
0.50 5.60 2.40 0.45336805826072996 1.7028570691924427E-002
0.50 5.60 2.80 0.44929150029605214 1.7138190274076214E-002
0.50 5.60 3.20 0.44515117976547680 1.7134646229299343E-002
0.50 5.60 3.60 0.44633733965132000 1.7220572403090786E-002
0.50 5.60 4.00 0.44248534684438318 1.7201809451472389E-002
0.50 5.60 4.40 0.44321296435801533 1.7166539868105152E-002
0.50 5.60 4.80 0.43847261433529089 1.7284223150885590E-002
0.50 5.60 5.20 0.43905138881262379 1.7209388088728520E-002
0.50 5.60 5.60 0.43766195170487265 1.7278908594342491E-002
0.50 5.60 6.00 0.43799348004881794 1.7229131914673630E-002
0.50 5.60 6.40 0.43726385886006575 1.7234654244853313E-002
0.50 5.60 6.80 0.43709164507879877 1.7218835615579811E-002
0.50 5.60 7.20 0.43759570822135219 1.7125854633508224E-002
0.50 5.60 7.60 0.43142582118986467 1.7276246820615231E-002
0.50 5.60 8.00 0.43274672135334152 1.7289665991196218E-002
0.50 5.60 8.40 0.42930864904816624 1.7329714675168577E-002
0.50 5.60 8.80 0.42821319983402945 1.7287260085610854E-002
0.50 5.60 9.20 0.42810524203052464 1.7303822712943458E-002
0.50 5.60 9.60 0.42789948442945719 1.7269693223665911E-002
0.50 5.60 10.00 0.42671871003676809 1.7299625547802018E-002
0.50 5.60 10.40 0.42624032587686511 1.7321685283931174E-002
0.50 5.60 10.80 0.42523619930265266 1.7300047079093973E-002
0.50 5.60 11.20 0.42436844053590661 1.7307291281050713E-002
0.50 5.60 11.60 0.42429470202681563 1.7362628949313137E-002
0.50 5.60 12.00 0.42397012318566041 1.7383598230783111E-002

0.50 5.80 0.00 0.22441531150466743 1.5073710006912272E-002
0.50 5.80 0.40 0.45862821580588597 1.6919161339139923E-002
0.50 5.80 0.80 0.47030208224899034 1.6856078602696757E-002
0.50 5.80 1.20 0.46362758927485581 1.6858864843720980E-002
0.50 5.80 1.60 0.46095809323662440 1.6881795620219305E-002
0.50 5.80 2.00 0.45272374829502676 1.7059790686387601E-002
0.50 5.80 2.40 0.45109456591633246 1.7104909419912072E-002
0.50 5.80 2.80 0.44380375118041993 1.7083889806294082E-002
0.50 5.80 3.20 0.44330405616606627 1.7155995634310299E-002
0.50 5.80 3.60 0.44414195003415796 1.7162616727380915E-002
0.50 5.80 4.00 0.43981767583003889 1.7219770437159280E-002
0.50 5.80 4.40 0.43694146863515992 1.7260878411206576E-002
0.50 5.80 4.80 0.43963841382820235 1.7203028373259325E-002
0.50 5.80 5.20 0.43545217128132319 1.7232290351674780E-002
0.50 5.80 5.60 0.43401570638100689 1.7255415069566075E-002
0.50 5.80 6.00 0.43683525153081992 1.7195904895235502E-002
0.50 5.80 6.40 0.43739522896479699 1.7276734436014230E-002
0.50 5.80 6.80 0.43443153160961323 1.7173265894489212E-002
0.50 5.80 7.20 0.43127729819326677 1.7292542000256494E-002
0.50 5.80 7.60 0.43136381603350643 1.7308848757020712E-002
0.50 5.80 8.00 0.43304845040492729 1.7259040753594541E-002
0.50 5.80 8.40 0.42922552597339225 1.7299557083291547E-002
0.50 5.80 8.80 0.43022042074238642 1.7256323398696056E-002
0.50 5.80 9.20 0.42982726263047805 1.7273600022629444E-002
0.50 5.80 9.60 0.43006127183803233 1.7311766570526653E-002
0.50 5.80 10.00 0.42750971254380338 1.7379224335067372E-002
0.50 5.80 10.40 0.42582269421777880 1.7311032072671942E-002
0.50 5.80 10.80 Binary file (standard input) matches
0.50 5.80 11.20 0.42561171311599466 1.7266061065827055E-002
0.50 5.80 11.60 0.42142087353719598 1.7370151954057989E-002
0.50 5.80 12.00 0.42362529045411235 1.7303120376502723E-002

0.50 6.00 0.00 0.19876022979798313 1.4290560583007627E-002
0.50 6.00 0.40 0.45948928126073596 1.6972807909821183E-002
0.50 6.00 0.80 0.46802041181006115 1.6908649222994145E-002
0.50 6.00 1.20 0.46426559154625890 1.6834973258943762E-002
0.50 6.00 1.60 0.46139636530906236 1.6961523548000099E-002
0.50 6.00 2.00 0.45508263402424759 1.7017892632715668E-002
0.50 6.00 2.40 0.45092745376787119 1.7202863899086422E-002
0.50 6.00 2.80 0.44803101369385240 1.7116129867714533E-002
0.50 6.00 3.20 0.44646593116456285 1.7063159368363719E-002
0.50 6.00 3.60 0.43917321410145638 1.7207253385540841E-002
0.50 6.00 4.00 0.44072514191951678 1.7227336483264209E-002
0.50 6.00 4.40 0.43912231093825804 1.7133402533375492E-002
0.50 6.00 4.80 0.43751925537962072 1.7247888687897416E-002
0.50 6.00 5.20 0.43925922422097141 1.7232550797375380E-002
0.50 6.00 5.60 0.43795348432697673 1.7336700786674722E-002
0.50 6.00 6.00 0.43185812704711363 1.7204879172253693E-002
0.50 6.00 6.40 0.43151015123892744 1.7298705508911345E-002
0.50 6.00 6.80 0.42678027920852929 1.7254534567829161E-002
0.50 6.00 7.20 0.43307703785697571 1.7273499134139000E-002
0.50 6.00 7.60 0.43129167049652334 1.7276943783103738E-002
0.50 6.00 8.00 0.43161575853399470 1.7280432438885565E-002
0.50 6.00 8.40 0.43067004727092650 1.7255922427177231E-002
0.50 6.00 8.80 0.42845507084623674 1.7320510941464300E-002
0.50 6.00 9.20 0.42645790909696862 1.7301899008357258E-002
0.50 6.00 9.60 0.42776518018876741 1.7218028123652689E-002
0.50 6.00 10.00 0.42508162448760345 1.7295359754956160E-002
0.50 6.00 10.40 0.42795178122872357 1.7308008587222905E-002
0.50 6.00 10.80 0.42385183188219189 1.7303643771225116E-002
0.50 6.00 11.20 0.42628203456084457 1.7391353608989690E-002
0.50 6.00 11.60 0.42045544521424433 1.7332259529086940E-002
0.50 6.00 12.00 0.41773790012808459 1.7423479024553854E-002

