0.50 0.00 0.00 0.44640617606220667 7.1101303991287682E-002
0.50 0.00 0.40 0.46724304893523644 6.0330822393446955E-002
0.50 0.00 0.80 0.47703275872365997 5.9499088389767592E-002
0.50 0.00 1.20 0.49460454821631650 6.0228477606518137E-002
0.50 0.00 1.60 0.48003895957151343 6.1659190702731625E-002
0.50 0.00 2.00 0.46661871046426395 6.1842357871135192E-002
0.50 0.00 2.40 0.46213857204117093 6.2424679428076980E-002
0.50 0.00 2.80 0.44899496908422332 6.2076566635173053E-002
0.50 0.00 3.20 0.44729629220428713 6.2973594114211093E-002
0.50 0.00 3.60 0.44190046479537032 6.2997454502873140E-002
0.50 0.00 4.00 0.43653497515268602 6.3470027760209768E-002
0.50 0.00 4.40 0.43182237246675365 6.3436358876313798E-002
0.50 0.00 4.80 0.42273137070333577 6.3407506227825247E-002
0.50 0.00 5.20 0.42729274133933720 6.3918107561247814E-002
0.50 0.00 5.60 0.42476295705406092 6.3219546196520857E-002
0.50 0.00 6.00 0.41817304189758520 6.3720789874798858E-002
0.50 0.00 6.40 0.41147681466624214 6.3404072898314456E-002
0.50 0.00 6.80 0.42178188037514819 6.3250667516885128E-002
0.50 0.00 7.20 0.41827253901988853 6.4354055277636421E-002
0.50 0.00 7.60 0.40590579809500998 6.3103987194045696E-002
0.50 0.00 8.00 0.41712446998329256 6.3510069495732735E-002
0.50 0.00 8.40 0.41182997840659813 6.3747338052584396E-002
0.50 0.00 8.80 0.41085847061680514 6.3062447421466578E-002
0.50 0.00 9.20 0.40699203514060517 6.3709059681484673E-002
0.50 0.00 9.60 0.41111788346834971 6.3984668073017337E-002
0.50 0.00 10.00 0.41156990253513126 6.3676336707669826E-002
0.50 0.00 10.40 0.40425738296242919 6.3819931591030180E-002
0.50 0.00 10.80 0.40663287925222386 6.4417591765072904E-002
0.50 0.00 11.20 0.40611021250479284 6.4140517066454072E-002
0.50 0.00 11.60 0.40277818956480377 6.4061332087101019E-002
0.50 0.00 12.00 0.40040014473159014 6.3963449315505655E-002

0.50 0.20 0.00 0.47522779664895970 6.5488783441356155E-002
0.50 0.20 0.40 0.49716666466342474 6.4235801727818204E-002
0.50 0.20 0.80 0.50850554937682824 6.0006194125593597E-002
0.50 0.20 1.20 0.50017659706803164 6.0242750091344964E-002
0.50 0.20 1.60 0.49941935544562943 6.0605634483507059E-002
0.50 0.20 2.00 0.48853745209411426 6.1726473417516484E-002
0.50 0.20 2.40 0.47327849521961507 6.1651492973703217E-002
0.50 0.20 2.80 0.45763049071046602 6.1311150345467545E-002
0.50 0.20 3.20 0.46001668139623020 6.1995652047825603E-002
0.50 0.20 3.60 0.45062920124411265 6.2501872137961517E-002
0.50 0.20 4.00 0.44557333220832473 6.2609853082283992E-002
0.50 0.20 4.40 0.44064303147844636 6.2515085609295057E-002
0.50 0.20 4.80 0.44158149343712755 6.2207502909336930E-002
0.50 0.20 5.20 0.44061767113891498 6.3175949604100556E-002
0.50 0.20 5.60 0.44345594225823604 6.2999496759770096E-002
0.50 0.20 6.00 0.43834909675596812 6.3679258234552075E-002
0.50 0.20 6.40 0.43111537263059169 6.3419258972654421E-002
0.50 0.20 6.80 0.43367731637414958 6.3438305995015168E-002
0.50 0.20 7.20 0.43049168578684194 6.3897088950866821E-002
0.50 0.20 7.60 0.42720485528494762 6.4172199796748305E-002
0.50 0.20 8.00 0.42795943587482260 6.3757934188658327E-002
0.50 0.20 8.40 0.41742674010206338 6.3353303746115905E-002
0.50 0.20 8.80 0.42875130102934611 6.3365435601061046E-002
0.50 0.20 9.20 0.42451607615517029 6.3661615692153534E-002
0.50 0.20 9.60 0.42471019660703302 6.4157564988025148E-002
0.50 0.20 10.00 0.41889355019152569 6.3642617585554909E-002
0.50 0.20 10.40 0.42606184725809049 6.4247063722977282E-002
0.50 0.20 10.80 0.42031908704917054 6.4476705662942918E-002
0.50 0.20 11.20 0.42048144509283414 6.4241302715184523E-002
0.50 0.20 11.60 0.42022433646471402 6.3545182682718124E-002
0.50 0.20 12.00 0.41597919538240158 6.3788787408835618E-002

0.50 0.40 0.00 0.43769539442075844 6.9067342760089939E-002
0.50 0.40 0.40 0.47280094569943654 5.8765819431998094E-002
0.50 0.40 0.80 0.50932190159560176 5.9357563765124792E-002
0.50 0.40 1.20 0.51893130587841008 5.9428270699781620E-002
0.50 0.40 1.60 0.51249780846807658 6.0704323133995708E-002
0.50 0.40 2.00 0.49825633801693686 6.0162363685682278E-002
0.50 0.40 2.40 0.48502271792511109 6.1414867045065366E-002
0.50 0.40 2.80 0.47735061999964373 6.2064485782767520E-002
0.50 0.40 3.20 0.47253344625774085 6.1901109272725227E-002
0.50 0.40 3.60 0.46558569892200896 6.2458476191840695E-002
0.50 0.40 4.00 0.46290433469330028 6.2384740192490205E-002
0.50 0.40 4.40 0.45419193346798659 6.1902924203833656E-002
0.50 0.40 4.80 0.45642609610705415 6.2984497706891199E-002
0.50 0.40 5.20 0.45504449306987349 6.2808524935526328E-002
0.50 0.40 5.60 0.44997414122837676 6.2763993540709079E-002
0.50 0.40 6.00 0.44590342968173446 6.2856593526671042E-002
0.50 0.40 6.40 0.44243346527534017 6.3646184117340077E-002
0.50 0.40 6.80 0.44240406643204411 6.3144093910696364E-002
0.50 0.40 7.20 0.44488579375069398 6.3083838188029748E-002
0.50 0.40 7.60 0.42989434660580239 6.2965297016363345E-002
0.50 0.40 8.00 0.43972426802498960 6.3191449507811526E-002
0.50 0.40 8.40 0.43304561239518674 6.3388679654626454E-002
0.50 0.40 8.80 0.43380009765451144 6.3430367859486192E-002
0.50 0.40 9.20 0.43123430605862356 6.3624426589444588E-002
0.50 0.40 9.60 0.43274022511334359 6.4224352085452033E-002
0.50 0.40 10.00 0.42692393562525333 6.3070903473506301E-002
0.50 0.40 10.40 0.42480269981066038 6.3674423466647340E-002
0.50 0.40 10.80 0.43099874518084480 6.4456686825569598E-002
0.50 0.40 11.20 0.42751407235727096 6.4287181499470714E-002
0.50 0.40 11.60 0.42058315178225075 6.3657405950663673E-002
0.50 0.40 12.00 0.42273840974972582 6.3608663749050262E-002

0.50 0.60 0.00 0.53905822988979990 5.7368440640600288E-002
0.50 0.60 0.40 0.53289606625547792 5.9962781081485360E-002
0.50 0.60 0.80 0.52354496315436250 5.9352467603182163E-002
0.50 0.60 1.20 0.51874193744317298 5.9641954305435237E-002
0.50 0.60 1.60 0.50713802655237394 6.0254271928379892E-002
0.50 0.60 2.00 0.49872295029926372 6.0503513711688835E-002
0.50 0.60 2.40 0.48896809940518954 6.1205830093841881E-002
0.50 0.60 2.80 0.48210007892571294 6.1664738865702652E-002
0.50 0.60 3.20 0.47846959712319154 6.2005125168773059E-002
0.50 0.60 3.60 0.47711062935398801 6.2428400445251025E-002
0.50 0.60 4.00 0.46737741987983955 6.2123413112529800E-002
0.50 0.60 4.40 0.46118455738266001 6.2515424814813689E-002
0.50 0.60 4.80 0.45680241449022663 6.3303513623374441E-002
0.50 0.60 5.20 0.46116852251037105 6.2835764046114573E-002
0.50 0.60 5.60 0.45584181757489317 6.2658196492181045E-002
0.50 0.60 6.00 0.45261035672066041 6.3161190223298996E-002
0.50 0.60 6.40 0.44264825259951268 6.3094241446196311E-002
0.50 0.60 6.80 0.44387717005242733 6.3090149619600841E-002
0.50 0.60 7.20 0.44326673381913501 6.3102100481233672E-002
0.50 0.60 7.60 0.44206107656473215 6.3953404776040723E-002
0.50 0.60 8.00 0.43795577521405721 6.3364056336488575E-002
0.50 0.60 8.40 0.43555910330510628 6.3689620982612882E-002
0.50 0.60 8.80 0.43994772797327714 6.4041374217064032E-002
0.50 0.60 9.20 0.43773832957607189 6.3958271547704434E-002
0.50 0.60 9.60 0.43175522128759036 6.3373781696148171E-002
0.50 0.60 10.00 0.44032940026891909 6.3816661664929372E-002
0.50 0.60 10.40 0.43435831687390813 6.3573461577828561E-002
0.50 0.60 10.80 0.42214733989174336 6.3607490911628123E-002
0.50 0.60 11.20 0.43062597310015721 6.4225265392546235E-002
0.50 0.60 11.60 0.42394190015673805 6.4089794207061013E-002
0.50 0.60 12.00 0.42829440688029319 6.4385893664500829E-002

0.50 0.80 0.00 0.37024457483558804 6.6982883620766834E-002
0.50 0.80 0.40 0.49849364652975287 6.4728527506756894E-002
0.50 0.80 0.80 0.51178833515058098 6.0693792101679231E-002
0.50 0.80 1.20 0.51194252241770999 6.0516958806011184E-002
0.50 0.80 1.60 0.50100035215256700 6.0685498999385530E-002
0.50 0.80 2.00 0.49082966909985470 6.1362078401192524E-002
0.50 0.80 2.40 0.48654139020223797 6.1176126386749623E-002
0.50 0.80 2.80 0.48433727328942366 6.1455326010363596E-002
0.50 0.80 3.20 0.47705715029275997 6.2103507975076383E-002
0.50 0.80 3.60 0.47132388045068324 6.2112044016408852E-002
0.50 0.80 4.00 0.46590723114592925 6.2590374244702152E-002
0.50 0.80 4.40 0.46749976769911106 6.2342811520974713E-002
0.50 0.80 4.80 0.46232080821959648 6.2226144819655917E-002
0.50 0.80 5.20 0.45610940822569007 6.2783008549437330E-002
0.50 0.80 5.60 0.45328283010422599 6.3214563221086817E-002
0.50 0.80 6.00 0.45308781877904875 6.3563540029195439E-002
0.50 0.80 6.40 0.45343861225529186 6.2940698997999395E-002
0.50 0.80 6.80 0.44776183106654505 6.3278598765574942E-002
0.50 0.80 7.20 0.44402290749257717 6.3363796152435328E-002
0.50 0.80 7.60 0.43937748818567002 6.3578362718779702E-002
0.50 0.80 8.00 0.44194743272229609 6.3649633890905791E-002
0.50 0.80 8.40 0.43676151001881702 6.3103577109427350E-002
0.50 0.80 8.80 0.44214794221073139 6.4085389748838789E-002
0.50 0.80 9.20 0.43621928419422568 6.3382513407892555E-002
0.50 0.80 9.60 0.43268470951502458 6.3930723693972583E-002
0.50 0.80 10.00 0.43217400183675947 6.3315335547150922E-002
0.50 0.80 10.40 0.43353498135146251 6.3822408164261366E-002
0.50 0.80 10.80 0.43193494733400301 6.3757761207515987E-002
0.50 0.80 11.20 0.43191356663551900 6.3657472714377328E-002
0.50 0.80 11.60 0.42489826988838325 6.3814419013427714E-002
0.50 0.80 12.00 0.43214138063832197 6.4318199573846435E-002

0.50 1.00 0.00 0.26994817887170469 6.6866559712294368E-002
0.50 1.00 0.40 0.43375295052928786 6.2809146908442678E-002
0.50 1.00 0.80 0.49140750744115475 6.1048339386143249E-002
0.50 1.00 1.20 0.50812391071781360 6.0490787432851301E-002
0.50 1.00 1.60 0.49266892120519606 6.0794618231304838E-002
0.50 1.00 2.00 0.48633313091045033 6.1313219841478653E-002
0.50 1.00 2.40 0.48094210557540140 6.1370013654160088E-002
0.50 1.00 2.80 0.47925440316851670 6.1870087826648698E-002
0.50 1.00 3.20 0.47313736530281431 6.1642788179913026E-002
0.50 1.00 3.60 0.46492697089739049 6.1764128735234035E-002
0.50 1.00 4.00 0.46193510286902961 6.2290208897438644E-002
0.50 1.00 4.40 0.45853876959820228 6.2776398102183828E-002
0.50 1.00 4.80 0.45533117862268019 6.2617738670671011E-002
0.50 1.00 5.20 0.45321752612767841 6.2870890025413614E-002
0.50 1.00 5.60 0.44815527159316559 6.3065338967256579E-002
0.50 1.00 6.00 0.44987521499626731 6.2978785533458120E-002
0.50 1.00 6.40 0.44863918927667507 6.3297910745207644E-002
0.50 1.00 6.80 0.44457979162535954 6.3491896507342258E-002
0.50 1.00 7.20 0.44405860972187511 6.3098309493248114E-002
0.50 1.00 7.60 0.43946909576481286 6.3362654769611254E-002
0.50 1.00 8.00 0.43494828771307459 6.3802398459422913E-002
0.50 1.00 8.40 0.43392695840084372 6.3949964337211798E-002
0.50 1.00 8.80 0.43372515813114038 6.3509083089740070E-002
0.50 1.00 9.20 0.43419581124050649 6.3426367739706335E-002
0.50 1.00 9.60 0.43580226694998070 6.3495817497150095E-002
0.50 1.00 10.00 0.43609555649827747 6.3092484970410340E-002
0.50 1.00 10.40 0.43118910203489380 6.3514354872898124E-002
0.50 1.00 10.80 0.42991334440715179 6.3999745540121236E-002
0.50 1.00 11.20 0.42344510703742849 6.4287808018201678E-002
0.50 1.00 11.60 0.42424586697232486 6.4456616778608977E-002
0.50 1.00 12.00 0.42758316151738535 6.4088138372792786E-002

0.50 1.20 0.00 0.39075696844417995 6.1679285380657631E-002
0.50 1.20 0.40 0.45429235068054519 6.1415383297141198E-002
0.50 1.20 0.80 0.48873832651257043 6.1636205303090538E-002
0.50 1.20 1.20 0.48768275334980682 6.1378121647686031E-002
0.50 1.20 1.60 0.48565065103730520 6.1122914529545047E-002
0.50 1.20 2.00 0.47741113412570746 6.2003943379771539E-002
0.50 1.20 2.40 0.47121419332524772 6.0894306590506896E-002
0.50 1.20 2.80 0.47157330416892507 6.1995320645352514E-002
0.50 1.20 3.20 0.46880542033121780 6.2287862713107385E-002
0.50 1.20 3.60 0.46248878112847491 6.2820012327925140E-002
0.50 1.20 4.00 0.45512030366705281 6.1610666207216752E-002
0.50 1.20 4.40 0.45631576451079547 6.2683926420800423E-002
0.50 1.20 4.80 0.44909119476269821 6.2631667723042544E-002
0.50 1.20 5.20 0.44901934312042491 6.3299780613865125E-002
0.50 1.20 5.60 0.44679243082760489 6.3207800484278306E-002
0.50 1.20 6.00 0.44350109237877033 6.3017606049461466E-002
0.50 1.20 6.40 0.44386093534137405 6.2860363949832798E-002
0.50 1.20 6.80 0.43618854390973150 6.3616161061153406E-002
0.50 1.20 7.20 0.43454040311358488 6.3200664672096840E-002
0.50 1.20 7.60 0.43704995122281309 6.3305139767306590E-002
0.50 1.20 8.00 0.43586815780141902 6.3610513681385566E-002
0.50 1.20 8.40 0.42981651123353670 6.3534628498795015E-002
0.50 1.20 8.80 0.42882705869018389 6.3550728600066261E-002
0.50 1.20 9.20 0.43079725190743307 6.4126807481400872E-002
0.50 1.20 9.60 0.42790747578112776 6.4048628745633329E-002
0.50 1.20 10.00 0.42826024318474482 6.3699878804936674E-002
0.50 1.20 10.40 0.42410752476620733 6.4167922350942805E-002
0.50 1.20 10.80 0.42764893423249151 6.3187109390285948E-002
0.50 1.20 11.20 0.42021015720880744 6.3990773696843944E-002
0.50 1.20 11.60 0.41905229488441592 6.4095097229231013E-002
0.50 1.20 12.00 Binary file (standard input) matches

0.50 1.40 0.00 0.30915469000574652 5.8737083288030026E-002
0.50 1.40 0.40 0.46111368470944780 6.2201487419928543E-002
0.50 1.40 0.80 0.46782572965214964 6.0683064223595172E-002
0.50 1.40 1.20 0.48175566487667065 6.1507603431331367E-002
0.50 1.40 1.60 0.48872421862202975 6.1792881857358144E-002
0.50 1.40 2.00 0.47455258109885873 6.2034337022279742E-002
0.50 1.40 2.40 0.47200430400677951 6.2037972237458106E-002
0.50 1.40 2.80 0.47106215948565416 6.1928886610339469E-002
0.50 1.40 3.20 0.46626981903217607 6.1901675264560516E-002
0.50 1.40 3.60 0.46010412221957209 6.2840863302177086E-002
0.50 1.40 4.00 0.45656570420259407 6.2600388297627541E-002
0.50 1.40 4.40 0.45369112875022211 6.2430711119732286E-002
0.50 1.40 4.80 0.44591556207500149 6.3180827401816395E-002
0.50 1.40 5.20 0.44512278196798416 6.3174327971178140E-002
0.50 1.40 5.60 0.44204007706863546 6.2701611765363680E-002
0.50 1.40 6.00 0.43712285181196159 6.3517215962599127E-002
0.50 1.40 6.40 0.43952090833797575 6.2944573252110253E-002
0.50 1.40 6.80 0.43454630637298514 6.3661526899625315E-002
0.50 1.40 7.20 0.43179342132917659 6.3319955681807261E-002
0.50 1.40 7.60 0.43479537649440003 6.4235784393649187E-002
0.50 1.40 8.00 0.43273986058919522 6.3514280704697001E-002
0.50 1.40 8.40 0.43123735144011777 6.3702226709461671E-002
0.50 1.40 8.80 0.42107808231716498 6.3695885063739716E-002
0.50 1.40 9.20 0.42798937126658976 6.3923961996876125E-002
0.50 1.40 9.60 0.43112477605584010 6.4310290803970285E-002
0.50 1.40 10.00 0.42350323952614088 6.4335992997697891E-002
0.50 1.40 10.40 0.42456357967052299 6.3877018285132231E-002
0.50 1.40 10.80 0.42763580906860588 6.4420425159384384E-002
0.50 1.40 11.20 0.41831521328424293 6.3538255601054278E-002
0.50 1.40 11.60 0.42434986002567376 6.3948104598551089E-002
0.50 1.40 12.00 0.41697880999290238 6.3773584012981457E-002

0.50 1.60 0.00 0.37948416892879205 8.1832778954644858E-002
0.50 1.60 0.40 0.46388516704986732 6.2679605079622419E-002
0.50 1.60 0.80 0.45728255178903610 6.2474524167814897E-002
0.50 1.60 1.20 0.46509641217266884 6.2015825134068885E-002
0.50 1.60 1.60 0.47044342335601563 6.1990268003348670E-002
0.50 1.60 2.00 0.47360175678169875 6.1712294820598097E-002
0.50 1.60 2.40 0.46921522979040697 6.2100150788826768E-002
0.50 1.60 2.80 0.46052733456204314 6.2514113078855446E-002
0.50 1.60 3.20 0.45864823842265184 6.2574750033947454E-002
0.50 1.60 3.60 0.45741167310772174 6.3257356772497150E-002
0.50 1.60 4.00 0.45327755065714043 6.2336124736074271E-002
0.50 1.60 4.40 0.45222088379650061 6.2566088437463960E-002
0.50 1.60 4.80 0.45502840439032466 6.2921217873168386E-002
0.50 1.60 5.20 0.44111506770570602 6.3110474248053841E-002
0.50 1.60 5.60 0.44352367132890819 6.3063417705928021E-002
0.50 1.60 6.00 0.43897449725488491 6.3116197906046417E-002
0.50 1.60 6.40 0.43977710696840627 6.3384807458118753E-002
0.50 1.60 6.80 0.43617650199152341 6.3347178248843811E-002
0.50 1.60 7.20 0.43466940330836018 6.3195259962837036E-002
0.50 1.60 7.60 0.42786958997430391 6.3411156765558335E-002
0.50 1.60 8.00 0.43094541058957708 6.3206415113257336E-002
0.50 1.60 8.40 0.42984215608224652 6.3813955286373986E-002
0.50 1.60 8.80 0.42917496611513456 6.2945292206108575E-002
0.50 1.60 9.20 0.42420883439976631 6.4086562146513898E-002
0.50 1.60 9.60 0.42952846538740469 6.3948725674507642E-002
0.50 1.60 10.00 0.42295732953941084 6.4132768182079192E-002
0.50 1.60 10.40 0.42112786544026920 6.3662104359812732E-002
0.50 1.60 10.80 0.41892530178838172 6.2928945379664980E-002
0.50 1.60 11.20 0.41527994867303308 6.4221678738383955E-002
0.50 1.60 11.60 0.41897002832565616 6.4293993380971373E-002
0.50 1.60 12.00 0.41915707977809563 6.3843483270450113E-002

0.50 1.80 0.00 0.30153417885878564 6.1778842267966511E-002
0.50 1.80 0.40 0.43624065197639339 6.1363942520682509E-002
0.50 1.80 0.80 0.43642184971923303 6.2307902451562154E-002
0.50 1.80 1.20 0.45194810865937968 6.2338687340942917E-002
0.50 1.80 1.60 0.45680556498895497 6.2421560923918880E-002
0.50 1.80 2.00 0.46376074102440262 6.2495615558896232E-002
0.50 1.80 2.40 0.46539943810479006 6.2691498292013897E-002
0.50 1.80 2.80 0.45903135058995759 6.2545562888305456E-002
0.50 1.80 3.20 0.45386902384912586 6.2375970791119249E-002
0.50 1.80 3.60 0.45307696519186080 6.2739502156647281E-002
0.50 1.80 4.00 0.45041957499990060 6.2703738654901614E-002
0.50 1.80 4.40 0.45158624837547034 6.2823546635760230E-002
0.50 1.80 4.80 0.44599041888747315 6.3369733698267400E-002
0.50 1.80 5.20 0.44481847932937557 6.3136725992620241E-002
0.50 1.80 5.60 0.44665941581462487 6.3412832612686265E-002
0.50 1.80 6.00 0.43699918562950107 6.3242498964615854E-002
0.50 1.80 6.40 0.43740857270708072 6.3582792298087609E-002
0.50 1.80 6.80 0.43945946091255561 6.3798913448434511E-002
0.50 1.80 7.20 0.43543530024653210 6.3175785226418021E-002
0.50 1.80 7.60 0.43250343796644808 6.3970314703835227E-002
0.50 1.80 8.00 0.44007632976333949 6.3897222226432113E-002
0.50 1.80 8.40 0.43340492029632671 6.3360963082214283E-002
0.50 1.80 8.80 0.43334259567838618 6.3795001135646651E-002
0.50 1.80 9.20 0.43268407373532269 6.3920373007010728E-002
0.50 1.80 9.60 0.42846416839263346 6.3789543563495518E-002
0.50 1.80 10.00 0.43214558902741523 6.3762429046011176E-002
0.50 1.80 10.40 0.42792717650764078 6.3175677713050146E-002
0.50 1.80 10.80 0.42401951852405639 6.3254282274088303E-002
0.50 1.80 11.20 0.42786532241856301 6.4007358169388434E-002
0.50 1.80 11.60 0.42889847561637395 6.4626187256150394E-002
0.50 1.80 12.00 0.42487440290624734 6.3796792419370751E-002

0.50 2.00 0.00 0.15716014807998158 4.5905075179916460E-002
0.50 2.00 0.40 0.41664959551843195 6.1529875015026936E-002
0.50 2.00 0.80 0.44129447825505341 6.1726300423749610E-002
0.50 2.00 1.20 0.44838963582080382 6.2789700103074150E-002
0.50 2.00 1.60 0.45656654510387862 6.2327175599760733E-002
0.50 2.00 2.00 0.45667338966372323 6.2142030273700771E-002
0.50 2.00 2.40 0.45616254001348561 6.2685985634697960E-002
0.50 2.00 2.80 0.45010035866393644 6.2430096359292656E-002
0.50 2.00 3.20 0.45265674928475647 6.2875909883146369E-002
0.50 2.00 3.60 0.45041698283002374 6.2564602149003029E-002
0.50 2.00 4.00 0.44958134746031242 6.2577542265611005E-002
0.50 2.00 4.40 0.45006694361248345 6.2684892192312033E-002
0.50 2.00 4.80 0.44760562356738676 6.3036738926557867E-002
0.50 2.00 5.20 0.44369248620049390 6.3472056756069886E-002
0.50 2.00 5.60 0.44458809934243415 6.2998107585246974E-002
0.50 2.00 6.00 0.44206243069851947 6.3509241193074009E-002
0.50 2.00 6.40 0.44338835801721527 6.2878067888109554E-002
0.50 2.00 6.80 0.43991183187093152 6.3106001893715957E-002
0.50 2.00 7.20 0.44095448816180943 6.3967382016186000E-002
0.50 2.00 7.60 0.43641837802946515 6.3609261196218458E-002
0.50 2.00 8.00 0.43690459064895215 6.3729263365480321E-002
0.50 2.00 8.40 0.43006946814740371 6.3345951978621931E-002
0.50 2.00 8.80 0.44020259257768124 6.3904225743511997E-002
0.50 2.00 9.20 0.43875592843206757 6.4205835251688131E-002
0.50 2.00 9.60 0.42786529061934642 6.4001648918856874E-002
0.50 2.00 10.00 0.42991965416447775 6.4090057968111444E-002
0.50 2.00 10.40 0.42882821978600971 6.3753369262655665E-002
0.50 2.00 10.80 0.43238329600423658 6.3919368173022850E-002
0.50 2.00 11.20 0.42934971444645498 6.3897782167029155E-002
0.50 2.00 11.60 0.42623026272513664 6.4312163344637296E-002
0.50 2.00 12.00 0.42362699786603608 6.3672976159750982E-002

0.50 2.20 0.00 0.18142401736862407 4.7485330782717432E-002
0.50 2.20 0.40 0.43518305656450684 6.3060476993348893E-002
0.50 2.20 0.80 0.44794264995410787 6.2698738174042215E-002
0.50 2.20 1.20 0.44893471732267559 6.1923386520303922E-002
0.50 2.20 1.60 0.44986986710825788 6.2820498347117545E-002
0.50 2.20 2.00 0.45007365214015255 6.2283016191342015E-002
0.50 2.20 2.40 0.45921431185350575 6.2853617620914640E-002
0.50 2.20 2.80 0.45384439626239104 6.2351890456067732E-002
0.50 2.20 3.20 0.45184617781818426 6.2675840444462644E-002
0.50 2.20 3.60 0.45137013562306699 6.2988694357567154E-002
0.50 2.20 4.00 0.45437881204646235 6.2611008113373487E-002
0.50 2.20 4.40 0.44525396034778686 6.2771956502948645E-002
0.50 2.20 4.80 0.44822641832312382 6.3700608163304973E-002
0.50 2.20 5.20 0.44999695333373513 6.3119089887394508E-002
0.50 2.20 5.60 0.44770337088164613 6.3492447469106539E-002
0.50 2.20 6.00 0.44082688589348812 6.3208047844099141E-002
0.50 2.20 6.40 0.44593367628047709 6.3882781714151834E-002
0.50 2.20 6.80 0.44114059655277843 6.3385040261580400E-002
0.50 2.20 7.20 0.44234973418892853 6.3630080758707006E-002
0.50 2.20 7.60 0.44044687732609916 6.4066350370218669E-002
0.50 2.20 8.00 0.43877735364601389 6.4031752086741889E-002
0.50 2.20 8.40 0.43619468777639581 6.3686070961280997E-002
0.50 2.20 8.80 0.43485912293575779 6.3754092934732526E-002
0.50 2.20 9.20 0.43347127707529703 6.3772659880091273E-002
0.50 2.20 9.60 0.43349296773886559 6.4175821460198623E-002
0.50 2.20 10.00 0.42780594580011205 6.3947822721653794E-002
0.50 2.20 10.40 0.43038814460802477 6.3972387909270234E-002
0.50 2.20 10.80 0.43507729587031829 6.3410673222918712E-002
0.50 2.20 11.20 0.42705498806490638 6.3879179393070626E-002
0.50 2.20 11.60 0.42999527151449496 6.3557464954577703E-002
0.50 2.20 12.00 0.42673815075061050 6.4075826320044230E-002

0.50 2.40 0.00 0.17427028399917791 4.7614691785326332E-002
0.50 2.40 0.40 0.46365085498872427 6.2449048698252699E-002
0.50 2.40 0.80 0.44479100022897644 6.2921055930979367E-002
0.50 2.40 1.20 0.44893320314221186 6.3176951467004389E-002
0.50 2.40 1.60 0.44577101624205351 6.3208940812975803E-002
0.50 2.40 2.00 0.44696889641079895 6.2832294802569161E-002
0.50 2.40 2.40 0.44969904496520174 6.2613536717457743E-002
0.50 2.40 2.80 0.45158135691144247 6.3172081793178875E-002
0.50 2.40 3.20 0.44384955902637424 6.2894146466320203E-002
0.50 2.40 3.60 0.44500129970117419 6.2463130117520325E-002
0.50 2.40 4.00 0.45041335183567260 6.3443626841616571E-002
0.50 2.40 4.40 0.44155743802146252 6.3330341846846466E-002
0.50 2.40 4.80 0.44677334458612294 6.3499008532545309E-002
0.50 2.40 5.20 0.45122825598979049 6.3808275277021723E-002
0.50 2.40 5.60 0.44369320992235101 6.3353025202312674E-002
0.50 2.40 6.00 0.44386683988275683 6.3250318791827603E-002
0.50 2.40 6.40 0.43728139119950021 6.3131084560876807E-002
0.50 2.40 6.80 0.44039574769997208 6.3324143759244680E-002
0.50 2.40 7.20 0.44363424436232546 6.3518184269764383E-002
0.50 2.40 7.60 0.44003799506194169 6.3486150377176864E-002
0.50 2.40 8.00 0.43527374406098601 6.3868023699753515E-002
0.50 2.40 8.40 0.43643003437544647 6.4370686594364929E-002
0.50 2.40 8.80 0.43588475636092661 6.4213048584115529E-002
0.50 2.40 9.20 0.43307554544758836 6.3852695750905311E-002
0.50 2.40 9.60 0.42960918730213749 6.4297514456439872E-002
0.50 2.40 10.00 0.43144128909970803 6.4500376404030016E-002
0.50 2.40 10.40 0.43021210497912643 6.4526814098008520E-002
0.50 2.40 10.80 0.43120012758981446 6.4040280570236946E-002
0.50 2.40 11.20 0.42811310987991780 6.4482360952556980E-002
0.50 2.40 11.60 0.42820063238269579 6.3951311428867744E-002
0.50 2.40 12.00 0.42675078095198804 6.3747046314757319E-002

0.50 2.60 0.00 0.31701828801991766 8.7914403119137272E-002
0.50 2.60 0.40 0.41639919982314411 6.1622827775565332E-002
0.50 2.60 0.80 0.43630821228079475 6.2275132348270715E-002
0.50 2.60 1.20 0.43943511255486012 6.3022380606057499E-002
0.50 2.60 1.60 0.44257891573505342 6.2889420651687997E-002
0.50 2.60 2.00 0.44572451812968783 6.3061052271639620E-002
0.50 2.60 2.40 0.44014105373530316 6.3336430781610331E-002
0.50 2.60 2.80 0.44549117096382024 6.3134789991214996E-002
0.50 2.60 3.20 0.44721912623961568 6.3256897802424300E-002
0.50 2.60 3.60 0.44183600737325401 6.2885298069363854E-002
0.50 2.60 4.00 0.44615991804278765 6.3476387335037049E-002
0.50 2.60 4.40 0.44738629241904626 6.3930273508318272E-002
0.50 2.60 4.80 0.43717828147622673 6.3285101073711367E-002
0.50 2.60 5.20 0.44749567455027217 6.3672401071620158E-002
0.50 2.60 5.60 0.44558210475751581 6.3570003966423330E-002
0.50 2.60 6.00 0.43970705187604520 6.3584574187514217E-002
0.50 2.60 6.40 0.44270349779113582 6.3442670795655048E-002
0.50 2.60 6.80 0.43717019569823917 6.3797303306043343E-002
0.50 2.60 7.20 0.43773166345984177 6.3839946670231851E-002
0.50 2.60 7.60 0.43398002852597201 6.3929217730766125E-002
0.50 2.60 8.00 0.43082063983568319 6.3310219302898152E-002
0.50 2.60 8.40 0.43202874982263195 6.3627345222177528E-002
0.50 2.60 8.80 0.43209024721737765 6.3778180144953261E-002
0.50 2.60 9.20 0.43230784447340681 6.3716496494975891E-002
0.50 2.60 9.60 0.43053414776386578 6.3513466613271022E-002
0.50 2.60 10.00 0.43064935096799939 6.3767094128958562E-002
0.50 2.60 10.40 0.42709930176178962 6.3722015199285872E-002
0.50 2.60 10.80 0.42892390295943983 6.3809171058524752E-002
0.50 2.60 11.20 0.42286039717678997 6.3883237289149603E-002
0.50 2.60 11.60 0.42333109920558398 6.3630660578049961E-002
0.50 2.60 12.00 0.43114335910765716 6.4343411183147764E-002

0.50 2.80 0.00 0.21514676468595767 4.7685109370365623E-002
0.50 2.80 0.40 0.41381018128479008 6.2889878383380157E-002
0.50 2.80 0.80 0.43336737445342949 6.3029529445993271E-002
0.50 2.80 1.20 0.43296727230713594 6.3235030959702870E-002
0.50 2.80 1.60 0.43843685082026934 6.3459399016061291E-002
0.50 2.80 2.00 0.43924636116509630 6.2839177233463522E-002
0.50 2.80 2.40 0.43581955263374966 6.2605424872908585E-002
0.50 2.80 2.80 0.43942699918297856 6.3131448413462091E-002
0.50 2.80 3.20 0.44181436346374775 6.3500950607660867E-002
0.50 2.80 3.60 0.44389311907663576 6.3220791932415699E-002
0.50 2.80 4.00 0.44124124509002083 6.3750122305416851E-002
0.50 2.80 4.40 0.43966857285631145 6.3056903402384970E-002
0.50 2.80 4.80 0.44044509116690900 6.3464962752254342E-002
0.50 2.80 5.20 0.44082500357994531 6.3758829059074720E-002
0.50 2.80 5.60 0.44027612656286957 6.3585477286720926E-002
0.50 2.80 6.00 0.43436350864841450 6.3014796310409488E-002
0.50 2.80 6.40 0.43196737483690917 6.3710139736731494E-002
0.50 2.80 6.80 0.43595824752089729 6.3220490730464096E-002
0.50 2.80 7.20 0.43351909994972526 6.4273591528549473E-002
0.50 2.80 7.60 0.42815606589693944 6.3487046911333805E-002
0.50 2.80 8.00 0.42951346291968429 6.3735754172522849E-002
0.50 2.80 8.40 0.43255046305657291 6.3905124140870892E-002
0.50 2.80 8.80 0.42980964485704315 6.3867667423824478E-002
0.50 2.80 9.20 0.42981796943004069 6.3754534200246016E-002
0.50 2.80 9.60 0.42965703628922097 6.3736189266166796E-002
0.50 2.80 10.00 0.42375259893095940 6.3865881506255565E-002
0.50 2.80 10.40 0.42356356252130728 6.4042335823960420E-002
0.50 2.80 10.80 0.43107716514430655 6.4739546698913797E-002
0.50 2.80 11.20 0.42557506723521293 6.4239520367447581E-002
0.50 2.80 11.60 0.41952201862709221 6.4619780829859627E-002
0.50 2.80 12.00 0.42291058154473066 6.3850749704687307E-002

0.50 3.00 0.00 0.19046559657930023 4.8708223181285641E-002
0.50 3.00 0.40 0.43523758798155532 6.2007146970902129E-002
0.50 3.00 0.80 0.42885103817767678 6.3393027889803902E-002
0.50 3.00 1.20 0.43238175541298246 6.3175692305095815E-002
0.50 3.00 1.60 0.43535127659139655 6.3809286421679767E-002
0.50 3.00 2.00 0.43733164098124766 6.3230777314037756E-002
0.50 3.00 2.40 0.43502045840768000 6.3175354810496021E-002
0.50 3.00 2.80 0.43403827228550540 6.3126058010534475E-002
0.50 3.00 3.20 0.43509976995013916 6.2951530686486526E-002
0.50 3.00 3.60 0.43663175853943847 6.2969922362636488E-002
0.50 3.00 4.00 0.43551382407432337 6.3961214327235158E-002
0.50 3.00 4.40 0.43492150477780650 6.2967675697812656E-002
0.50 3.00 4.80 0.43222847267195413 6.3262540721551089E-002
0.50 3.00 5.20 0.43660802772591134 6.3610512865234212E-002
0.50 3.00 5.60 0.43182829921770172 6.3075392628742746E-002
0.50 3.00 6.00 0.43046842049957046 6.3990731234156592E-002
0.50 3.00 6.40 0.43566794939293685 6.3210848241773088E-002
0.50 3.00 6.80 0.43457289012025491 6.4439635163645953E-002
0.50 3.00 7.20 0.43091382847798948 6.3804908101688512E-002
0.50 3.00 7.60 0.42992015029150210 6.4420850774079344E-002
0.50 3.00 8.00 0.42483589603830463 6.3785153199506575E-002
0.50 3.00 8.40 0.43047855470905383 6.4453235074814666E-002
0.50 3.00 8.80 0.42513713458030516 6.4178904798608147E-002
0.50 3.00 9.20 0.42723517254242316 6.3944707929027664E-002
0.50 3.00 9.60 0.42118795715675972 6.3611580829858044E-002
0.50 3.00 10.00 0.42250268535057439 6.3723392815818236E-002
0.50 3.00 10.40 0.41938717829164174 6.4180472198266489E-002
0.50 3.00 10.80 0.42120544696183881 6.3659980434184388E-002
0.50 3.00 11.20 0.42612877428776857 6.3773753207257047E-002
0.50 3.00 11.60 0.42017480340216473 6.3747624172927328E-002
0.50 3.00 12.00 0.42172711514165551 6.3767258091974963E-002

0.50 3.20 0.00 0.25916109050306513 7.4256629695244158E-002
0.50 3.20 0.40 0.45734216949715245 6.3886554307596946E-002
0.50 3.20 0.80 0.43618664699404286 6.3296966160635806E-002
0.50 3.20 1.20 0.43170509425674686 6.3108683072466060E-002
0.50 3.20 1.60 0.43704147644986036 6.3909610224075847E-002
0.50 3.20 2.00 0.43169999426519190 6.2905458313943979E-002
0.50 3.20 2.40 0.43483598624734887 6.3521238745666980E-002
0.50 3.20 2.80 0.43186849150338896 6.3260457815026636E-002
0.50 3.20 3.20 0.42995120016985916 6.2844698202185356E-002
0.50 3.20 3.60 0.43316531899228999 6.3184538010014682E-002
0.50 3.20 4.00 0.43713430563557620 6.3085548271712852E-002
0.50 3.20 4.40 0.43738805567555039 6.3486111952672383E-002
0.50 3.20 4.80 0.43232844050772873 6.3186190268120057E-002
0.50 3.20 5.20 0.43298099736287937 6.3238880198033726E-002
0.50 3.20 5.60 0.43430062119554746 6.3921978963739592E-002
0.50 3.20 6.00 0.43259550480694225 6.3621954782632439E-002
0.50 3.20 6.40 0.43227249101598508 6.3710161308479632E-002
0.50 3.20 6.80 0.43017797751086473 6.3399973420572270E-002
0.50 3.20 7.20 0.43184800563127823 6.3661290037154997E-002
0.50 3.20 7.60 0.42518979917699584 6.4254242857939223E-002
0.50 3.20 8.00 0.42850946623227887 6.3819064711346157E-002
0.50 3.20 8.40 0.42066471512391540 6.3669797626772814E-002
0.50 3.20 8.80 0.42661009565800079 6.3802347905844770E-002
0.50 3.20 9.20 0.42458335782682743 6.3372436308573629E-002
0.50 3.20 9.60 0.42304165933916044 6.4013004532432999E-002
0.50 3.20 10.00 0.42248640773395785 6.3481658300132568E-002
0.50 3.20 10.40 0.42179763917917390 6.3610266149284583E-002
0.50 3.20 10.80 0.42132811984158136 6.4111015659739659E-002
0.50 3.20 11.20 0.41223654840970231 6.3840688794982253E-002
0.50 3.20 11.60 0.41786477143690481 6.4316159908560988E-002
0.50 3.20 12.00 0.42033560043258794 6.4315537769756542E-002

0.50 3.40 0.00 0.16439595163022930 4.2089429931858005E-002
0.50 3.40 0.40 0.41322557037039492 6.1303192993786476E-002
0.50 3.40 0.80 0.43525305293252153 6.3288284259183050E-002
0.50 3.40 1.20 0.43457782823924695 6.3436062322590636E-002
0.50 3.40 1.60 0.43651289379876052 6.3749117929528532E-002
0.50 3.40 2.00 0.43146568784269534 6.3169103335287649E-002
0.50 3.40 2.40 0.43000389517119375 6.3301690036472513E-002
0.50 3.40 2.80 0.43978882179015555 6.3145174008699664E-002
0.50 3.40 3.20 0.43455099659641527 6.3023088086116633E-002
0.50 3.40 3.60 0.43577118280943694 6.3632439446947422E-002
0.50 3.40 4.00 Binary file (standard input) matches
0.50 3.40 4.40 0.43523003198209287 6.3436050197125726E-002
0.50 3.40 4.80 0.43944973965350337 6.3040249525363051E-002
0.50 3.40 5.20 0.43305820189128352 6.3581221166947227E-002
0.50 3.40 5.60 0.43262067716734853 6.3183623099860059E-002
0.50 3.40 6.00 0.43276428074134998 6.3068113689260921E-002
0.50 3.40 6.40 0.42919108839604292 6.3178797908464285E-002
0.50 3.40 6.80 0.43242500058194294 6.3272743043151128E-002
0.50 3.40 7.20 0.42700804681991472 6.3854142694745236E-002
0.50 3.40 7.60 0.43145818512180212 6.3801844208748099E-002
0.50 3.40 8.00 0.43270129691345616 6.3380317462328473E-002
0.50 3.40 8.40 0.42850225271741821 6.4045766385208092E-002
0.50 3.40 8.80 0.42741629010053706 6.3781760326262024E-002
0.50 3.40 9.20 0.42783103669251926 6.3867139314705376E-002
0.50 3.40 9.60 0.42933661351321178 6.4424526420771955E-002
0.50 3.40 10.00 0.42785017148423343 6.4213413875070180E-002
0.50 3.40 10.40 0.42733841035995263 6.4109409482683871E-002
0.50 3.40 10.80 0.42321835486088011 6.4135527969518727E-002
0.50 3.40 11.20 0.42356722491891691 6.3934819365393858E-002
0.50 3.40 11.60 0.42642081563831091 6.3942971137233795E-002
0.50 3.40 12.00 0.42212582260783521 6.3623662964576208E-002

0.50 3.60 0.00 0.18186182614165231 6.5964854279663171E-002
0.50 3.60 0.40 0.40786973426179995 6.4763061210110162E-002
0.50 3.60 0.80 0.42733164095504905 6.3339724856974672E-002
0.50 3.60 1.20 0.42982071948297340 6.3858398419724724E-002
0.50 3.60 1.60 0.42678260457281103 6.3423746469413761E-002
0.50 3.60 2.00 0.43205137824396783 6.3215981773030921E-002
0.50 3.60 2.40 0.42915507017349341 6.3288456151490785E-002
0.50 3.60 2.80 0.43335072062859920 6.3671773187119779E-002
0.50 3.60 3.20 0.43844936412168967 6.2943475434141291E-002
0.50 3.60 3.60 0.43398162604630519 6.3386309506857100E-002
0.50 3.60 4.00 0.43234661420404452 6.2835184734733054E-002
0.50 3.60 4.40 0.43522765008505448 6.3722775671478632E-002
0.50 3.60 4.80 0.43083716489932378 6.3635809140892383E-002
0.50 3.60 5.20 0.43599104607838457 6.3141415264139925E-002
0.50 3.60 5.60 0.43289209109698545 6.3843361231131712E-002
0.50 3.60 6.00 0.42741519721703858 6.3530048132731984E-002
0.50 3.60 6.40 0.43114278172131842 6.4068254019176762E-002
0.50 3.60 6.80 0.43715447431717147 6.3940042672387176E-002
0.50 3.60 7.20 0.42990482420233650 6.3484526721845208E-002
0.50 3.60 7.60 0.42817319669307913 6.3946256680945876E-002
0.50 3.60 8.00 0.42818681946329928 6.4489480778582145E-002
0.50 3.60 8.40 0.42503377983290863 6.4229278516836005E-002
0.50 3.60 8.80 0.43443449012573165 6.4310936851360967E-002
0.50 3.60 9.20 0.43165973882041042 6.3731934336296536E-002
0.50 3.60 9.60 0.42798115820245652 6.3940126639777342E-002
0.50 3.60 10.00 0.42610285931170716 6.4003885830616808E-002
0.50 3.60 10.40 0.42924909203018713 6.4496278955834138E-002
0.50 3.60 10.80 0.42833785135383495 6.4231447132329950E-002
0.50 3.60 11.20 0.42705545279800339 6.4319714615292650E-002
0.50 3.60 11.60 0.42605531846955202 6.4065071891121053E-002
0.50 3.60 12.00 0.42167435526755648 6.4004469363697289E-002

0.50 3.80 0.00 0.25304270339151391 6.6656979177386722E-002
0.50 3.80 0.40 0.42342819569416079 6.3844006735855580E-002
0.50 3.80 0.80 0.41716911052855876 6.3134002269753894E-002
0.50 3.80 1.20 0.42072664630279349 6.2942431289706641E-002
0.50 3.80 1.60 0.42531208647368024 6.3341936054465975E-002
0.50 3.80 2.00 0.42881801254131124 6.3252001235877806E-002
0.50 3.80 2.40 0.43484229929173246 6.4331018460901293E-002
0.50 3.80 2.80 0.42850060350514624 6.4008473127168619E-002
0.50 3.80 3.20 0.43266680975762128 6.3146568019609745E-002
0.50 3.80 3.60 0.43282712241447435 6.3537942056677454E-002
0.50 3.80 4.00 0.43107571639794812 6.4059805371942155E-002
0.50 3.80 4.40 0.43491421016838122 6.3267433682583432E-002
0.50 3.80 4.80 0.43093235489566400 6.3627951239287370E-002
0.50 3.80 5.20 0.43506353180424939 6.3736479758305778E-002
0.50 3.80 5.60 0.43087392197693741 6.4141355288467816E-002
0.50 3.80 6.00 0.44058788855797337 6.3908814120832519E-002
0.50 3.80 6.40 0.43563522286722700 6.3939015016314507E-002
0.50 3.80 6.80 0.43038314112163628 6.3905331205543883E-002
0.50 3.80 7.20 0.42977890522028839 6.3479014566743847E-002
0.50 3.80 7.60 0.43465657355557175 6.3830967756982937E-002
0.50 3.80 8.00 0.43121118569887085 6.3340919859892209E-002
0.50 3.80 8.40 0.43101780541679019 6.3706381945842022E-002
0.50 3.80 8.80 0.43059500304452625 6.3735577081580508E-002
0.50 3.80 9.20 0.43071561431873973 6.3897054967613512E-002
0.50 3.80 9.60 0.43508882374497809 6.4528153987800180E-002
0.50 3.80 10.00 0.43025537220529425 6.4322013061156494E-002
0.50 3.80 10.40 0.42699606445071359 6.3642773245926154E-002
0.50 3.80 10.80 0.42429711913302598 6.4035179221334226E-002
0.50 3.80 11.20 0.42901965309288881 6.4957316924622976E-002
0.50 3.80 11.60 0.42752057339773486 6.4530607542847784E-002
0.50 3.80 12.00 0.42591994559695767 6.3988684960530534E-002

0.50 4.00 0.00 0.29845496404988076 8.5505370373417211E-002
0.50 4.00 0.40 0.42468638248836815 6.4352536717240866E-002
0.50 4.00 0.80 0.42247660775311979 6.3715835482349520E-002
0.50 4.00 1.20 0.42842033654416356 6.3813943964444439E-002
0.50 4.00 1.60 0.42531855657067003 6.3359355936151759E-002
0.50 4.00 2.00 0.42633846442297019 6.3702881076405177E-002
0.50 4.00 2.40 0.43202156110288731 6.3519186461593033E-002
0.50 4.00 2.80 0.42318290753799437 6.3163659701309799E-002
0.50 4.00 3.20 0.43145082708990923 6.3226979520661142E-002
0.50 4.00 3.60 0.43011504536714806 6.3915383613134619E-002
0.50 4.00 4.00 0.43208068334838162 6.3355010347925164E-002
0.50 4.00 4.40 0.43408402832006410 6.3766684905955717E-002
0.50 4.00 4.80 0.43502008273417736 6.3520250201784867E-002
0.50 4.00 5.20 0.42967090067335512 6.3192492265982669E-002
0.50 4.00 5.60 0.43055278293604993 6.3935495132530801E-002
0.50 4.00 6.00 0.43444214993343550 6.4058390234221343E-002
0.50 4.00 6.40 0.43568542016048839 6.3392701490037659E-002
0.50 4.00 6.80 0.43043946904070679 6.3887075343059568E-002
0.50 4.00 7.20 0.43116869328109086 6.4303171997835834E-002
0.50 4.00 7.60 0.43350404538927545 6.3773867267306453E-002
0.50 4.00 8.00 0.42976226245167642 6.3736206761961053E-002
0.50 4.00 8.40 0.43160656499766931 6.3748022253199824E-002
0.50 4.00 8.80 0.42835093425256981 6.3683068145734351E-002
0.50 4.00 9.20 0.42435907109190774 6.3831494189091120E-002
0.50 4.00 9.60 0.42458513456267122 6.4287084781947099E-002
0.50 4.00 10.00 0.42701332662598246 6.3574654992437016E-002
0.50 4.00 10.40 0.42814633134605895 6.4008208370290254E-002
0.50 4.00 10.80 0.42495855935931848 6.4393882146651024E-002
0.50 4.00 11.20 0.42641217339696408 6.4288048313649648E-002
0.50 4.00 11.60 0.42760868899499699 6.3605861887878770E-002
0.50 4.00 12.00 0.42603376962353040 6.4253778750515467E-002

0.50 4.20 0.00 0.18552842590669336 6.4554388412703029E-002
0.50 4.20 0.40 0.40503318021737317 6.3459919369768844E-002
0.50 4.20 0.80 0.41942822987218592 6.3546032450924536E-002
0.50 4.20 1.20 0.42179258263907293 6.4316601953562744E-002
0.50 4.20 1.60 0.42766593991154134 6.3737399373695297E-002
0.50 4.20 2.00 0.42406171152609468 6.3983859067417548E-002
0.50 4.20 2.40 0.42207070257711832 6.3678952634765001E-002
0.50 4.20 2.80 0.42907805225077605 6.3805587487979168E-002
0.50 4.20 3.20 0.42231287085338626 6.2938005858754975E-002
0.50 4.20 3.60 0.42369595249171227 6.3698401458092441E-002
0.50 4.20 4.00 0.42778571877140809 6.3895655001386775E-002
0.50 4.20 4.40 0.42463952976417324 6.3393318969244702E-002
0.50 4.20 4.80 0.42722931868830283 6.3827883828890417E-002
0.50 4.20 5.20 0.42916235221262211 6.4039299084977144E-002
0.50 4.20 5.60 0.43013951696566960 6.3868697576660013E-002
0.50 4.20 6.00 0.42957822065590034 6.4278050185133204E-002
0.50 4.20 6.40 0.43535176759023164 6.4059216275126993E-002
0.50 4.20 6.80 0.43266353863088247 6.3951381632182600E-002
0.50 4.20 7.20 0.42627804367659261 6.3494530385957426E-002
0.50 4.20 7.60 0.42943681604312145 6.4163249691187613E-002
0.50 4.20 8.00 0.42781868942642542 6.3961805073377564E-002
0.50 4.20 8.40 0.42802133296264666 6.3825579506820579E-002
0.50 4.20 8.80 0.42971981405001519 6.3879139681741692E-002
0.50 4.20 9.20 0.42652965923177388 6.3282778419122179E-002
0.50 4.20 9.60 0.42504071867725035 6.4180753688024145E-002
0.50 4.20 10.00 0.41993556007619237 6.3980924427414751E-002
0.50 4.20 10.40 0.42900967371659354 6.3971837116894428E-002
0.50 4.20 10.80 0.42567945087512465 6.3749791442917217E-002
0.50 4.20 11.20 0.42406616459006824 6.4033311430640699E-002
0.50 4.20 11.60 0.42517270571720084 6.4321166540663804E-002
0.50 4.20 12.00 0.42104332555153706 6.4228426197909236E-002

0.50 4.40 0.00 0.23787362085503788 6.4419480927690842E-002
0.50 4.40 0.40 0.41559909906078368 6.4452363176235469E-002
0.50 4.40 0.80 0.42250959437149260 6.3568651351265465E-002
0.50 4.40 1.20 0.41948709331209039 6.3324510581560384E-002
0.50 4.40 1.60 0.42621671893598434 6.3534953900439922E-002
0.50 4.40 2.00 0.42737648413659091 6.3712956729608680E-002
0.50 4.40 2.40 0.42308683440021433 6.4188576255814950E-002
0.50 4.40 2.80 0.42090758974590142 6.3963640651466008E-002
0.50 4.40 3.20 0.42554024714065236 6.4091201822624955E-002
0.50 4.40 3.60 0.42443337418492966 6.3828124556751853E-002
0.50 4.40 4.00 0.42484795019203958 6.4034528016748277E-002
0.50 4.40 4.40 0.42367001260957993 6.4053559585568964E-002
0.50 4.40 4.80 0.42521332258307065 6.3663597811776482E-002
0.50 4.40 5.20 0.43033981907242164 6.4244837884619252E-002
0.50 4.40 5.60 0.42351003501266521 6.3867987317362457E-002
0.50 4.40 6.00 0.42656584639790573 6.2924168916736273E-002
0.50 4.40 6.40 0.42763095501219317 6.4344238992561767E-002
0.50 4.40 6.80 0.43262874892082276 6.3902652742066759E-002
0.50 4.40 7.20 0.42411094230390078 6.4271305020577554E-002
0.50 4.40 7.60 0.42208049673778947 6.4049463304729964E-002
0.50 4.40 8.00 0.42499861691781582 6.4167879446020051E-002
0.50 4.40 8.40 0.42255280167162984 6.3821000316118398E-002
0.50 4.40 8.80 0.42241759468963103 6.3916322841844606E-002
0.50 4.40 9.20 0.42328955492226827 6.4537105773617820E-002
0.50 4.40 9.60 0.42197170837951870 6.3829637452482643E-002
0.50 4.40 10.00 0.41780859052472652 6.3864842550921411E-002
0.50 4.40 10.40 0.41794328384340257 6.4107943161966788E-002
0.50 4.40 10.80 0.42274514500225741 6.4126684043654805E-002
0.50 4.40 11.20 0.42179138684107870 6.4159054463440279E-002
0.50 4.40 11.60 0.41880956971962469 6.4191308710532316E-002
0.50 4.40 12.00 0.42442160828935904 6.4773574696736225E-002

0.50 4.60 0.00 0.37112070133088848 8.4404685041119989E-002
0.50 4.60 0.40 0.41342447930055204 6.4261247932812099E-002
0.50 4.60 0.80 0.41238827159710112 6.3691311142191814E-002
0.50 4.60 1.20 0.41873236007240655 6.3866222541861417E-002
0.50 4.60 1.60 0.42144807849302363 6.4355291981679219E-002
0.50 4.60 2.00 0.42753300481551976 6.3743242310576265E-002
0.50 4.60 2.40 0.42271781964554711 6.3756094965243190E-002
0.50 4.60 2.80 0.42317752335922815 6.3661310949535727E-002
0.50 4.60 3.20 0.42531961715846034 6.4194331571192628E-002
0.50 4.60 3.60 0.41967568930262311 6.3906047695274346E-002
0.50 4.60 4.00 0.42444094912427399 6.3805793670758837E-002
0.50 4.60 4.40 0.42418459067937464 6.3946329743656771E-002
0.50 4.60 4.80 0.42457726154291964 6.3780403617037712E-002
0.50 4.60 5.20 0.42667729927302267 6.4692487012515565E-002
0.50 4.60 5.60 0.41949381100110961 6.4052832874222657E-002
0.50 4.60 6.00 0.42460850902857022 6.3810215955195593E-002
0.50 4.60 6.40 0.42557395817231392 6.3719872403004307E-002
0.50 4.60 6.80 0.42368488315762354 6.3748237203785169E-002
0.50 4.60 7.20 0.42511365091949604 6.3547100617595859E-002
0.50 4.60 7.60 0.42197073573332650 6.3616755441035649E-002
0.50 4.60 8.00 0.42306307261510662 6.3738706561656117E-002
0.50 4.60 8.40 0.42163603475104150 6.3717503610793078E-002
0.50 4.60 8.80 0.42151764232725492 6.3680918053458990E-002
0.50 4.60 9.20 0.41567151900502441 6.3555971122733521E-002
0.50 4.60 9.60 0.41706241350120959 6.3553157249000194E-002
0.50 4.60 10.00 0.42365106289932364 6.4565401666090330E-002
0.50 4.60 10.40 0.42212112802719171 6.3627528394714472E-002
0.50 4.60 10.80 0.41975862682292953 6.3995081841060814E-002
0.50 4.60 11.20 0.42546501575496032 6.3957958664447825E-002
0.50 4.60 11.60 0.41481884708367378 6.3992441220004206E-002
0.50 4.60 12.00 0.41807178137068579 6.3681281553650132E-002

0.50 4.80 0.00 0.24636739157243767 6.1107622005361406E-002
0.50 4.80 0.40 0.41653091775896084 6.3037407963251246E-002
0.50 4.80 0.80 0.42310617711892567 6.4020517644326314E-002
0.50 4.80 1.20 0.42101104139600487 6.3784727217361670E-002
0.50 4.80 1.60 0.42681869891290852 6.4358554038537741E-002
0.50 4.80 2.00 0.42346736531889528 6.4511843077582634E-002
0.50 4.80 2.40 0.42060909475273833 6.4386553498221324E-002
0.50 4.80 2.80 0.42183181603177883 6.4117951554529568E-002
0.50 4.80 3.20 0.41661614853523876 6.3477799556213368E-002
0.50 4.80 3.60 0.42486623468829404 6.3922204638680577E-002
0.50 4.80 4.00 0.42832426624966596 6.4068470840646749E-002
0.50 4.80 4.40 0.42112393959433281 6.3924392396739346E-002
0.50 4.80 4.80 0.42242959267281516 6.3220724042404239E-002
0.50 4.80 5.20 0.42727551515437662 6.4403504155519931E-002
0.50 4.80 5.60 0.42767622802525240 6.4251751083702027E-002
0.50 4.80 6.00 0.42147036359522055 6.4480749787291874E-002
0.50 4.80 6.40 0.42318148498324115 6.3425661686400514E-002
0.50 4.80 6.80 0.42852757019034299 6.4523414220777536E-002
0.50 4.80 7.20 0.42441697600634687 6.4039811102750560E-002
0.50 4.80 7.60 0.42226298178928856 6.4080648587815134E-002
0.50 4.80 8.00 0.42641155065918718 6.3797860765984565E-002
0.50 4.80 8.40 0.42419194819789557 6.4120272169131715E-002
0.50 4.80 8.80 0.42168787330721119 6.4402700975003349E-002
0.50 4.80 9.20 0.41667569603883603 6.4143019656259931E-002
0.50 4.80 9.60 0.42464228723871333 6.4069783443647443E-002
0.50 4.80 10.00 0.42023025521058149 6.4028512705903873E-002
0.50 4.80 10.40 0.41773658498804866 6.3900556638123732E-002
0.50 4.80 10.80 0.41883954345430474 6.4013829041236606E-002
0.50 4.80 11.20 0.41498587341825133 6.3476499103234940E-002
0.50 4.80 11.60 0.41765037527966314 6.4217295927403134E-002
0.50 4.80 12.00 0.41823573688228438 6.3995559901738497E-002

0.50 5.00 0.00 0.22783795115213940 6.2407367904023354E-002
0.50 5.00 0.40 0.40707761891043981 6.3445928811879479E-002
0.50 5.00 0.80 0.41836100583220953 6.4471451459105766E-002
0.50 5.00 1.20 0.42535237295928024 6.4142882129032533E-002
0.50 5.00 1.60 0.41694718842481648 6.3617945451015331E-002
0.50 5.00 2.00 0.41642306961574205 6.3623106035013144E-002
0.50 5.00 2.40 0.42056605966146898 6.3831868840994371E-002
0.50 5.00 2.80 0.42414681064236104 6.3738787010425305E-002
0.50 5.00 3.20 0.42085643044772664 6.4379928772661216E-002
0.50 5.00 3.60 0.41412734471364443 6.3630211839395795E-002
0.50 5.00 4.00 0.42402396758655103 6.4219316790820158E-002
0.50 5.00 4.40 0.42520750580379579 6.3839127459407452E-002
0.50 5.00 4.80 0.41963375459655117 6.3853369540088217E-002
0.50 5.00 5.20 0.41624804401135967 6.3971928249292292E-002
0.50 5.00 5.60 0.42035807694020033 6.3985050039184324E-002
0.50 5.00 6.00 0.42420859419436169 6.3905687073450276E-002
0.50 5.00 6.40 0.42223487714968477 6.3701581853059311E-002
0.50 5.00 6.80 0.41908841125473018 6.3738698815235195E-002
0.50 5.00 7.20 0.42617691111858225 6.2979852792604776E-002
0.50 5.00 7.60 0.42902477331867594 6.4503583951511970E-002
0.50 5.00 8.00 0.42775834208285451 6.4286359639981097E-002
0.50 5.00 8.40 0.42577349350576749 6.4008935270950029E-002
0.50 5.00 8.80 0.41873002480199872 6.3906256139425410E-002
0.50 5.00 9.20 0.42195719801400555 6.3640185262504367E-002
0.50 5.00 9.60 0.41941354467601977 6.4312384917386806E-002
0.50 5.00 10.00 0.42039609572826925 6.4084786961313880E-002
0.50 5.00 10.40 0.41545185962253112 6.4051526750362381E-002
0.50 5.00 10.80 0.41577002502153693 6.3990364833274832E-002
0.50 5.00 11.20 0.42246991726812455 6.4173505248440940E-002
0.50 5.00 11.60 0.41420519333958633 6.4058575771556589E-002
0.50 5.00 12.00 0.41921933233109049 6.4152742937461843E-002

0.50 5.20 0.00 7.2180778051631506E-002 2.2573750186628723E-002
0.50 5.20 0.40 0.40944621706594819 6.4263651643622091E-002
0.50 5.20 0.80 0.41718524898332854 6.3786483772468747E-002
0.50 5.20 1.20 0.42153069931976528 6.4163722355731617E-002
0.50 5.20 1.60 0.41616111010418938 6.3865277451406036E-002
0.50 5.20 2.00 0.41890608945911978 6.4285191231911704E-002
0.50 5.20 2.40 0.42082037451955845 6.4064619713084026E-002
0.50 5.20 2.80 0.41963279249281060 6.3537640568352677E-002
0.50 5.20 3.20 0.42018744764323646 6.4133947662208257E-002
0.50 5.20 3.60 0.42065807074333667 6.3493638906631567E-002
0.50 5.20 4.00 0.42399921379881961 6.3924201187285520E-002
0.50 5.20 4.40 0.42601694814490615 6.3505795689938152E-002
0.50 5.20 4.80 0.42216420233492197 6.3867350396913200E-002
0.50 5.20 5.20 0.42112187129691658 6.3836163623607084E-002
0.50 5.20 5.60 0.41808021538766232 6.3601107426108180E-002
0.50 5.20 6.00 0.42149986756051822 6.3959445186813652E-002
0.50 5.20 6.40 0.42429167955039138 6.3631247083394779E-002
0.50 5.20 6.80 0.42313307553340740 6.4446432473091994E-002
0.50 5.20 7.20 0.42344527970570250 6.3455871112121170E-002
0.50 5.20 7.60 0.42384261499578341 6.4344112966695524E-002
0.50 5.20 8.00 0.42428789574669157 6.3915227072815217E-002
0.50 5.20 8.40 0.42277727897945355 6.3805202951383158E-002
0.50 5.20 8.80 0.42461768954144352 6.4364668723409513E-002
0.50 5.20 9.20 0.42435326769729748 6.4334586543147304E-002
0.50 5.20 9.60 0.42669472915704149 6.4049194985936739E-002
0.50 5.20 10.00
0.50 5.20 10.40 0.42175683898940164 6.4317149322129744E-002
0.50 5.20 10.80 0.42560605443557120 6.4474304880056926E-002
0.50 5.20 11.20 0.42052022916091553 6.4051903277565977E-002
0.50 5.20 11.60 0.42165186967871432 6.4149068279474988E-002
0.50 5.20 12.00 0.41944606901575304 6.3897515808714417E-002

0.50 5.40 0.00 0.21532012445267529 6.1353767549585249E-002
0.50 5.40 0.40 0.42409003814979906 6.3507069361691149E-002
0.50 5.40 0.80 0.42134164774941307 6.4181573357876290E-002
0.50 5.40 1.20 0.41662351541881915 6.4044718461949729E-002
0.50 5.40 1.60 0.42109488176733584 6.4464094231589553E-002
0.50 5.40 2.00 0.42008743300922280 6.3986630486913609E-002
0.50 5.40 2.40 0.42000891450091549 6.3646466703461704E-002
0.50 5.40 2.80 0.42199532146549307 6.4597170036442567E-002
0.50 5.40 3.20 0.41996102605170699 6.4096598052313325E-002
0.50 5.40 3.60 0.42247325428563859 6.4325798899118103E-002
0.50 5.40 4.00 0.41939117906479062 6.4090129860561187E-002
0.50 5.40 4.40 0.42030914629379224 6.4394673796221547E-002
0.50 5.40 4.80 0.41879190659221155 6.3971848159404612E-002
0.50 5.40 5.20 0.42459334405882754 6.4153574403573263E-002
0.50 5.40 5.60 0.42444689622353504 6.4006462959906210E-002
0.50 5.40 6.00 0.42882689892159426 6.4618712619270338E-002
0.50 5.40 6.40 0.43024994079250767 6.4351060433230814E-002
0.50 5.40 6.80 0.41691308238788782 6.4389488970376024E-002
0.50 5.40 7.20 0.41875561019021790 6.3641113805389088E-002
0.50 5.40 7.60 0.42297253321816919 6.4491426930125370E-002
0.50 5.40 8.00 0.42601127576657571 6.4126460621496517E-002
0.50 5.40 8.40 0.42431370835383231 6.4059811237410280E-002
0.50 5.40 8.80 0.42832745530296767 6.4303384933191474E-002
0.50 5.40 9.20 0.42307871197775626 6.3919895779048913E-002
0.50 5.40 9.60 0.42049282032899649 6.4152351435962818E-002
0.50 5.40 10.00 0.42296196537743214 6.4261094849053277E-002
0.50 5.40 10.40 0.42523781652712189 6.3367697908406059E-002
0.50 5.40 10.80 0.42703345542738347 6.4146636877353821E-002
0.50 5.40 11.20 0.42199626199524121 6.4115270596362489E-002
0.50 5.40 11.60 0.42665865425892757 6.5035618838917841E-002
0.50 5.40 12.00 0.42271941697115956 6.4284524830022782E-002

0.50 5.60 0.00 0.27290788117978609 7.1891178696104369E-002
0.50 5.60 0.40 0.42208624505982195 6.4048010929203675E-002
0.50 5.60 0.80 0.42205546028689939 6.4319093924921897E-002
0.50 5.60 1.20 0.41785803214233297 6.4150105023259282E-002
0.50 5.60 1.60 0.42009215801525090 6.4112436141050944E-002
0.50 5.60 2.00 0.41704997735837929 6.4005459934696779E-002
0.50 5.60 2.40 0.42411690360206550 6.4140065225995829E-002
0.50 5.60 2.80 0.41957093211558238 6.3959192145207372E-002
0.50 5.60 3.20 0.42765002852248335 6.4660310639065355E-002
0.50 5.60 3.60 0.42158686952131541 6.3983953742511049E-002
0.50 5.60 4.00 0.41731979465803820 6.4532307736531583E-002
0.50 5.60 4.40 0.41515034678372709 6.3871306423628288E-002
0.50 5.60 4.80 0.42143472155197603 6.3896764653928101E-002
0.50 5.60 5.20 0.42097651158323768 6.4233111335260148E-002
0.50 5.60 5.60 0.42202172233733659 6.3764486656730845E-002
0.50 5.60 6.00 0.42127983301898836 6.3741945640507169E-002
0.50 5.60 6.40 0.42209113875154564 6.4206404841129314E-002
0.50 5.60 6.80 0.41996549608590028 6.3624943683649821E-002
0.50 5.60 7.20 0.42221870527326921 6.4455514706304687E-002
0.50 5.60 7.60 0.42552496085625247 6.3775995634874252E-002
0.50 5.60 8.00 0.42150905165136160 6.4265118090284651E-002
0.50 5.60 8.40 0.43064499571984982 6.4532295601470391E-002
0.50 5.60 8.80 0.42234152958685900 6.4685116364562228E-002
0.50 5.60 9.20 0.42336588708929501 6.4007023230007662E-002
0.50 5.60 9.60 0.42265802480737874 6.3783087986018450E-002
0.50 5.60 10.00 0.42701323731600710 6.4828656805791807E-002
0.50 5.60 10.40 0.42689294364029251 6.4520352099190520E-002
0.50 5.60 10.80 0.42229558532580586 6.4324896849043564E-002
0.50 5.60 11.20 0.42310790453667935 6.4472269030642654E-002
0.50 5.60 11.60 0.42236026857053249 6.4746002952725187E-002
0.50 5.60 12.00 0.41866479782167232 6.4412694938550036E-002

0.50 5.80 0.00 0.14153713286846803 5.5422256604143613E-002
0.50 5.80 0.40 0.42316748510946373 6.5003796732418101E-002
0.50 5.80 0.80 0.41853268223021178 6.3142101020310995E-002
0.50 5.80 1.20 0.41392724999495617 6.3621895833508843E-002
0.50 5.80 1.60 0.41891282530568008 6.3824435843586227E-002
0.50 5.80 2.00 0.42189819275736645 6.4425033981414900E-002
0.50 5.80 2.40 0.41213315567947689 6.3868295992211901E-002
0.50 5.80 2.80 0.41644730520435036 6.4396327934043207E-002
0.50 5.80 3.20 0.41894441247458669 6.4489422488317891E-002
0.50 5.80 3.60 0.41953860683701222 6.4108381534511205E-002
0.50 5.80 4.00 0.41793655018150960 6.4448929266618563E-002
0.50 5.80 4.40 0.41768023463522486 6.3617058175490820E-002
0.50 5.80 4.80 0.42259078452705240 6.4390457472718904E-002
0.50 5.80 5.20 0.41716212755245613 6.4284314977224949E-002
0.50 5.80 5.60 0.42173334479900493 6.4120091943671229E-002
0.50 5.80 6.00 0.41643943980187803 6.4299528108395496E-002
0.50 5.80 6.40 0.42746032789158867 6.3808622202037688E-002
0.50 5.80 6.80 0.42214818909695262 6.3839110952285921E-002
0.50 5.80 7.20 0.41574582877599758 6.3877006530555142E-002
0.50 5.80 7.60 0.42287283700581269 6.4172885607892291E-002
0.50 5.80 8.00 0.42507717744267887 6.4064551117075041E-002
0.50 5.80 8.40 0.42141007314742274 6.4267460540278848E-002
0.50 5.80 8.80 0.41847581821806717 6.4045271814213128E-002
0.50 5.80 9.20 0.42332563646212529 6.3230240973370155E-002
0.50 5.80 9.60 0.41954753906663822 6.4045299936958358E-002
0.50 5.80 10.00 0.42049759629362438 6.3866837362521647E-002
0.50 5.80 10.40 0.42195805967247491 6.4645008323167080E-002
0.50 5.80 10.80 0.41758782889698265 6.4420701618017287E-002
0.50 5.80 11.20 0.41708961926021954 6.4053782444469604E-002
0.50 5.80 11.60 0.41743808007838573 6.4724738142457480E-002
0.50 5.80 12.00 0.41764248918852304 6.4390514242348054E-002

0.50 6.00 0.00 0.17286709812376394 5.8234385179076739E-002
0.50 6.00 0.40 0.40515107786150584 6.4154509763109574E-002
0.50 6.00 0.80 0.41169825260856407 6.3543679990004362E-002
0.50 6.00 1.20 0.42155433509591750 6.4044918468526876E-002
0.50 6.00 1.60 0.41883957638657882 6.4245744566447105E-002
0.50 6.00 2.00 0.42042196274874488 6.4758440813008661E-002
0.50 6.00 2.40 0.42031827712026876 6.4510072019290432E-002
0.50 6.00 2.80 0.41915581381697731 6.4281926303845605E-002
0.50 6.00 3.20 0.41772077582990236 6.4340087147729152E-002
0.50 6.00 3.60 0.42090215027473565 6.4536294912206374E-002
0.50 6.00 4.00 0.41787644136486424 6.4458679287933071E-002
0.50 6.00 4.40 0.41625857885125184 6.3835171041879218E-002
0.50 6.00 4.80 0.41598691472916682 6.4230809116200285E-002
0.50 6.00 5.20 0.42330959214324093 6.4141098447399653E-002
0.50 6.00 5.60 0.42045692051241967 6.4020158619043990E-002
0.50 6.00 6.00 0.42302218633589189 6.4169278522121370E-002
0.50 6.00 6.40 0.42200996116543221 6.4112707086259740E-002
0.50 6.00 6.80 0.41949448528887884 6.4176047169658385E-002
0.50 6.00 7.20 0.41902202091151353 6.4105438146091792E-002
0.50 6.00 7.60 0.42441357626711007 6.4080432023222444E-002
0.50 6.00 8.00 0.42036639040363949 6.4071632412185442E-002
0.50 6.00 8.40 0.41678320079826203 6.4220626365492361E-002
0.50 6.00 8.80 0.41707092447600996 6.4137051588332827E-002
0.50 6.00 9.20 0.41872627601577000 6.4058324143270173E-002
0.50 6.00 9.60 0.41799370362128052 6.4132027668863278E-002
0.50 6.00 10.00 0.42106895241163145 6.3965603848012767E-002
0.50 6.00 10.40 0.42157282471290092 6.3738555919600121E-002
0.50 6.00 10.80 0.41898482130478748 6.3951310499794481E-002
0.50 6.00 11.20 0.41728068798683493 6.4654844159037897E-002
0.50 6.00 11.60 0.41284675651376379 6.3961100929962239E-002
0.50 6.00 12.00 0.41920299966103797 6.4524162429088108E-002

