0.50 0.25 1.00 200 -0.12341180724235895 2.2550500421295971E-002
0.50 0.25 1.10 200 -5.4347380012975878E-002 1.3356060891008985E-002
0.50 0.25 1.20 200 -0.11268459117628295 3.2637066453170660E-002
0.50 0.25 1.30 200 -0.21079528141934870 4.2247143547435133E-002
0.50 0.25 1.40 200 -0.20891368151898504 3.1038541840357647E-002
0.50 0.25 1.50 200 -0.13728305546027328 2.9267381691903384E-002
0.50 0.25 1.60 200 -0.27071536889765430 5.3001012425055276E-002
0.50 0.25 1.70 200 -0.16555898706257369 2.9416237941020329E-002
0.50 0.25 1.80 200 -0.23008576922657073 4.8130757155338696E-002
0.50 0.25 1.90 200 -0.24753903269511640 4.3323814806454787E-002
0.50 0.25 2.00 200 -0.33913572170585382 4.6980132943498017E-002
0.50 0.25 2.10 200 -0.26860333348903798 5.2046315776089050E-002
0.50 0.25 2.20 200 -0.31868885846994816 5.2327246944795583E-002
