
0.50 0.25 0.00 -1.4956945328920387E-004 NaN 0.34985817450184081 7.4324331818430525E-002	6
0.50 0.25 0.10 -4.9433954071430091E-003 2.2544044796329044E-002 0.41800699175194889 6.8355536083266527E-002	6
0.50 0.25 0.20 -1.8975318804402844E-002 2.1703899934753145E-002 0.48859702953459389 6.4718981056719027E-002	6
0.50 0.25 0.30 -3.9269962647704389E-002 2.0651101012406817E-002 0.50922435035072000 6.0498202693507336E-002	6
0.50 0.25 0.40 -6.0679297418058782E-002 1.9501074610936503E-002 0.50935168552964438 6.1605719232858541E-002	6
0.50 0.25 0.50 -8.0360557335424049E-002 1.8240045573571690E-002 0.50551936218661309 6.1407643142789223E-002	6
0.50 0.25 0.60 -9.4891229257218629E-002 1.8142199936819564E-002 0.50564195439151716 6.1345225681023581E-002	6
0.50 0.25 0.70 -0.10674302656301392 1.7367138427448640E-002 0.51248100918035477 6.0920607204159614E-002	6
0.50 0.25 0.80 -0.12575461747611807 1.7938547033630365E-002 0.51534860083370160 6.0478409600313705E-002	6
0.50 0.25 0.90 -0.15817344330407374 1.8616537276921957E-002 0.51736471663283945 6.2355347011759751E-002	6
0.50 0.25 1.00 -0.15221424612469492 1.9107801576093479E-002 0.49794732744016940 6.0708479954258786E-002	6
0.50 0.25 1.10 -0.18951743773118571 1.9243221541729059E-002 0.47926045323721267 6.2381093663407480E-002	6
0.50 0.25 1.20 -0.20482586384366763 1.8667866582210778E-002 0.47557068060015467 6.1353213799583139E-002	6
0.50 0.25 1.30 -0.23256765079367722 1.9945631722977624E-002 0.47844558130792753 6.3002682953340633E-002	6
0.50 0.25 1.40 -0.25722307906742370 2.0269122949125553E-002 0.47989576585150073 6.2375950176030578E-002	6
0.50 0.25 1.50 -0.25978605645014552 2.1548646356543542E-002 0.47414590963936432 6.2336668081999863E-002	6
0.50 0.25 1.60 -0.28495650905864806 2.2366529629881983E-002 0.47630187524305162 6.3524274308520076E-002	6
0.50 0.25 1.70 -0.27099000324653416 2.0937835543648670E-002 0.45718453961590316 6.3166350387270795E-002	6
0.50 0.25 1.80 -0.32494342068051912 2.1744179404040092E-002 0.44945933283403755 6.2733582673991942E-002	6
0.50 0.25 1.90 -0.33074808561170355 2.2308965536988523E-002 0.45280403766323257 6.3113427770738167E-002	6
0.50 0.25 2.00 -0.32519895071644200 2.2379733590242878E-002 0.45458695538960014 6.3171526230027822E-002	6
0.50 0.25 2.10 -0.33619390214317069 2.1676862536452561E-002 0.44956078410615047 6.5009278995056458E-002	6
0.50 0.25 2.20 -0.36440301114069901 2.3162994500684465E-002 0.44955025383616243 6.4448740593113771E-002	6
0.50 0.25 2.30 -0.37789705498307696 2.3616097210099603E-002 0.45071988019653109 6.5985210878199044E-002	6
0.50 0.25 2.40 -0.40194864965967764 2.2661771820643030E-002 0.46261790766463984 6.3800230313326739E-002	6
0.50 0.25 2.50 -0.40350726356763955 2.2756074117800937E-002 0.44166977516973444 6.5289231967540953E-002	6
0.50 0.25 2.60 -0.38872458695290946 2.2760854222806357E-002 0.43412322174586837 6.3222937610823898E-002	6
0.50 0.25 2.70 -0.43554874792666348 2.3662510581741781E-002 0.43369747156251820 6.4526266580326092E-002	6
0.50 0.25 2.80 -0.47042745438805861 2.3625757597890346E-002 0.42849965474526941 6.4279867275684868E-002	6
0.50 0.25 2.90 -0.43526193482324643 2.2041502659176319E-002 0.43957251896935468 6.4826358939779352E-002	6
0.50 0.25 3.00 -0.45675242329774313 2.3688932971623982E-002 0.44080865058444701 6.4118117512925052E-002	6
0.50 0.25 3.10 -0.49050787312578431 2.4075864330555741E-002 0.43046835354652496 6.3727692659399537E-002	6
0.50 0.25 3.20 -0.46865209926789009 2.3329299335532405E-002 0.42102478957895373 6.4482141805646195E-002	6
0.50 0.25 3.30 -0.46746744740003909 2.5166620611995497E-002 0.42705803054320907 6.4551933669105985E-002	6
0.50 0.25 3.40 -0.49125349666423729 2.5462148890720966E-002 0.41903982648508259 6.5005662843565681E-002	6
0.50 0.25 3.50 -0.54877576388545923 2.3851756904906221E-002 0.41680079389685498 6.5617202979825345E-002	6
0.50 0.25 3.60 -0.52321563847364805 2.4068960620599451E-002 0.43348768850663510 6.3695699166729736E-002	6
0.50 0.25 3.70 -0.55960617344011809 2.3525122770516865E-002 0.41499744904173969 6.4632612068666009E-002	6
0.50 0.25 3.80 -0.56880742048324795 2.4006441849039412E-002 0.41965883785714103 6.5581668682533359E-002	6
0.50 0.25 3.90 -0.54466456504199323 2.3182718018227955E-002 0.44054016501012927 6.3673768242166931E-002	6
0.50 0.25 4.00 -0.57153969566432061 2.3043998093295420E-002 0.42397583443407461 6.5448881843277379E-002	6
0.50 0.25 4.10 -0.55119057263247051 2.5924348508423952E-002 0.42339675199733695 6.5263743251282452E-002	6
0.50 0.25 4.20 -0.57428734883831434 2.3966427520658532E-002 0.41588715749800426 6.4757533349116270E-002	6
0.50 0.25 4.30 -0.57484730421433872 2.4558616851183920E-002 0.41532904575875829 6.3304300488546961E-002	6
0.50 0.25 4.40 -0.58240773011362001 2.4506756897767098E-002 0.43221232861882153 6.5586762869890014E-002	6
0.50 0.25 4.50 -0.59348821022910792 2.4722424586639237E-002 0.43033635644197776 6.4711799386527991E-002	6
0.50 0.25 4.60 -0.62130344965233730 2.2596309581344929E-002 0.42197379825680525 6.4295053739693395E-002	6
0.50 0.25 4.70 -0.60129934227055737 2.4260790684914872E-002 0.43205796749556663 6.4719457653535262E-002	6
0.50 0.25 4.80 -0.61808565769976498 2.3094432495883357E-002 0.42397248778084862 6.3275593228326238E-002	6
0.50 0.25 4.90 -0.63000203290333046 2.5067237618198773E-002 0.41099793611570584 6.5634088954768091E-002	6
0.50 0.25 5.00 -0.63163027573664254 2.3930591569239990E-002 0.41830291676711717 6.2304248657471063E-002	6
0.50 0.25 5.10 -0.64336550329201969 2.3142881279253843E-002 0.42213167455435857 6.5491833483565132E-002	6
0.50 0.25 5.20 -0.62272629402380375 2.4591673633540992E-002 0.41521873483353283 6.5035779663775009E-002	6
0.50 0.25 5.30 -0.62238705164700558 2.4310732638131716E-002 0.43162707050467725 6.4793720493970017E-002	6
0.50 0.25 5.40 -0.67955459906973326 2.3141184728292023E-002 0.40468663593310517 6.3241213723309361E-002	6
0.50 0.25 5.50 -0.68121070610846768 2.1829971366093274E-002 0.39814255598149539 6.4508346358130617E-002	6
0.50 0.25 5.60 -0.63221267114686364 2.4083920727601831E-002 0.41809617211382816 6.4018955306090947E-002	6
0.50 0.25 5.70 -0.66245378252488107 2.3422690730576585E-002 0.41627919412984021 6.4067120129794569E-002	6
0.50 0.25 5.80 -0.65631863649633992 2.3614120278986708E-002 0.41608268000571608 6.4433502547333779E-002	6
0.50 0.25 5.90 -0.65216330839638792 2.2546049009989910E-002 0.40873544510236659 6.4337551245052471E-002	6
0.50 0.25 6.00 -0.70021785983189766 2.0549409810846072E-002 0.42836135629071881 6.6461069917795046E-002	6

0.50 0.25 0.00 1.6403495263291819E-005 NaN 0.30939658941162257 3.6856154817551036E-002	8
0.50 0.25 0.10 -4.0478556528210355E-003 1.4090277023905853E-002 0.42548524914880237 3.3532863882679037E-002	8
0.50 0.25 0.20 -1.6786481827831639E-002 1.3067409389586932E-002 0.47071355553665933 3.2588668629804009E-002	8
0.50 0.25 0.30 -2.9127879708758096E-002 1.1684863124323795E-002 0.49787702978598403 3.1841503277174249E-002	8
0.50 0.25 0.40 -3.8222539738502884E-002 1.0838542497653965E-002 0.50683638452026114 3.1815799608488855E-002	8
0.50 0.25 0.50 -5.2924861720252840E-002 1.0745305349588974E-002 0.51520636163164946 3.1515222614934883E-002	8
0.50 0.25 0.60 -6.5202701458864906E-002 1.0707311862693138E-002 0.51331232615657396 3.1468061847199559E-002	8
0.50 0.25 0.70 -8.7390657212336534E-002 1.0940341889907430E-002 0.50288837983069223 3.1416211786252514E-002	8
0.50 0.25 0.80 -9.8311766071093418E-002 1.2028563278650426E-002 0.49757850262671194 3.1626641253639266E-002	8
0.50 0.25 0.90 -0.11308686836157504 1.2225425897886201E-002 0.49557268427634338 3.1774915309223301E-002	8
0.50 0.25 1.00 -0.12891375002473654 1.2184014035191643E-002 0.47789567522871024 3.2103617783750038E-002	8
0.50 0.25 1.10 -0.13947050285267293 1.2958108537497407E-002 0.48383515990478448 3.1964828060762090E-002	8
0.50 0.25 1.20 -0.16858734382585319 1.5282615163755219E-002 0.47119807990152823 3.2038360917186759E-002	8
0.50 0.25 1.30 -0.19860877583000039 1.4923379282547927E-002 0.46225708818246741 3.2525050166753298E-002	8
0.50 0.25 1.40 -0.20054070277854216 1.5725999301009697E-002 0.46486035507893647 3.2217571812556377E-002	8
0.50 0.25 1.50 -0.21845189881083482 1.4747191555281730E-002 0.46008851131337314 3.2243802576541920E-002	8
0.50 0.25 1.60 -0.23078319389302812 1.4740174312911537E-002 0.44622531696368217 3.3160394468987470E-002	8
0.50 0.25 1.70 -0.28022505000780573 1.6658080069659343E-002 0.44611951209425921 3.3101531456460019E-002	8
0.50 0.25 1.80 -0.27337339714342573 1.7406322028489379E-002 0.44265922489995518 3.2981240718504126E-002	8
0.50 0.25 1.90 -0.28815410651613083 1.6395648184298572E-002 0.43871941524951086 3.3127578559386764E-002	8
0.50 0.25 2.00 -0.31498773970679100 1.7935537874718011E-002 0.43809034681020959 3.3550769925524832E-002	8
0.50 0.25 2.10 -0.31703423352539745 1.7514913164743261E-002 0.43228339287578732 3.3188282831383704E-002	8
0.50 0.25 2.20 -0.33109589024130920 1.8973617915999576E-002 0.43252073702996480 3.3267274337917638E-002	8
0.50 0.25 2.30 -0.34033508742369301 1.7572319772366025E-002 0.43357922949907485 3.3256265039100071E-002	8
0.50 0.25 2.40 -0.35326271697563860 2.0822732419945297E-002 0.43126126854126262 3.3534832657276699E-002	8
0.50 0.25 2.50 -0.38624412456163137 1.9160153470527203E-002 0.42003460693057493 3.3457959091566597E-002	8
0.50 0.25 2.60 -0.41426108912111526 1.8804503780161581E-002 0.42800158728574578 3.3875745757773162E-002	8
0.50 0.25 2.70 -0.41113478563003308 1.9409517739140247E-002 0.42590363698356398 3.3469829341776718E-002	8
0.50 0.25 2.80 -0.38185183493241259 1.8162971550772108E-002 0.42261477955171795 3.3502468278454746E-002	8
0.50 0.25 2.90 -0.44625162133242730 1.9324632984649412E-002 0.41490353927229889 3.3240832115166187E-002	8
0.50 0.25 3.00 -0.48303398767371858 1.9344507001004284E-002 0.41392145427816951 3.3456452883849339E-002	8
0.50 0.25 3.10 -0.43350535771655663 2.0538870991164505E-002 0.41635491334615432 3.3807428773275409E-002	8
0.50 0.25 3.20 -0.44665403103956103 2.0248952074582414E-002 0.41835998066461944 3.3622255617922418E-002	8
0.50 0.25 3.30 -0.47063572703410483 2.0316053135617872E-002 0.41799143403999012 3.3289099397630389E-002	8
0.50 0.25 3.40 -0.49419520866556216 2.1375451615939570E-002 0.40786539074314837 3.3419580270136508E-002	8
0.50 0.25 3.50 -0.49926433440809714 1.8484544542096457E-002 0.41270488472153094 3.3557650726082182E-002	8
0.50 0.25 3.60 -0.52074526932451914 1.9743857378745153E-002 0.40719395555244209 3.3274702593873440E-002	8
0.50 0.25 3.70 -0.52986352663219594 2.0075470455900017E-002 0.41401535218376950 3.3647768175788142E-002	8
0.50 0.25 3.80 -0.51267796175162939 1.9870635686446415E-002 0.41356493612976880 3.3611756672074000E-002	8
0.50 0.25 3.90 -0.52381972752635930 2.0047769047827232E-002 0.41156372724020018 3.3746355128375857E-002	8
0.50 0.25 4.00 -0.50885579979036244 1.9719266867378561E-002 0.40603863494798770 3.3794599033756714E-002	8
0.50 0.25 4.10 -0.53245785709053406 1.9856460569074075E-002 0.41078330948887365 3.4161805052983198E-002	8
0.50 0.25 4.20 -0.54162737909320580 1.9781288321612824E-002 0.41073979810147693 3.4025372888558343E-002	8
0.50 0.25 4.30 -0.56320858717898448 2.0850704868854385E-002 0.40553326447142579 3.3827693463626060E-002	8
0.50 0.25 4.40 -0.58530382743444820 1.9811305780277854E-002 0.40101953172897248 3.3622777888444470E-002	8
0.50 0.25 4.50 -0.57553107486145461 2.0830572894028010E-002 0.41734820669070150 3.4021104003296609E-002	8
0.50 0.25 4.60 -0.60727580902968714 1.9498542999357001E-002 0.39791629738718387 3.3724811213014128E-002	8
0.50 0.25 4.70 -0.57507747969655743 1.9654122040785864E-002 0.41027010635612665 3.3910102905401453E-002	8
0.50 0.25 4.80 -0.59775356539478375 2.1482214211042083E-002 0.40540822430817147 3.3837367601120279E-002	8
0.50 0.25 4.90 -0.56415842580459119 2.0763753767415780E-002 0.40694480044204484 3.4240501025107097E-002	8
0.50 0.25 5.00 -0.60453332748774136 2.0539223737131559E-002 0.40453969001834694 3.3853489745200908E-002	8
0.50 0.25 5.10 -0.62200866187372428 1.9041546719209382E-002 0.41242421041859800 3.3812146892888445E-002	8
0.50 0.25 5.20 -0.59489117490723109 2.1825832757480002E-002 0.40542846997511583 3.3960607581462257E-002	8
0.50 0.25 5.30 -0.59148210388725264 2.1444902132096447E-002 0.41620087467224059 3.4121472152607780E-002	8
0.50 0.25 5.40 -0.61273877283557243 1.9769149912401734E-002 0.39912459560324082 3.3455244817481945E-002	8
0.50 0.25 5.50 -0.61731419603889426 2.0975147062299776E-002 0.40779741963110455 3.4279461203960637E-002	8
0.50 0.25 5.60 -0.63603471660109423 2.0446157239616007E-002 0.40361169155118409 3.3967202642694393E-002	8
0.50 0.25 5.70 -0.63458690910949489 1.9093214334264363E-002 0.40234233930227659 3.3942393323393799E-002	8
0.50 0.25 5.80 -0.63878708359607073 2.1263393621316694E-002 0.40157760088805045 3.3687647380786695E-002	8
0.50 0.25 5.90 -0.63866493262779400 2.0582942986803843E-002 0.40663025505109884 3.3697256582077457E-002	8
0.50 0.25 6.00 -0.65115779874627400 2.0500461582990587E-002 0.40359332041451995 3.3611027029994085E-002	8

0.50 0.25 0.00 6.3771391826441298E-005 NaN 0.23824565051568347 1.8194934918539754E-002	10
0.50 0.25 0.10 -4.5694140846216317E-003 8.7662244625041717E-003 0.46233258109127334 1.7176821379014304E-002	10
0.50 0.25 0.20 -1.1786790892348241E-002 7.2093193162278534E-003 0.49915057892564502 1.6761876817439542E-002	10
0.50 0.25 0.30 -1.7168989812928158E-002 6.1286246548282750E-003 0.51529545950957356 1.6559867333958696E-002	10
0.50 0.25 0.40 -2.7875264827090913E-002 6.0974766886058686E-003 0.52222186763327638 1.6388451846146072E-002	10
0.50 0.25 0.50 -3.2812991200555967E-002 6.3615490261925249E-003 0.51931624681282751 1.6343320983689961E-002	10
0.50 0.25 0.60 -4.7348154764007479E-002 6.4339648939290223E-003 0.51712333691656498 1.6312491852683686E-002	10
0.50 0.25 0.70 -6.3623088227518054E-002 7.9395892999640054E-003 0.51307512316974235 1.6433961336881187E-002	10
0.50 0.25 0.80 -7.3992429784734387E-002 8.1095563769988579E-003 0.50403999174035397 1.6446980920766897E-002	10
0.50 0.25 0.90 -6.9251438749193400E-002 6.6631608914777098E-003 0.50053592148191361 1.6563351691106013E-002	10
0.50 0.25 1.00 -0.10103143281010102 9.4856623409498991E-003 0.49341395910230529 1.6646377402423290E-002	10
0.50 0.25 1.10 -0.11308188409730800 9.6816714995227177E-003 0.48882284349192295 1.6707047235238109E-002	10
0.50 0.25 1.20 -0.15324504114578558 1.1682223154683254E-002 0.47347252050251909 1.6905615161621836E-002	10
0.50 0.25 1.30 -0.17013972676905750 1.3746309908464783E-002 0.46549378241475886 1.7101075263745623E-002	10
0.50 0.25 1.40 -0.17374133060174141 1.1117655200330949E-002 0.45927757169296496 1.7124567648209785E-002	10
0.50 0.25 1.50 -0.20338745790296681 1.2211571372691488E-002 0.45036984292991739 1.7004277554822988E-002	10
0.50 0.25 1.60 -0.23158756490590129 1.3565667128285804E-002 0.44022627674196174 1.7262960806608843E-002	10
0.50 0.25 1.70 -0.26377998519003198 1.3933791239353446E-002 0.43530929242851740 1.7406800310331542E-002	10
0.50 0.25 1.80 -0.25892458487603331 1.4142400389405216E-002 0.43705641530222106 1.7296274853687441E-002	10
0.50 0.25 1.90 -0.27710015170876418 1.5106358931198497E-002 0.43227748685734640 1.7388801612862975E-002	10
0.50 0.25 2.00 -0.25472343731849550 1.3454088193541738E-002 0.42989438506734901 1.7402551121457933E-002	10
0.50 0.25 2.10 -0.30092620166877565 1.5369993959529477E-002 0.42197001701225179 1.7519547336774206E-002	10
0.50 0.25 2.20 -0.29823827910723383 1.4632503832739820E-002 0.42291011086931651 1.7461603589598196E-002	10
0.50 0.25 2.30 -0.31640818533117332 1.5669040188680271E-002 0.42245079044086625 1.7503704028260746E-002	10
0.50 0.25 2.40 -0.32150359015550450 1.6671843217702903E-002 0.41605211324265023 1.7637723927992188E-002	10
0.50 0.25 2.50 -0.35215257752735996 1.3835698997538273E-002 0.41434274192774811 1.7551084535539156E-002	10
0.50 0.25 2.60 -0.37980259712061143 1.7806287197177209E-002 0.41111916198444093 1.7584954646119588E-002	10
0.50 0.25 2.70 -0.39431573686570043 1.5790019183209270E-002 0.41370822270677715 1.7601598265625695E-002	10
0.50 0.25 2.80 -0.39855386100011014 1.5913239877314262E-002 0.41212368505239499 1.7617104958818301E-002	10
0.50 0.25 2.90 -0.41348678534897698 1.5869307258428722E-002 0.41374932463427755 1.7677946733331347E-002	10
0.50 0.25 3.00 -0.40064391489717638 1.7200447207278150E-002 0.40860754217538153 1.7643427732895015E-002	10
0.50 0.25 3.10 -0.43490461039495898 1.7642899130963903E-002 0.40595180088532357 1.7651511569023809E-002	10
0.50 0.25 3.20 -0.45797359201760401 1.8093317691073162E-002 0.40735554103786531 1.7657329441831814E-002	10
0.50 0.25 3.30 -0.46135654447119923 1.7009267516211693E-002 0.40551702201078771 1.7622150938383267E-002	10
0.50 0.25 3.40 -0.46359294646475518 1.6517862848242304E-002 0.40205424323047395 1.7643533111548697E-002	10
0.50 0.25 3.50 -0.45598227452665480 1.8325496679695609E-002 0.40477555915764912 1.7701810410924834E-002	10
0.50 0.25 3.60 -0.50613004730283773 1.7135890415653537E-002 0.40466209103672823 1.7583361127915649E-002	10
0.50 0.25 3.70 -0.46334355497185703 1.7199928125077320E-002 0.40454744126113784 1.7663419515339302E-002	10
0.50 0.25 3.80 -0.52823656124184215 1.6463029743565651E-002 0.40038228280145965 1.7669338565087872E-002	10
0.50 0.25 3.90 -0.51945038001001054 1.7339213904358351E-002 0.40548703932392860 1.7694885311111068E-002	10
0.50 0.25 4.00 -0.51184077539982320 1.8170834520189253E-002 0.40104339696357155 1.7726896195313844E-002	10
0.50 0.25 4.10 -0.55580347552767173 1.7927529005459270E-002 0.40265134203376807 1.7640070352885971E-002	10
0.50 0.25 4.20 -0.52244956469045456 1.7430522990757140E-002 0.40004823359046171 1.7622792077924512E-002	10
0.50 0.25 4.30 -0.52932365301152295 1.8098536030830645E-002 0.40210593342402312 1.7838087996709887E-002	10
0.50 0.25 4.40 -0.56778132597480835 1.7241341274137793E-002 0.40303714908532989 1.7747552584992068E-002	10
0.50 0.25 4.50 -0.55362680744000226 1.7220133843199415E-002 0.39582743061827175 1.7698521283369743E-002	10
0.50 0.25 4.60 -0.57029242872914154 1.8091236593326808E-002 0.39980404151724230 1.7652538599843230E-002	10
0.50 0.25 4.70 -0.58584205163726788 1.7319249015040027E-002 0.39614134246081317 1.7699259848236275E-002	10
0.50 0.25 4.80 -0.57317353195082166 1.7675502002696391E-002 0.39739226391020510 1.7730483081455549E-002	10
0.50 0.25 4.90 -0.58322599188688828 1.8674207387940605E-002 0.39955365646701879 1.7725252606198894E-002	10
0.50 0.25 5.00 -0.56929015907628744 1.8256209920919003E-002 0.39842587526218098 1.7727854303893401E-002	10
0.50 0.25 5.10 -0.58667878944701746 1.8310282147080820E-002 0.40692503847148853 1.7771223731906514E-002	10
0.50 0.25 5.20 -0.60002564991346952 1.8010211542861657E-002 0.40176699976186131 1.7779899386812528E-002	10
0.50 0.25 5.30 -0.58297094006781480 1.7831845507174884E-002 0.40217263975829787 1.7767495134436880E-002	10
0.50 0.25 5.40 -0.61189326384523468 1.7201502673978762E-002 0.39619045269726499 1.7683507851022247E-002	10
0.50 0.25 5.50 -0.61370910007752444 1.8107118380845971E-002 0.39725886374068270 1.7713719694286173E-002	10
0.50 0.25 5.60 -0.61085422709168802 1.8590523530267550E-002 0.40276308782383757 1.7750051832804717E-002	10
0.50 0.25 5.70 -0.65621433888215153 1.8227076352044347E-002 0.39709518315068798 1.7750985001089424E-002	10
0.50 0.25 5.80 -0.62568132284354394 1.8934552794499550E-002 0.40021041617864661 1.7816857623426732E-002	10
0.50 0.25 5.90 -0.62469277045579275 1.8151311774981367E-002 0.39943098428139767 1.7832035610278258E-002	10
0.50 0.25 6.00 -0.64932142003115489 1.7396138297142205E-002 0.39867962678506985 1.7773271933005194E-002	10

0.50 0.25 0.00 1.8839470610959995E-005 NaN NaN NaN	12
0.50 0.25 0.10 -3.3312432873194909E-003 5.0092596407749282E-003 0.48475583306998238 8.7553342971053213E-003	12
0.50 0.25 0.20 -1.0526779582559471E-002 3.9393955916956370E-003 0.52086151100673050 8.5284051481343288E-003	12
0.50 0.25 0.30 -1.2431792516774886E-002 3.7432137059013391E-003 0.52940810317673537 8.4783555045357777E-003	12
0.50 0.25 0.40 -1.4364991989920625E-002 3.5566725920384711E-003 0.53043426479834155 8.4589389957818936E-003	12
0.50 0.25 0.50 -1.8430290020628390E-002 4.0666776960994397E-003 0.53170221835430265 8.4395935975983861E-003	12
0.50 0.25 0.60 -3.3381654498446725E-002 5.5893089880322613E-003 0.53008204729345332 8.4440414935861574E-003	12
0.50 0.25 0.70 -4.5216390524463308E-002 7.6763976993437771E-003 0.52694466073175839 8.4853316358882713E-003	12
0.50 0.25 0.80 -4.3337452162951283E-002 7.0445958894808673E-003 0.52547630197290152 8.4866405515048402E-003	12
0.50 0.25 0.90 -5.8958882499366858E-002 6.6212364812532386E-003 0.51649620153266540 8.5606707110743013E-003	12
0.50 0.25 1.00 -7.7393352978351024E-002 8.4223769328960543E-003 0.50971241673231071 8.6051945905086108E-003	12
0.50 0.25 1.10 -0.10673417946851922 9.9288510532618886E-003 0.49536110482989126 8.6733526114156131E-003	12
0.50 0.25 1.20 -0.11731696652904230 9.2131073737738763E-003 0.48143348353457655 8.7511050702078208E-003	12
0.50 0.25 1.30 -0.13197144518186596 1.0697923433051945E-002 0.47118031806441929 8.8367987114146840E-003	12
0.50 0.25 1.40 -0.16893423735328844 1.1617166776752600E-002 0.45891435161355565 8.9114515205042811E-003	12
0.50 0.25 1.50 -0.17975663459300384 1.2099766911910162E-002 0.45003238035657833 8.9268395304715527E-003	12
0.50 0.25 1.60 -0.16374536099033504 1.1138510481625823E-002 0.44562457028148311 8.9644954852128832E-003	12
0.50 0.25 1.70 -0.19222521842895884 1.2122214889271109E-002 0.44121174983321609 9.0011768000497604E-003	12
0.50 0.25 1.80 -0.21120398551815286 1.1659588973010710E-002 0.43225548052370333 9.0416457420946159E-003	12
0.50 0.25 1.90 -0.26536570265120402 1.4038941516987979E-002 0.42399181490975751 9.1173581030954496E-003	12
0.50 0.25 2.00 -0.27067968764464267 1.2632231638599636E-002 0.42581287808685903 9.0985770500699795E-003	12
0.50 0.25 2.10 -0.25563249322199516 1.3658481220744116E-002 0.42113693024884596 9.0953718590709286E-003	12
0.50 0.25 2.20 -0.30131226653438270 1.3616653476918537E-002 0.41354696338602831 9.1455742712044114E-003	12
0.50 0.25 2.30 -0.32139710118710146 1.3080568297774625E-002 0.41063074682372774 9.1634412999124660E-003	12
0.50 0.25 2.40 -0.31739649100643241 1.3102656729953652E-002 0.41267995589314649 9.1298223232935734E-003	12
0.50 0.25 2.50 -0.35829208851207689 1.4558463500504930E-002 0.40750956156879548 9.1511594304449859E-003	12
0.50 0.25 2.60 -0.34659166150246146 1.4159320062644734E-002 0.40508567487869357 9.1765860406650152E-003	12
0.50 0.25 2.70 -0.37676817202769791 1.4877439070669204E-002 0.40598796348083965 9.1986157385957716E-003	12
0.50 0.25 2.80 -0.37804527760399098 1.4158906914655576E-002 0.40497934134181973 9.2008375260426330E-003	12
0.50 0.25 2.90 -0.40755412296229215 1.6489486544288383E-002 0.40441406130101337 9.1958725668055442E-003	12
0.50 0.25 3.00 -0.39049847819448785 1.4531979863266915E-002 0.40468550960618138 9.2143220329658302E-003	12
0.50 0.25 3.10 -0.41203048906255790 1.4321212633400353E-002 0.40107814970776617 9.1868531570817695E-003	12
0.50 0.25 3.20 -0.44127844712445552 1.6325158700275288E-002 0.40187649330033087 9.2057386038764365E-003	12
0.50 0.25 3.30 -0.44153425895934190 1.7183304819360281E-002 0.39867916682985016 9.1798251780734856E-003	12
0.50 0.25 3.40 -0.44751382831363518 1.6072541921548306E-002 0.39983780731767060 9.2167736061077518E-003	12
0.50 0.25 3.50 -0.47106744020229391 1.6009208226027392E-002 0.39955400418040338 9.2194756918489718E-003	12
0.50 0.25 3.60 -0.47760620598349002 1.4667980819252789E-002 0.39948426054007408 9.2407023809350231E-003	12
0.50 0.25 3.70 -0.47614722896541289 1.4508491522276458E-002 0.39810158550060271 9.2061557669254404E-003	12
0.50 0.25 3.80 -0.47956959840238866 1.6671769556208676E-002 0.39806202906212340 9.2321454859303192E-003	12
0.50 0.25 3.90 -0.50762537125068874 1.6632021148462375E-002 0.39667566884210292 9.2476661919551825E-003	12
0.50 0.25 4.00 -0.50675049341095035 1.7355508779211850E-002 0.39804130568985036 9.2453854016978053E-003	12
0.50 0.25 4.10 -0.51957181053348855 1.4075413584248807E-002 0.39712656069316132 9.2183124956936920E-003	12
0.50 0.25 4.20 -0.52663986157042164 1.6596292647591826E-002 0.39572752034508046 9.2095491970658767E-003	12
0.50 0.25 4.30 -0.53447420149539382 1.6136328617949527E-002 0.39549685152842490 9.2465670040067678E-003	12
0.50 0.25 4.40 -0.54496158390713134 1.6043074095894318E-002 0.39554526000953277 9.2302280088001343E-003	12
0.50 0.25 4.50 -0.55749711941737434 1.6447940018672020E-002 0.39444186368256906 9.2222651884757267E-003	12
0.50 0.25 4.60 -0.56552223279480085 1.6527514598734010E-002 0.39569858079402548 9.2853005574310022E-003	12
0.50 0.25 4.70 -0.54188742397093381 1.6069289651106981E-002 0.39492486465101756 9.2212747055182235E-003	12
0.50 0.25 4.80 -0.56157231987517287 1.6250396594718722E-002 0.39651254010397136 9.2303136136684706E-003	12
0.50 0.25 4.90 -0.58407161923316120 1.5825620950948218E-002 0.39474319023152743 9.2327160751705887E-003	12
0.50 0.25 5.00 -0.58903211153859358 1.6602986083436203E-002 0.39431881287725612 9.2142844888258475E-003	12
0.50 0.25 5.10 -0.58602391560990708 1.6768893035139752E-002 0.39459639440582539 9.2324535441316684E-003	12
0.50 0.25 5.20 -0.56590578801957125 1.7534467619422404E-002 0.39457799116712544 9.2454031067399928E-003	12
0.50 0.25 5.30 -0.61874084056815659 1.6827768373982671E-002 0.39727933737346255 9.2446923886410747E-003	12
0.50 0.25 5.40 -0.60895921470938641 1.6645534886655912E-002 0.39487597301714761 9.2396496072889873E-003	12
0.50 0.25 5.50 -0.62584158633356046 1.7488011792217647E-002 0.39505922800310200 9.2607309550272188E-003	12
0.50 0.25 5.60 -0.60951817662291097 1.5888902450523698E-002 0.39374269656258792 9.2221169231776461E-003	12
0.50 0.25 5.70 -0.61885008937261654 1.6730270205373009E-002 0.39277730350205081 9.2119398568542444E-003	12
0.50 0.25 5.80 -0.60770483722975577 1.6410043659653723E-002 0.39449760934612860 9.2302004480747726E-003	12
0.50 0.25 5.90 -0.62206305973765019 1.5376522428878697E-002 0.39340288868399798 9.2555523145194454E-003	12
0.50 0.25 6.00 -0.60967117071063592 1.6750306268363938E-002 0.39409947099176196 9.2413412468950948E-003	12

0.50 0.25 0.00 -8.9584172572262780E-006 NaN NaN NaN	14
0.50 0.25 0.10 -2.6588646154435494E-003 2.8496433040602954E-003 0.51599204738742332 4.4348072584645785E-003	14
0.50 0.25 0.20 -5.3981958249550805E-003 2.3801569753829749E-003 0.53274597827434356 4.3766608465456462E-003	14
0.50 0.25 0.30 -7.0378454842660448E-003 2.3369717488848554E-003 0.53447152647819873 4.3811326577486006E-003	14
0.50 0.25 0.40 -7.5887019733911531E-003 2.9303059858955091E-003 0.53604355610874865 4.3609627830760965E-003	14
0.50 0.25 0.50 -1.9056530438292398E-002 3.7721303923947216E-003 0.53366172143578372 4.3777739814320578E-003	14
0.50 0.25 0.60 -2.4623928226717714E-002 5.1837931084669896E-003 0.53419321047640256 4.3708765411547617E-003	14
0.50 0.25 0.70 -2.9869609453302762E-002 6.5222389993472886E-003 0.53327352664235694 4.3731594703455921E-003	14
0.50 0.25 0.80 -3.5884609397415973E-002 5.0847487747521947E-003 0.53057881266058426 4.3766123177061160E-003	14
0.50 0.25 0.90 -3.9283791943446063E-002 5.4679730860132071E-003 0.52905671224385176 4.3990983610966263E-003	14
0.50 0.25 1.00 -4.6763657424750971E-002 6.0061568252978521E-003 0.52256983897456255 4.4137638452682029E-003	14
0.50 0.25 1.10 -7.1011971442377156E-002 7.4901867108473396E-003 0.51421859087712463 4.4439750869894471E-003	14
0.50 0.25 1.20 -9.6018932087027678E-002 9.9088362623575860E-003 0.50114258633573483 4.4866192930383400E-003	14
0.50 0.25 1.30 -9.8128612967542939E-002 8.5710767944992255E-003 0.49060834363247202 4.5268492082664912E-003	14
0.50 0.25 1.40 -0.11331187035560381 7.6412539789227378E-003 0.47623188603154498 4.5487019153944500E-003	14
0.50 0.25 1.50 -0.13078085447925986 9.4236083181209150E-003 0.46818433603871334 4.5805705570435406E-003	14
0.50 0.25 1.60 -0.17570550199065010 1.1029874293669457E-002 0.44937367068622297 4.6493558620321097E-003	14
0.50 0.25 1.70 -0.18047679140354672 1.0778774932854340E-002 0.44189547176514754 4.6663676735458140E-003	14
0.50 0.25 1.80 -0.20771251977972555 1.1914854977511050E-002 0.43583995729616332 4.6760806139361944E-003	14
0.50 0.25 1.90 -0.22540179818618153 1.3415957236484307E-002 0.42751817089600436 4.7009323629094903E-003	14
0.50 0.25 2.00 -0.25147724057610954 1.1344967494979362E-002 0.42057660835418836 4.7235877273226349E-003	14
0.50 0.25 2.10	14
0.50 0.25 2.20 -0.26001709818928237 1.2344646843586595E-002 0.41467466045838547 4.7312272084573895E-003	14
0.50 0.25 2.30 -0.29686070280423299 1.1957340319978084E-002 0.41162634979794277 4.7485457047795237E-003	14
0.50 0.25 2.40 -0.31586587119050441 1.4031087686204313E-002 0.40897628748016579 4.7571727831090052E-003	14
0.50 0.25 2.50 -0.31866336843626131 1.3876476249965951E-002 0.40774964326323709 4.7504167338756299E-003	14
0.50 0.25 2.60 -0.33845475820888410 1.3088394254673952E-002 0.40428180342874465 4.7673747480615628E-003	14
0.50 0.25 2.70 -0.33756235777021054 1.3547256506843387E-002 0.40228900106050103 4.7701965839577554E-003	14
0.50 0.25 2.80 -0.37355122244508260 1.3287072110622413E-002 0.40217578341418764 4.7729947076809269E-003	14
0.50 0.25 2.90 -0.37889552600774973 1.3622796439535635E-002 0.39864314344094914 4.7725164000558375E-003	14
0.50 0.25 3.00 -0.40703378400854029 1.3110482877301773E-002 0.39941015876728742 4.7727069694851144E-003	14
0.50 0.25 3.10 -0.41236627017323541 1.4433453898951629E-002 0.39996635417396392 4.7787995917286273E-003	14
0.50 0.25 3.20 -0.40485427874014346 1.2575246298390639E-002 0.39633407556184014 4.7793870427088039E-003	14
0.50 0.25 3.30 -0.42029607491967064 1.4381517862821118E-002 0.39662026744515583 4.7852331450411638E-003	14
0.50 0.25 3.40	14
0.50 0.25 3.50	14
0.50 0.25 3.60 -0.48095987397295070 1.5397622014893565E-002 0.39521458286496264 4.7899289074794090E-003	14
0.50 0.25 3.70 -0.45536430073629319 1.5045578764684301E-002 0.39462880431745867 4.7940946536845445E-003	14
0.50 0.25 3.80 -0.49335206078532740 1.5376705445686136E-002 0.39448871192873780 4.7872386114315565E-003	14
0.50 0.25 3.90 -0.49741171432241821 1.5277898736876466E-002 0.39558564697348342 4.7909887306721646E-003	14
0.50 0.25 4.00 -0.50909171216137905 1.4820665233639157E-002 0.39292388842996590 4.7919858878111453E-003	14
0.50 0.25 4.10 -0.51357129413792835 1.4387442147577846E-002 0.39421585710580348 4.7976934512567182E-003	14
0.50 0.25 4.20 -0.53072503307123386 1.4855073856673635E-002 0.39457697335453101 4.7947510973791628E-003	14
0.50 0.25 4.30 -0.52365908108529180 1.5196403995984631E-002 0.39355882402920261 4.7877028767905234E-003	14
0.50 0.25 4.40 -0.50329468727456772 1.5246578732596373E-002 0.39240570566218202 4.7931492805181877E-003	14
0.50 0.25 4.50 -0.53109660504908485 1.5039332411805406E-002 0.39239782332570811 4.7913634547105894E-003	14
0.50 0.25 4.60 -0.55588756576013409 1.5499405180961916E-002 0.39211140501661251 4.7986081794501962E-003	14
0.50 0.25 4.70 -0.56553091559330848 1.4838860698340723E-002 0.39325092775127202 4.7982799307727331E-003	14
0.50 0.25 4.80 -0.54118981429504531 1.5658199051150543E-002 0.39312187767182299 4.7970250554101477E-003	14
0.50 0.25 4.90 -0.57141237177320714 1.5580895782826768E-002 0.39293641915086952 4.7897685350361437E-003	14
0.50 0.25 5.00 -0.56962714877373799 1.5395285369418355E-002 0.39389344605002968 4.7961673124247688E-003	14
0.50 0.25 5.10 -0.58373175418763779 1.5113014338064057E-002 0.39142431978110259 4.7997790268939971E-003	14
0.50 0.25 5.20 -0.58136004536628394 1.4529502067733562E-002 0.39307564910756670 4.7973326024658034E-003	14
0.50 0.25 5.30 -0.58809372188748121 1.5208672110021474E-002 0.39175522682820785 4.7974207080943038E-003	14
0.50 0.25 5.40 Binary file out2.txt matches Binary file out2.txt matches	14
0.50 0.25 5.50 -1.5567407268471048E-002 5.0811387059139452E-003 0.53553729409508422 4.3670906187016773E-003	14
0.50 0.25 5.60 -1.5529938780972212E-002 5.3656210072025451E-003 6.9342637833403322E-310 101.00000000000000	14
0.50 0.25 5.70 Binary file out2.txt matches	14
0.50 0.25 5.80 Binary file out2.txt matches	14
0.50 0.25 5.90 6.9316472492194600E-310 120000.00000000000	14
0.50 0.25 6.00 -2.0315262640684555E-002 5.7613315454273298E-003 0.53015941611122219 4.3443185264461616E-003	14





