0.50 0.00 0.00 0.51438780974803411 6.4102836288676454E-002
0.50 0.00 0.40 0.47728303889372625 6.0015979024521125E-002
0.50 0.00 0.80 0.48582226913767412 6.0273484118679048E-002
0.50 0.00 1.20 0.48803079276249395 6.0896994757278874E-002
0.50 0.00 1.60 0.47173629324360411 6.1929996019809266E-002
0.50 0.00 2.00 0.46107693424743257 6.2047852372149173E-002
0.50 0.00 2.40 0.45652707772368323 6.1904080813103717E-002
0.50 0.00 2.80 0.45542244843462731 6.3010389236421785E-002
0.50 0.00 3.20 0.44331485186487363 6.2749123499786633E-002
0.50 0.00 3.60 0.44135071571437107 6.2551445892358684E-002
0.50 0.00 4.00 0.43686221946832332 6.2860779430807243E-002
0.50 0.00 4.40 0.43348555548819168 6.3074137868375638E-002
0.50 0.00 4.80 0.42869171849378629 6.2906314853390294E-002
0.50 0.00 5.20 0.42499610463197718 6.2948964578235997E-002
0.50 0.00 5.60 0.41821933826266078 6.3591764092914296E-002
0.50 0.00 6.00 0.42399000346516802 6.3524177597124698E-002
0.50 0.00 6.40 0.42310664944580961 6.3436231853814778E-002
0.50 0.00 6.80 0.41755224259608881 6.2717215476891311E-002
0.50 0.00 7.20 0.41567694461375987 6.3618169707767472E-002
0.50 0.00 7.60 0.41315189062831531 6.4101708193928006E-002
0.50 0.00 8.00 0.41404937303218270 6.3365561111101004E-002
0.50 0.00 8.40 0.40998862211641696 6.3392014265965579E-002
0.50 0.00 8.80 0.40731694394146667 6.3397688603258201E-002
0.50 0.00 9.20 0.41292901431709728 6.3812981742905200E-002
0.50 0.00 9.60 0.40527861642180002 6.4497446572353442E-002
0.50 0.00 10.00 0.40602597379721556 6.3423537887086351E-002
0.50 0.00 10.40 0.40812456628118865 6.3355893513672989E-002
0.50 0.00 10.80 0.40903426095636108 6.4394064635602086E-002
0.50 0.00 11.20 0.40156584814303936 6.3669983815074591E-002
0.50 0.00 11.60 0.39679526026710521 6.3754622474673089E-002
0.50 0.00 12.00 0.39994937785080065 6.3834185373711577E-002

0.50 0.20 0.00 0.51976604053553599 6.2263977916790308E-002
0.50 0.20 0.40 0.57893980831666370 5.4676414279556142E-002
0.50 0.20 0.80 0.54977300981504940 5.7412162181359902E-002
0.50 0.20 1.20 0.52196838043626470 5.9566319440441169E-002
0.50 0.20 1.60 0.49924720370555803 6.0571723373248856E-002
0.50 0.20 2.00 0.48936194924861010 6.0501510067047536E-002
0.50 0.20 2.40 0.48049812352455767 6.0726104357160207E-002
0.50 0.20 2.80 0.47094266446157046 6.1707044200585613E-002
0.50 0.20 3.20 0.46649710495897134 6.1452780588352192E-002
0.50 0.20 3.60 0.46433297264394302 6.1574967358288796E-002
0.50 0.20 4.00 0.45880564450625289 6.1620693291472198E-002
0.50 0.20 4.40 0.45415906435863507 6.2656222762991529E-002
0.50 0.20 4.80 0.45111247796844428 6.2919750494538601E-002
0.50 0.20 5.20 0.45614368828551444 6.2817793888727921E-002
0.50 0.20 5.60 0.45415544580135753 6.3340528384263600E-002
0.50 0.20 6.00 0.44722390637050646 6.3188193042964497E-002
0.50 0.20 6.40 0.44204362571698974 6.2782946617608984E-002
0.50 0.20 6.80 0.44252298243897598 6.3294079938616216E-002
0.50 0.20 7.20 0.44255603596275189 6.3658499641014749E-002
0.50 0.20 7.60 0.43820263797906983 6.3481526801643873E-002
0.50 0.20 8.00 0.43874916437102068 6.3444428440754014E-002
0.50 0.20 8.40 0.43379020088536546 6.3335507468436997E-002
0.50 0.20 8.80 0.43707735821462929 6.3649824204507419E-002
0.50 0.20 9.20 0.43401670402668896 6.2999626725031913E-002
0.50 0.20 9.60 0.43398541649853406 6.3575428812724127E-002
0.50 0.20 10.00 0.43552822425598564 6.3937370772444213E-002
0.50 0.20 10.40 0.42920708036695843 6.3377386564984317E-002
0.50 0.20 10.80 0.43019037165058405 6.3877459854394136E-002
0.50 0.20 11.20 0.42973730369099011 6.4293078718018357E-002
0.50 0.20 11.60 0.43154652829982043 6.4211837293419380E-002
0.50 0.20 12.00 0.42782620757071543 6.4332978446025507E-002

0.50 0.40 0.00 0.44581140744642439 6.8746293916294388E-002
0.50 0.40 0.40 0.53393768057465907 6.3170830820018814E-002
0.50 0.40 0.80 0.55594923756102066 5.9211367847251901E-002
0.50 0.40 1.20 0.52886565103741712 6.0004283285173932E-002
0.50 0.40 1.60 0.51021280274506231 6.0420943531036407E-002
0.50 0.40 2.00 0.50319977543574401 6.0667394954726159E-002
0.50 0.40 2.40 0.49569688208049617 6.1179574012255857E-002
0.50 0.40 2.80 0.49094163489797094 6.0998347850067643E-002
0.50 0.40 3.20 0.48376462496471745 6.1374815892742747E-002
0.50 0.40 3.60 0.47618553823828941 6.1651707504009466E-002
0.50 0.40 4.00 0.47434034922217450 6.1505181752998322E-002
0.50 0.40 4.40 0.47215664380452527 6.1837168989927714E-002
0.50 0.40 4.80 0.46773034303465899 6.2819490165769487E-002
0.50 0.40 5.20 0.46174081193216415 6.2281732411783364E-002
0.50 0.40 5.60 0.46159057383612101 6.2613253679678446E-002
0.50 0.40 6.00 0.45946067474255453 6.2288317719770468E-002
0.50 0.40 6.40 0.45368933481887819 6.2889031778785298E-002
0.50 0.40 6.80 0.45094827889731215 6.2650911403135931E-002
0.50 0.40 7.20 0.45256959634687688 6.2987906155576479E-002
0.50 0.40 7.60 0.44826941529611408 6.3199184786051507E-002
0.50 0.40 8.00 0.44797154008895818 6.2695044778366960E-002
0.50 0.40 8.40 0.44453894451785991 6.3987320273510492E-002
0.50 0.40 8.80 0.44372041545009877 6.3149669052722013E-002
0.50 0.40 9.20 0.44897389063255844 6.3270008852060605E-002
0.50 0.40 9.60 0.44802805267142159 6.3050796543280566E-002
0.50 0.40 10.00 0.44281653388119208 6.3252988814763253E-002
0.50 0.40 10.40 0.43702335138408965 6.3295698954746391E-002
0.50 0.40 10.80 0.43997602959845905 6.4016258289938607E-002
0.50 0.40 11.20 0.43759152746757596 6.3458611766068249E-002
0.50 0.40 11.60 0.43858164746207534 6.4032578576635427E-002
0.50 0.40 12.00 0.43604196982046844 6.4002051067282559E-002

0.50 0.60 0.00 0.42109856711929006 7.2493881552820064E-002
0.50 0.60 0.40 0.50145818917084628 5.8819670828997701E-002
0.50 0.60 0.80 0.52136645488728672 5.9325640735873694E-002
0.50 0.60 1.20 0.51927323232586609 6.0292528861257952E-002
0.50 0.60 1.60 0.51007590445640472 6.0215809858311653E-002
0.50 0.60 2.00 0.50806987291419570 6.0554524368654231E-002
0.50 0.60 2.40 0.50139168849198534 6.0575813309707717E-002
0.50 0.60 2.80 0.49447173716993331 6.1134698964865841E-002
0.50 0.60 3.20 0.49642217260309318 6.0953085025105817E-002
0.50 0.60 3.60 0.48005541776647764 6.2116165457549583E-002
0.50 0.60 4.00 0.48348530375109700 6.0897003220010335E-002
0.50 0.60 4.40 0.47803388205505443 6.1824759702107004E-002
0.50 0.60 4.80 0.46709747655740452 6.1593314577469208E-002
0.50 0.60 5.20 0.46939813010237286 6.1964799868244748E-002
0.50 0.60 5.60 0.46299353307718250 6.1949605336259081E-002
0.50 0.60 6.00 0.46648213339789590 6.2507011348717764E-002
0.50 0.60 6.40 0.45398487255421127 6.1990332787459655E-002
0.50 0.60 6.80 0.45529626404364232 6.2531245033994931E-002
0.50 0.60 7.20 0.45428358889011700 6.2375128100703059E-002
0.50 0.60 7.60 0.44982858496866501 6.2384934941377673E-002
0.50 0.60 8.00 0.45067476625329084 6.3325855091378905E-002
0.50 0.60 8.40 0.45018872184685704 6.3049667890255373E-002
0.50 0.60 8.80 0.44656453215588093 6.2811658002198345E-002
0.50 0.60 9.20 0.44387389187057674 6.3031270112692883E-002
0.50 0.60 9.60 0.44458060669292720 6.2935288810033407E-002
0.50 0.60 10.00 0.43684893059697955 6.2393238207620910E-002
0.50 0.60 10.40 0.44111493239712168 6.3393131992673088E-002
0.50 0.60 10.80 0.43506983080772327 6.3199877339503427E-002
0.50 0.60 11.20 0.43924332142164274 6.3164265090330629E-002
0.50 0.60 11.60 0.43191537878415370 6.2943077133488637E-002
0.50 0.60 12.00 0.43548337124655789 6.3210034525466807E-002

0.50 0.80 0.00 0.45850055139482659 8.5851984170824111E-002
0.50 0.80 0.40 0.46364938050712012 6.5885334685467672E-002
0.50 0.80 0.80 0.46903548295228059 6.2015033182332327E-002
0.50 0.80 1.20 0.48903700736236788 6.0215222909489052E-002
0.50 0.80 1.60 0.49417116486767421 6.0707081476474890E-002
0.50 0.80 2.00 0.49763537770072758 6.0599585717152911E-002
0.50 0.80 2.40 0.50270606059476708 5.9912499484875904E-002
0.50 0.80 2.80 0.49404898485467363 6.0944124343710278E-002
0.50 0.80 3.20 Binary file (standard input) matches
0.50 0.80 3.60 0.48317105875637922 6.1481088967063356E-002
0.50 0.80 4.00 0.47586738764793884 6.0853585011559949E-002
0.50 0.80 4.40 0.47693850143431049 6.2092720281300438E-002
0.50 0.80 4.80 0.46857307718085695 6.1628105226362889E-002
0.50 0.80 5.20 0.46533493871465997 6.2351398110282112E-002
0.50 0.80 5.60 0.46213222826407530 6.2458234742435864E-002
0.50 0.80 6.00 0.45613927936880660 6.2865054079441457E-002
0.50 0.80 6.40 0.45991555074076890 6.2000440224988719E-002
0.50 0.80 6.80 0.45092545672736845 6.2796282574335394E-002
0.50 0.80 7.20 0.45101592162971038 6.2987635636910608E-002
0.50 0.80 7.60 0.45566124553931031 6.2567086683084236E-002
0.50 0.80 8.00 0.44663593587290223 6.2629448481370989E-002
0.50 0.80 8.40 0.44332556365552411 6.3190902495082218E-002
0.50 0.80 8.80 0.44561862648437928 6.2793347104646027E-002
0.50 0.80 9.20 0.43726220676492000 6.2626294730629709E-002
0.50 0.80 9.60 0.43976386727217143 6.3122802781130138E-002
0.50 0.80 10.00 0.44343529862838837 6.2565555822572394E-002
0.50 0.80 10.40 0.43864184266618522 6.3463378182946034E-002
0.50 0.80 10.80 0.43601372797828342 6.3773397850468178E-002
0.50 0.80 11.20 0.43056957545470598 6.3066872317366837E-002
0.50 0.80 11.60 0.43431265140786313 6.3632465032864780E-002
0.50 0.80 12.00 0.43165474367386691 6.2890431198449018E-002

0.50 1.00 0.00 0.36929137049960858 6.0213386560806499E-002
0.50 1.00 0.40 0.50475902786573534 6.0285431302330501E-002
0.50 1.00 0.80 0.49243908662962443 6.0799950392812614E-002
0.50 1.00 1.20 0.48405375820589536 6.0450814545678029E-002
0.50 1.00 1.60 0.48470990732610320 6.1521185291694376E-002
0.50 1.00 2.00 0.48276335618679844 6.1598692188762551E-002
0.50 1.00 2.40 0.47702325397358802 6.0771584018338785E-002
0.50 1.00 2.80 0.47732647554114066 6.1536101129395178E-002
0.50 1.00 3.20 0.47744608279598272 6.2053672990394645E-002
0.50 1.00 3.60 0.47109475453652222 6.1489608141614444E-002
0.50 1.00 4.00 0.47084381651565083 6.1541546698446491E-002
0.50 1.00 4.40 0.46690796218267383 6.2121999466978071E-002
0.50 1.00 4.80 0.46553912781879292 6.2569097370920271E-002
0.50 1.00 5.20 0.46205441043615253 6.2372558082570063E-002
0.50 1.00 5.60 0.46376738886769237 6.2335934837880566E-002
0.50 1.00 6.00 0.46143237496939171 6.2409909256465411E-002
0.50 1.00 6.40 0.45421910097365525 6.1982316569121093E-002
0.50 1.00 6.80 0.44739994327952004 6.2114800767889201E-002
0.50 1.00 7.20 0.44986184653449540 6.2533567580245419E-002
0.50 1.00 7.60 0.45244000421553682 6.2718429727665392E-002
0.50 1.00 8.00 0.45152990054848230 6.2416260880012883E-002
0.50 1.00 8.40 0.44862365759775907 6.2878201841106041E-002
0.50 1.00 8.80 0.44287621165894508 6.2763722862319946E-002
0.50 1.00 9.20 0.44385891561049773 6.3422673172569236E-002
0.50 1.00 9.60 0.44037806631995774 6.2923832137894903E-002
0.50 1.00 10.00 0.43617848774066958 6.2979367956538287E-002
0.50 1.00 10.40 0.44175367652427450 6.3283012224111479E-002
0.50 1.00 10.80 0.43811795261004177 6.2933146895318121E-002
0.50 1.00 11.20 0.43592124359986151 6.2714265253264512E-002
0.50 1.00 11.60 0.43255555768413689 6.3327260197570276E-002
0.50 1.00 12.00 0.43441015956403123 6.3743345952996355E-002

0.50 1.20 0.00 0.28840969622209134 5.9473161612799433E-002
0.50 1.20 0.40 0.42636065363982451 6.0382775742640928E-002
0.50 1.20 0.80 0.47663349471976479 5.9830299652407458E-002
0.50 1.20 1.20 0.49110810081522321 6.0858017951917011E-002
0.50 1.20 1.60 0.48400521476194253 6.0913948919181185E-002
0.50 1.20 2.00 0.48443364211328765 6.1095274708508111E-002
0.50 1.20 2.40 0.48416309375617478 6.1820121166460157E-002
0.50 1.20 2.80 0.47978926745590283 6.1370795575316620E-002
0.50 1.20 3.20 0.47709922269108357 6.1892088469845188E-002
0.50 1.20 3.60 0.46775629117861683 6.1582679409890213E-002
0.50 1.20 4.00 0.46291469866396751 6.2097957421255429E-002
0.50 1.20 4.40 0.46763454586391318 6.2474440476622491E-002
0.50 1.20 4.80 0.46303597704210187 6.2865838869610169E-002
0.50 1.20 5.20 0.45972625542731338 6.2499539486807899E-002
0.50 1.20 5.60 0.45922388466335934 6.2583618331732260E-002
0.50 1.20 6.00 0.45412480294323371 6.3127769018040236E-002
0.50 1.20 6.40 0.45490643248359736 6.2996528486431169E-002
0.50 1.20 6.80 0.44893362218314115 6.2571342468324770E-002
0.50 1.20 7.20 0.44738760962622415 6.3162255081138624E-002
0.50 1.20 7.60 0.44864107515347618 6.3127830493648215E-002
0.50 1.20 8.00 0.44068509057875749 6.3204337919135795E-002
0.50 1.20 8.40 0.43803366947081590 6.3234328839523263E-002
0.50 1.20 8.80 0.44131005616667390 6.3577122764271535E-002
0.50 1.20 9.20 0.43915080227746267 6.3319723849006720E-002
0.50 1.20 9.60 0.43745154266939057 6.3114166782111361E-002
0.50 1.20 10.00 0.43333360491863215 6.3956695288559753E-002
0.50 1.20 10.40 0.43388850802088735 6.2819179624635318E-002
0.50 1.20 10.80 0.43716826073672788 6.2961895475462465E-002
0.50 1.20 11.20 0.42657569293610625 6.3100808150905768E-002
0.50 1.20 11.60 0.42892276692324927 6.2795047029327908E-002
0.50 1.20 12.00 0.43069107777806009 6.3540762221184724E-002

0.50 1.40 0.00 0.37027813126183406 6.4436205399179519E-002
0.50 1.40 0.40 0.49463389843819483 6.0668221873965422E-002
0.50 1.40 0.80 0.49701995400629900 6.2475385315004663E-002
0.50 1.40 1.20 0.48950798954649022 6.1395053928082866E-002
0.50 1.40 1.60 0.48821976988434324 6.1580772671988845E-002
0.50 1.40 2.00 0.48196187113280509 6.1559940900569328E-002
0.50 1.40 2.40 0.47743015363743863 6.0952838577731684E-002
0.50 1.40 2.80 0.47451562238911749 6.1935873211814749E-002
0.50 1.40 3.20 0.47175801058861005 6.2078772040588412E-002
0.50 1.40 3.60 0.46873981854391056 6.1438657125196673E-002
0.50 1.40 4.00 0.46985394627617766 6.2179184793362374E-002
0.50 1.40 4.40 0.46797820865027512 6.2331429644182347E-002
0.50 1.40 4.80 0.46512872809015449 6.1876421895088282E-002
0.50 1.40 5.20 0.45633732948050004 6.2553229548602193E-002
0.50 1.40 5.60 0.44940987531683801 6.2248999737917192E-002
0.50 1.40 6.00 0.44876307649796487 6.2569300299853123E-002
0.50 1.40 6.40 0.45696251228157092 6.2397096643138972E-002
0.50 1.40 6.80 0.44985089181863697 6.3356841156733970E-002
0.50 1.40 7.20 0.44802690185537281 6.2919085933053245E-002
0.50 1.40 7.60 0.44491454132296432 6.3298111017370096E-002
0.50 1.40 8.00 0.44458115168396450 6.3651688760830050E-002
0.50 1.40 8.40 0.44473990660735579 6.3247487877691716E-002
0.50 1.40 8.80 0.44584862535546704 6.3390175719272426E-002
0.50 1.40 9.20 0.44108429532187560 6.3686568441870109E-002
0.50 1.40 9.60 0.43604947353981566 6.3656462825534513E-002
0.50 1.40 10.00 0.43979478106978576 6.3456308779521492E-002
0.50 1.40 10.40 0.44229413903322767 6.3374262497329997E-002
0.50 1.40 10.80 0.43661429276499897 6.3698454309825028E-002
0.50 1.40 11.20 0.43692083954511152 6.4332368425552150E-002
0.50 1.40 11.60 0.43561545974064425 6.3394529270033556E-002
0.50 1.40 12.00 0.43259972497802063 6.3582897929615897E-002

0.50 1.60 0.00 0.15129777694642613 3.1612460158401294E-002
0.50 1.60 0.40 0.39417625859278116 6.2136803692088870E-002
0.50 1.60 0.80 0.44448724604084183 6.1512941449603981E-002
0.50 1.60 1.20 0.46535139528601172 6.1197145838728699E-002
0.50 1.60 1.60 0.47205438930615456 6.1045493286281206E-002
0.50 1.60 2.00 0.48170954308684860 6.1619106594260092E-002
0.50 1.60 2.40 0.47431861675570330 6.2012499655760472E-002
0.50 1.60 2.80 0.47658309372158181 6.1657248193201238E-002
0.50 1.60 3.20 0.46888428932845982 6.2301263153503303E-002
0.50 1.60 3.60 0.47311893870054184 6.2332180137436709E-002
0.50 1.60 4.00 0.46862004949547442 6.2100957132365554E-002
0.50 1.60 4.40 0.46345789395026449 6.1977260668468842E-002
0.50 1.60 4.80 0.45906341043167098 6.3070901324404710E-002
0.50 1.60 5.20 0.45670271671605284 6.2595873004430314E-002
0.50 1.60 5.60 0.45472344294466760 6.2392996982934781E-002
0.50 1.60 6.00 0.45278511903333463 6.2787323734674480E-002
0.50 1.60 6.40 0.45466836752475420 6.3200629040537401E-002
0.50 1.60 6.80 0.45013087705022886 6.3189738352922936E-002
0.50 1.60 7.20 0.44636239075691675 6.3399320778810053E-002
0.50 1.60 7.60 0.44744883144707270 6.3513727582949361E-002
0.50 1.60 8.00 0.43691943581078158 6.3156515388082687E-002
0.50 1.60 8.40 0.44125576936670080 6.3599380090785571E-002
0.50 1.60 8.80 0.43442211745569759 6.3038414572837279E-002
0.50 1.60 9.20 0.43220828377767651 6.3206875391770653E-002
0.50 1.60 9.60 0.43579865464379103 6.3330865425883356E-002
0.50 1.60 10.00 0.43122061628047714 6.3257969133027933E-002
0.50 1.60 10.40 0.43419034060948575 6.3853795946173492E-002
0.50 1.60 10.80 0.43211731045991308 6.3188070749683009E-002
0.50 1.60 11.20 0.42956079502740696 6.3467743069764423E-002
0.50 1.60 11.60 0.43202114148381660 6.3839796376909494E-002
0.50 1.60 12.00 0.42435125814943336 6.3510787256693790E-002

0.50 1.80 0.00 0.32562272207468546 7.5640499891776236E-002
0.50 1.80 0.40 0.47660652159205108 6.3498670681672253E-002
0.50 1.80 0.80 0.49656813551301165 6.0886614027034061E-002
0.50 1.80 1.20 0.49333388017049529 6.1066818350082590E-002
0.50 1.80 1.60 0.48874444338939310 6.1829997016868220E-002
0.50 1.80 2.00 0.48745332198738522 6.1983934571045368E-002
0.50 1.80 2.40 0.48203495937643304 6.2562470736419504E-002
0.50 1.80 2.80 0.47440300546069086 6.2090023702384534E-002
0.50 1.80 3.20 0.47758260850004391 6.2670212059499797E-002
0.50 1.80 3.60 0.46611482885892180 6.2043935034458216E-002
0.50 1.80 4.00 0.47151822529489512 6.2201995128505008E-002
0.50 1.80 4.40 0.46930729405576344 6.2691017645304867E-002
0.50 1.80 4.80 0.46740607467334999 6.2453195328689079E-002
0.50 1.80 5.20 0.45550165835488460 6.1440554727037862E-002
0.50 1.80 5.60 0.45807822485339783 6.3117605931201193E-002
0.50 1.80 6.00 0.45670573955867066 6.2567676560747354E-002
0.50 1.80 6.40 0.45316657953837769 6.2399218146739273E-002
0.50 1.80 6.80 0.45152506421065997 6.3396945724261536E-002
0.50 1.80 7.20 0.44751658603076921 6.3072195129293962E-002
0.50 1.80 7.60 0.44894712739604276 6.2864300652670166E-002
0.50 1.80 8.00 0.45434527051800339 6.2948556421720883E-002
0.50 1.80 8.40 0.45320038990711764 6.3012046934215596E-002
0.50 1.80 8.80 0.44495489952532469 6.2479484818736303E-002
0.50 1.80 9.20 0.44740917014056231 6.3389826794145662E-002
0.50 1.80 9.60 0.45087964662434998 6.3546696964015686E-002
0.50 1.80 10.00 0.44256072015657244 6.3205030696400946E-002
0.50 1.80 10.40 0.44288664577301695 6.3206356653023071E-002
0.50 1.80 10.80 0.44623285454290240 6.3701167608430934E-002
0.50 1.80 11.20 0.43385180729348710 6.3108574450845681E-002
0.50 1.80 11.60 0.44409229634419045 6.3802107832490129E-002
0.50 1.80 12.00 0.43719516398136210 6.3553916549675057E-002

0.50 2.00 0.00 0.38523469876568578 7.0155142481277466E-002
0.50 2.00 0.40 0.47472289475541601 6.2083956870032181E-002
0.50 2.00 0.80 0.47597321265495196 6.1607746201337500E-002
0.50 2.00 1.20 0.47002238111527550 6.1699577640002022E-002
0.50 2.00 1.60 0.47643916048889867 6.2238225300222320E-002
0.50 2.00 2.00 0.46818335529319854 6.2066957825171423E-002
0.50 2.00 2.40 0.46864612892519719 6.2395984933486200E-002
0.50 2.00 2.80 0.47000611793824837 6.2836050076972905E-002
0.50 2.00 3.20 0.46080890714951950 6.2247081971258396E-002
0.50 2.00 3.60 0.46169917082018819 6.2293512275943409E-002
0.50 2.00 4.00 0.46527485858565043 6.2643112867336898E-002
0.50 2.00 4.40 0.45810060378875350 6.2139120654110244E-002
0.50 2.00 4.80 0.46616699345650064 6.2851745081946297E-002
0.50 2.00 5.20 0.45858029455178712 6.2442995954909222E-002
0.50 2.00 5.60 0.45387710407333703 6.2375405034318952E-002
0.50 2.00 6.00 0.45198856651328406 6.2936460460771670E-002
0.50 2.00 6.40 0.44975899923531087 6.2702446736110987E-002
0.50 2.00 6.80 0.44871050889387459 6.2687821836450719E-002
0.50 2.00 7.20 0.44482005649214618 6.2171420509704187E-002
0.50 2.00 7.60 0.44407294665119146 6.3286154646287882E-002
0.50 2.00 8.00 0.44483708125845878 6.3427091690373291E-002
0.50 2.00 8.40 0.44668174024023016 6.3326663514282677E-002
0.50 2.00 8.80 0.44061157082538144 6.2834941155904128E-002
0.50 2.00 9.20 0.43832668411158854 6.2959985679761382E-002
0.50 2.00 9.60 0.44053627861203964 6.3213163035754610E-002
0.50 2.00 10.00 0.43666146265325967 6.3449481498482924E-002
0.50 2.00 10.40 0.43846581104541443 6.3362234642007104E-002
0.50 2.00 10.80 Binary file (standard input) matches
0.50 2.00 11.20 0.43388278465237490 6.2956228282515264E-002
0.50 2.00 11.60 0.42818381394295857 6.3266477802254167E-002
0.50 2.00 12.00 0.42942718232415311 6.3580874195530060E-002

0.50 2.20 0.00 0.24512792602234873 6.1645320409450886E-002
0.50 2.20 0.40 0.40708093874513657 6.2511623889116977E-002
0.50 2.20 0.80 0.45260061662270490 6.1163785892626957E-002
0.50 2.20 1.20 0.46106986557379004 6.2037868528520890E-002
0.50 2.20 1.60 0.46622726415564164 6.1477165839699713E-002
0.50 2.20 2.00 0.46705462303573392 6.2017414419849808E-002
0.50 2.20 2.40 0.47162041438239316 6.1768651904955472E-002
0.50 2.20 2.80 0.46494104092099209 6.1807417017150354E-002
0.50 2.20 3.20 0.46376050813424569 6.2515296854234056E-002
0.50 2.20 3.60 0.46598354192562497 6.2565635906059847E-002
0.50 2.20 4.00 0.46547269006746272 6.2909465137563125E-002
0.50 2.20 4.40 0.45619503661946881 6.2643801295035453E-002
0.50 2.20 4.80 0.45716040891320553 6.1894671733896255E-002
0.50 2.20 5.20 0.45731714889544717 6.2257678491860161E-002
0.50 2.20 5.60 0.45461501437230190 6.2792981853411312E-002
0.50 2.20 6.00 0.45693661245621148 6.2816805109054782E-002
0.50 2.20 6.40 0.45427939111231208 6.2685794118633995E-002
0.50 2.20 6.80 0.44856914873438331 6.2419319603040882E-002
0.50 2.20 7.20 0.44680693616033096 6.3059871170708048E-002
0.50 2.20 7.60 0.44757915182960417 6.3349194146149243E-002
0.50 2.20 8.00 0.44053046693292225 6.3277560153723614E-002
0.50 2.20 8.40 0.44862878388686778 6.3057576678633362E-002
0.50 2.20 8.80 0.44507982814399377 6.3241938290708996E-002
0.50 2.20 9.20 0.44192663009254246 6.3619797956379329E-002
0.50 2.20 9.60 0.43875781689633664 6.3222515561218648E-002
0.50 2.20 10.00 0.44043315077257422 6.3347612269863754E-002
0.50 2.20 10.40 0.43399117385633401 6.2915101213630739E-002
0.50 2.20 10.80 0.43145987043681472 6.4456147409200262E-002
0.50 2.20 11.20 0.43476893252211646 6.3069811122572816E-002
0.50 2.20 11.60 0.43471155751695578 6.3371400220162480E-002
0.50 2.20 12.00 0.43501961346170692 6.4175891186632916E-002

0.50 2.40 0.00 0.27615497966981589 6.0990934092661230E-002
0.50 2.40 0.40 0.46842868366778900 6.3078869892799483E-002
0.50 2.40 0.80 0.47271337586815382 6.3432452021488714E-002
0.50 2.40 1.20 0.46792106670936962 6.2671613395910902E-002
0.50 2.40 1.60 0.46192053686520074 6.2337500163434693E-002
0.50 2.40 2.00 0.46736721173115414 6.1992112084070530E-002
0.50 2.40 2.40 0.45970262097688891 6.2267128802574186E-002
0.50 2.40 2.80 0.45879748519844166 6.2002497125889969E-002
0.50 2.40 3.20 0.45767179215002163 6.1945453686647715E-002
0.50 2.40 3.60 0.46162980216404115 6.3013524796284734E-002
0.50 2.40 4.00 0.45828132005667210 6.2769625477927610E-002
0.50 2.40 4.40 0.45762070197277716 6.2933751466635143E-002
0.50 2.40 4.80 0.45282151932145337 6.2389950308930520E-002
0.50 2.40 5.20 0.45464980399510324 6.3119482556957221E-002
0.50 2.40 5.60 0.45489521281107248 6.2998776816780247E-002
0.50 2.40 6.00 0.45035359688287296 6.2916910242416801E-002
0.50 2.40 6.40 0.45375386624116337 6.3037902931267570E-002
0.50 2.40 6.80 0.44955161413562966 6.3039427492968897E-002
0.50 2.40 7.20 0.45324250287297041 6.3056154311246629E-002
0.50 2.40 7.60 0.44692034243918421 6.3277506377816026E-002
0.50 2.40 8.00 0.44494924000549074 6.2800430443405539E-002
0.50 2.40 8.40 0.44121491395266466 6.3223820068020811E-002
0.50 2.40 8.80 0.44166533893940196 6.3299970763847260E-002
0.50 2.40 9.20 0.44173085843953458 6.2655543373371939E-002
0.50 2.40 9.60 0.44454616902644101 6.3091197782923700E-002
0.50 2.40 10.00 0.43981371262796892 6.3123783157466626E-002
0.50 2.40 10.40 0.43451740359769647 6.2844891301805067E-002
0.50 2.40 10.80 0.44023986344021748 6.3859353775552408E-002
0.50 2.40 11.20 0.43245388157128090 6.3021504137345932E-002
0.50 2.40 11.60 0.43319031896147459 6.3726822410649656E-002
0.50 2.40 12.00 0.43353125580976881 6.3404609320225805E-002

0.50 2.60 0.00 0.17569843904750804 6.7135202662105598E-002
0.50 2.60 0.40 0.40017767485080169 6.7130019500506219E-002
0.50 2.60 0.80 0.41006066974576239 6.6970833999011048E-002
0.50 2.60 1.20 0.42118666091491413 6.4237113016476152E-002
0.50 2.60 1.60 0.43425875612523734 6.3541930514089406E-002
0.50 2.60 2.00 0.44001950167500931 6.3033198932679863E-002
0.50 2.60 2.40 0.44656159666791534 6.2691799525965042E-002
0.50 2.60 2.80 0.44369788714864489 6.2279232735259892E-002
0.50 2.60 3.20 0.45283825321336540 6.3059031621441150E-002
0.50 2.60 3.60 0.45094072103755944 6.2297002779144781E-002
0.50 2.60 4.00 0.45219214072681685 6.3026758388230686E-002
0.50 2.60 4.40 0.45058320449114719 6.3481759286757811E-002
0.50 2.60 4.80 0.45256204378249276 6.3339427346020175E-002
0.50 2.60 5.20 0.45526938089140401 6.2998970416682662E-002
0.50 2.60 5.60 0.45043033057991028 6.3011168599551179E-002
0.50 2.60 6.00 0.44628470851075575 6.2400236811509753E-002
0.50 2.60 6.40 0.44290413079511604 6.3171492175807975E-002
0.50 2.60 6.80 0.44387126869611404 6.2896198225900743E-002
0.50 2.60 7.20 0.43966136381387139 6.2991038562766249E-002
0.50 2.60 7.60 0.43724520407234557 6.2517415239358706E-002
0.50 2.60 8.00 0.43860909508823731 6.3544216535033199E-002
0.50 2.60 8.40 0.43838605016891330 6.3349330114523567E-002
0.50 2.60 8.80 0.43811227752476700 6.3158963908149610E-002
0.50 2.60 9.20 0.43140707513001225 6.2747066416319622E-002
0.50 2.60 9.60 0.43822993080849448 6.2657699958386076E-002
0.50 2.60 10.00 0.43085680504817353 6.3180219124477785E-002
0.50 2.60 10.40 0.43774738229453608 6.3431204753463560E-002
0.50 2.60 10.80 0.42801315954857122 6.2662715984697637E-002
0.50 2.60 11.20 0.43029797743342996 6.3973216345643430E-002
0.50 2.60 11.60 0.43502253215034570 6.3258069143196649E-002
0.50 2.60 12.00 0.42431783850857607 6.3170595229786311E-002

0.50 2.80 0.00 0.29780994709957992 6.9432147871320404E-002
0.50 2.80 0.40 0.42714446685706758 6.0055307665374549E-002
0.50 2.80 0.80 0.44803244212030136 6.2618323651440627E-002
0.50 2.80 1.20 0.45465042677183981 6.1869292233052875E-002
0.50 2.80 1.60 0.45120278597915470 6.2289248561400112E-002
0.50 2.80 2.00 0.45134072675689152 6.2511380788720677E-002
0.50 2.80 2.40 0.45222879814822692 6.1841049377538065E-002
0.50 2.80 2.80 0.45324721195025247 6.2417006374823163E-002
0.50 2.80 3.20 0.45726698189371379 6.2312862435127493E-002
0.50 2.80 3.60 0.45316991216857250 6.2949594741621859E-002
0.50 2.80 4.00 0.45025901467057583 6.2831922479239091E-002
0.50 2.80 4.40 0.45374999525247250 6.2562426820099340E-002
0.50 2.80 4.80 0.45399896097723696 6.3307954894131824E-002
0.50 2.80 5.20 0.45274719962800497 6.3232837400643310E-002
0.50 2.80 5.60 0.45591234727402286 6.2840576850785826E-002
0.50 2.80 6.00 0.44945327878303287 6.2605333487822518E-002
0.50 2.80 6.40 0.44678369338477442 6.3180836791298045E-002
0.50 2.80 6.80 0.44825803171427464 6.3112038618763466E-002
0.50 2.80 7.20 0.44779085802337287 6.2646295173146599E-002
0.50 2.80 7.60 0.45271750188669102 6.3647969787418796E-002
0.50 2.80 8.00 0.44080900576001225 6.2598776906751377E-002
0.50 2.80 8.40 0.44060199902680336 6.3151642462481491E-002
0.50 2.80 8.80 0.44506612538577750 6.2933789846287294E-002
0.50 2.80 9.20 0.44039274998056221 6.3140727308395497E-002
0.50 2.80 9.60 0.44469100756303959 6.3305328291278121E-002
0.50 2.80 10.00 0.44258488094416271 6.3674209492209310E-002
0.50 2.80 10.40 0.44025989137109012 6.3100522960579830E-002
0.50 2.80 10.80 0.43476395494974379 6.3787429777462823E-002
0.50 2.80 11.20 0.43967427375338808 6.3710922104630238E-002
0.50 2.80 11.60 0.44510944398178171 6.3382083127379099E-002
0.50 2.80 12.00 0.43491597602541809 6.3221979502279937E-002

0.50 3.00 0.00 0.27599200495962728 6.8286667332828191E-002
0.50 3.00 0.40 0.42929657603599802 6.1320292575972893E-002
0.50 3.00 0.80 0.42612284879050266 6.3052395402486625E-002
0.50 3.00 1.20 0.44560473825901870 6.3641914503336589E-002
0.50 3.00 1.60 0.45570722858177887 6.2895260923696919E-002
0.50 3.00 2.00 0.45606169242766398 6.2937855413647117E-002
0.50 3.00 2.40 0.45388545989752177 6.3355608453154633E-002
0.50 3.00 2.80 0.45200390191249606 6.2617124054820880E-002
0.50 3.00 3.20 0.45614817630579740 6.2935958157592856E-002
0.50 3.00 3.60 0.45898507060635374 6.2862082733239608E-002
0.50 3.00 4.00 0.45530518158002919 6.3543423017665052E-002
0.50 3.00 4.40 0.46274059474226670 6.3069170143466760E-002
0.50 3.00 4.80 0.45986121494530946 6.3133822457862684E-002
0.50 3.00 5.20 0.45234130292679031 6.3033681082558732E-002
0.50 3.00 5.60 0.45270364765313814 6.2894517507920050E-002
0.50 3.00 6.00 0.45284857834564762 6.3216665557905352E-002
0.50 3.00 6.40 0.44996296595607249 6.3110892975273003E-002
0.50 3.00 6.80 0.45228039454425745 6.2822599862963430E-002
0.50 3.00 7.20 0.44857531978733345 6.2596277718161022E-002
0.50 3.00 7.60 0.44977554417571952 6.3509016434163096E-002
0.50 3.00 8.00 0.44461539177851084 6.3053284799671275E-002
0.50 3.00 8.40 0.44598769516777398 6.3284180236393567E-002
0.50 3.00 8.80 0.44129727314216549 6.3755110782499347E-002
0.50 3.00 9.20 0.44584808404360388 6.3139111050963148E-002
0.50 3.00 9.60 0.44199872952563651 6.3760593167737606E-002
0.50 3.00 10.00 0.43882269263598267 6.2958400212406632E-002
0.50 3.00 10.40 0.44035644351433423 6.3207987014474290E-002
0.50 3.00 10.80 0.43880867176514010 6.3503179024382420E-002
0.50 3.00 11.20 0.44045162253805703 6.2759353236713597E-002
0.50 3.00 11.60 0.43647157158446054 6.4096885768969367E-002
0.50 3.00 12.00 0.44132101965323001 6.3676140887220650E-002

0.50 3.20 0.00 0.21218957571015468 7.2453536880250732E-002
0.50 3.20 0.40 0.40765075125254902 6.3713836143817343E-002
0.50 3.20 0.80 0.42188009773400259 6.2975749832430247E-002
0.50 3.20 1.20 0.43298455350806159 6.2777349178896616E-002
0.50 3.20 1.60 0.43188593565432931 6.2943649177501546E-002
0.50 3.20 2.00 0.43454978623473622 6.2639094391586450E-002
0.50 3.20 2.40 0.44006672688963366 6.3031500964633849E-002
0.50 3.20 2.80 0.43559485714609059 6.3072648162214293E-002
0.50 3.20 3.20 0.43360998872154771 6.3900412197234593E-002
0.50 3.20 3.60 0.44077789754297347 6.3089053683746302E-002
0.50 3.20 4.00 0.43820344249525822 6.3631516886301837E-002
0.50 3.20 4.40 0.43588766329152417 6.3492933858134232E-002
0.50 3.20 4.80 0.44464025426302234 6.3456208218455240E-002
0.50 3.20 5.20 0.44166123616081493 6.3899938586472443E-002
0.50 3.20 5.60 0.43801525624397791 6.3279265269632887E-002
0.50 3.20 6.00 0.43583861796553097 6.3270516211841599E-002
0.50 3.20 6.40 0.43225453141007392 6.3101911339953964E-002
0.50 3.20 6.80 0.44191202811141961 6.3254735852641422E-002
0.50 3.20 7.20 0.43299043540275983 6.3904710496515263E-002
0.50 3.20 7.60 0.42841589220469772 6.3199983039380167E-002
0.50 3.20 8.00 0.43146607375199791 6.3370697730714298E-002
0.50 3.20 8.40 0.43892515858125758 6.3472889781063205E-002
0.50 3.20 8.80 0.43351974345685651 6.4226023640922711E-002
0.50 3.20 9.20 0.43127809282637919 6.3567203664083555E-002
0.50 3.20 9.60 0.43320958557699718 6.3913106459784028E-002
0.50 3.20 10.00 0.42688594130568031 6.4015901729879643E-002
0.50 3.20 10.40 0.42610046746506364 6.3358049445896583E-002
0.50 3.20 10.80 0.42555984205321673 6.3242549409273985E-002
0.50 3.20 11.20 0.41921349321748530 6.3568832706737854E-002
0.50 3.20 11.60 0.42636915469284570 6.3754158945885514E-002
0.50 3.20 12.00 0.42367566541283352 6.3318046081863519E-002

0.50 3.40 0.00 0.10806846289333490 4.6967089193819207E-002
0.50 3.40 0.40 0.37494860766145810 7.0239698342565673E-002
0.50 3.40 0.80 0.38942078001299885 6.5853619877049033E-002
0.50 3.40 1.20 0.39816075197980921 6.3587484001272676E-002
0.50 3.40 1.60 0.40154591264779366 6.3549381427803295E-002
0.50 3.40 2.00 0.41515779818660442 6.3468456961352199E-002
0.50 3.40 2.40 0.41774540861122816 6.3281879104104363E-002
0.50 3.40 2.80 0.42426070709777253 6.2562648643458729E-002
0.50 3.40 3.20 0.42853402794622930 6.3442438666037340E-002
0.50 3.40 3.60 0.43419687065003654 6.3399292996425466E-002
0.50 3.40 4.00 0.43968522373247165 6.3059651357296048E-002
0.50 3.40 4.40 0.43551852326723661 6.3167277668875213E-002
0.50 3.40 4.80 0.44020056427887821 6.3137501126997453E-002
0.50 3.40 5.20 0.44120149090177108 6.2991597870842714E-002
0.50 3.40 5.60 0.43852566969907658 6.3649027483839091E-002
0.50 3.40 6.00 0.44191023901799908 6.3091269585918264E-002
0.50 3.40 6.40 0.44185135371708995 6.3935663191975772E-002
0.50 3.40 6.80 0.43637502185966570 6.3087626538787356E-002
0.50 3.40 7.20 0.44074087679888435 6.3649815619580843E-002
0.50 3.40 7.60 0.44310382183919278 6.3683016041438875E-002
0.50 3.40 8.00 0.43490857024620977 6.3308516451446875E-002
0.50 3.40 8.40 0.43636659616862172 6.3437693901204781E-002
0.50 3.40 8.80 0.43133941480823063 6.3111253743797849E-002
0.50 3.40 9.20 0.43605197863853207 6.3468606525141094E-002
0.50 3.40 9.60 0.43404309853466094 6.3903511343121902E-002
0.50 3.40 10.00 0.43156992787875631 6.2875802623933275E-002
0.50 3.40 10.40 0.43375590476977094 6.3181341955650921E-002
0.50 3.40 10.80 0.43386858431379166 6.3682486051193754E-002
0.50 3.40 11.20 0.42563956315395579 6.3385884065007281E-002
0.50 3.40 11.60 0.43438843427978879 6.3243644363736876E-002
0.50 3.40 12.00 0.43061327824680129 6.3680304655442332E-002

0.50 3.60 0.00 0.26645181569740417 6.9449392914415292E-002
0.50 3.60 0.40 0.45293753613774507 6.4614462709875184E-002
0.50 3.60 0.80 0.44195477125497079 6.2781564465751866E-002
0.50 3.60 1.20 0.44106993992731064 6.2933916756697336E-002
0.50 3.60 1.60 0.43673152766062745 6.2879442172520492E-002
0.50 3.60 2.00 0.43373228479092407 6.2475825414788556E-002
0.50 3.60 2.40 0.43982874063047478 6.2891030051052427E-002
0.50 3.60 2.80 0.44141417628633467 6.3548003806850051E-002
0.50 3.60 3.20 0.43396632209429598 6.3091166988845260E-002
0.50 3.60 3.60 0.43525784458988548 6.2990017395667869E-002
0.50 3.60 4.00 0.43716820000550871 6.2519249024964377E-002
0.50 3.60 4.40 0.43771624789513880 6.2784532935560480E-002
0.50 3.60 4.80 0.44345898148187934 6.2843693203813264E-002
0.50 3.60 5.20 0.44151386325069614 6.3038065746092720E-002
0.50 3.60 5.60 0.44127336474460110 6.2912824460611472E-002
0.50 3.60 6.00 0.43424156643862205 6.3015888832359507E-002
0.50 3.60 6.40 0.44427457496934447 1.7034309233346416E-002
0.50 3.60 6.80 0.44042780727241093 6.3085042090550575E-002
0.50 3.60 7.20 0.43501002352083268 6.3361924177648729E-002
0.50 3.60 7.60 0.43603292627634704 6.3569466067706068E-002
0.50 3.60 8.00 0.43661370073703204 6.3777841987803688E-002
0.50 3.60 8.40 0.43799813310614022 6.2517136644866481E-002
0.50 3.60 8.80 0.43313239321157726 6.3502434847348049E-002
0.50 3.60 9.20 0.43046805062818450 6.3175009441056015E-002
0.50 3.60 9.60 0.43272932571756489 6.3787383020642796E-002
0.50 3.60 10.00 0.42860798183877880 6.3345421553613154E-002
0.50 3.60 10.40 0.42835521294833317 6.2993155661609207E-002
0.50 3.60 10.80 0.42966499627189503 6.3763374704036341E-002
0.50 3.60 11.20 0.42648347516327323 6.3716470492366950E-002
0.50 3.60 11.60 0.43120013355440434 6.3590081757610703E-002
0.50 3.60 12.00 0.42808868541514783 6.3563593339209412E-002

0.50 3.80 0.00 0.26803234176545387 7.3922946830626252E-002
0.50 3.80 0.40 0.41327683650924474 6.4208348889803049E-002
0.50 3.80 0.80 0.40601840525918742 6.3118545547238988E-002
0.50 3.80 1.20 0.41584816603021474 6.3427198729827841E-002
0.50 3.80 1.60 0.42000003768475269 6.2854421656346804E-002
0.50 3.80 2.00 0.41855365033976755 6.2217484578356103E-002
0.50 3.80 2.40 0.42234250193834094 6.3698927734144581E-002
0.50 3.80 2.80 0.42728946492672260 6.3337921506216449E-002
0.50 3.80 3.20 0.42722133226083969 6.3050944147829899E-002
0.50 3.80 3.60 0.43145760018485485 6.2935665425334880E-002
0.50 3.80 4.00 0.43537858946924379 6.3079955739355847E-002
0.50 3.80 4.40 0.43282836704506822 6.2507475745602725E-002
0.50 3.80 4.80 0.43274582880746076 6.3474228413396908E-002
0.50 3.80 5.20 0.43213566455656444 6.3255186564527749E-002
0.50 3.80 5.60 0.43308764249353288 6.3364789128200538E-002
0.50 3.80 6.00 0.43088058034819660 6.2636915869192553E-002
0.50 3.80 6.40 0.42965802434731526 6.2830270622107581E-002
0.50 3.80 6.80 0.43911120983709467 6.3387345503304229E-002
0.50 3.80 7.20 0.43557430260206181 6.3098142481163674E-002
0.50 3.80 7.60 0.43452602377482669 6.2977469660946001E-002
0.50 3.80 8.00 0.43341721294784963 6.2963861774552959E-002
0.50 3.80 8.40 0.43580597985817204 6.3573788746689744E-002
0.50 3.80 8.80 0.43163510932806970 6.4227436654102785E-002
0.50 3.80 9.20 0.43004345445391295 6.3200427392479025E-002
0.50 3.80 9.60 0.42918303025111565 6.3627972947747385E-002
0.50 3.80 10.00 0.43270146782034147 6.3459546093982466E-002
0.50 3.80 10.40 0.42915711145556623 6.3458604131937865E-002
0.50 3.80 10.80 0.43041945127647641 6.3787941148809438E-002
0.50 3.80 11.20 0.42591556158172950 6.3510350373352051E-002
0.50 3.80 11.60 0.43012540040758795 6.4248625301268944E-002
0.50 3.80 12.00 0.42320275011110609 6.3470208652645410E-002

0.50 4.00 0.00 0.22220191370672704 6.8511384135211559E-002
0.50 4.00 0.40 0.43470719287678039 6.4228448141077671E-002
0.50 4.00 0.80 0.43088039077673884 6.2565593637955899E-002
0.50 4.00 1.20 0.43181477956756575 6.4316997742993209E-002
0.50 4.00 1.60 0.43330106719558314 6.4054910189350389E-002
0.50 4.00 2.00 0.42757953595929932 6.3857556429886261E-002
0.50 4.00 2.40 0.43322244595730092 6.3993333075839418E-002
0.50 4.00 2.80 0.43183441759532465 6.3939330124932026E-002
0.50 4.00 3.20 0.43176457441688765 6.3457799277147078E-002
0.50 4.00 3.60 0.43926237936481050 6.3246670180791401E-002
0.50 4.00 4.00 0.43387415623120151 6.3694313139045403E-002
0.50 4.00 4.40 0.43358274189971302 6.3057367231668049E-002
0.50 4.00 4.80 0.43735857972338488 6.3337485058218485E-002
0.50 4.00 5.20 0.43678626328037423 6.2697563067118725E-002
0.50 4.00 5.60 0.44059783402177388 6.3396048692565987E-002
0.50 4.00 6.00 0.43704903720328120 6.3241873687232913E-002
0.50 4.00 6.40 0.43695691072547682 6.3314952340109157E-002
0.50 4.00 6.80 0.43456104541026414 6.3571275992132567E-002
0.50 4.00 7.20 0.43315408545834100 6.3813880519236213E-002
0.50 4.00 7.60 0.43534549089878627 6.3506811476034597E-002
0.50 4.00 8.00 0.43700975613110160 6.3384549230052309E-002
0.50 4.00 8.40 0.43408262481755278 6.3669902558589217E-002
0.50 4.00 8.80 0.43830975367449787 6.3356393192620972E-002
0.50 4.00 9.20 0.43563398629303807 6.3380468170342097E-002
0.50 4.00 9.60 0.43367337494558356 6.3498506746149097E-002
0.50 4.00 10.00 0.43428727308476106 6.3876875927468740E-002
0.50 4.00 10.40 0.43459759772899442 6.3730947250364683E-002
0.50 4.00 10.80 Binary file (standard input) matches
0.50 4.00 11.20 0.43018186825643145 6.2832517025998486E-002
0.50 4.00 11.60 0.43026762914949152 6.3738969181421384E-002
0.50 4.00 12.00 0.42582420789324138 6.3907618373483285E-002

0.50 4.20 0.00 4.2844352557590573E-002 1.3747632774331877E-002
0.50 4.20 0.40 0.34524026234553185 6.3393548588649012E-002
0.50 4.20 0.80 0.39338469229802642 6.3242036642073313E-002
0.50 4.20 1.20 0.41264321470807169 6.2900418487704335E-002
0.50 4.20 1.60 0.42303470132939303 6.3281331369388683E-002
0.50 4.20 2.00 0.42574899125203303 6.2597600069820777E-002
0.50 4.20 2.40 0.43128054988273423 6.3146010754885004E-002
0.50 4.20 2.80 0.42476650197259830 6.3398762608350187E-002
0.50 4.20 3.20 0.42375552169343933 6.3380631295718498E-002
0.50 4.20 3.60 0.43262744973880346 6.3744742377259064E-002
0.50 4.20 4.00 0.43373461799478097 6.3385710172604887E-002
0.50 4.20 4.40 0.43224591863992634 6.3372913495872166E-002
0.50 4.20 4.80 0.43641490543872141 6.3572021185695909E-002
0.50 4.20 5.20 0.43764226537418349 6.3486579610849747E-002
0.50 4.20 5.60 0.43622670084370896 6.3313130150832758E-002
0.50 4.20 6.00 0.43456980358991315 6.3323573754372378E-002
0.50 4.20 6.40 0.43636991008250475 6.2925316683905608E-002
0.50 4.20 6.80 0.43313391976980553 6.3555921802833079E-002
0.50 4.20 7.20 0.43050700351905419 6.3407105590817400E-002
0.50 4.20 7.60 0.43404678178332512 6.2953581568069183E-002
0.50 4.20 8.00 0.43176413119928403 6.3414984536262278E-002
0.50 4.20 8.40 0.43186796533388244 6.3566907359603686E-002
0.50 4.20 8.80 0.43706698633781327 6.3085644295029858E-002
0.50 4.20 9.20 0.43608345543653859 6.3173212864525416E-002
0.50 4.20 9.60 0.43157210387517181 6.3545113089428451E-002
0.50 4.20 10.00 0.42509225776438359 6.3258895950803085E-002
0.50 4.20 10.40 0.42524467425157758 6.4093853641198906E-002
0.50 4.20 10.80 0.43107552812636751 6.3407127291474755E-002
0.50 4.20 11.20 0.42704146034133084 6.3609886848684641E-002
0.50 4.20 11.60 0.42951742813157362 6.3671081948406552E-002
0.50 4.20 12.00 0.42851747269053353 6.3535411322629923E-002

0.50 4.40 0.00 0.26126263927103216 7.0159294295067856E-002
0.50 4.40 0.40 0.45616092354642246 6.1565197587572180E-002
0.50 4.40 0.80 0.43068937065360186 6.2065801195313339E-002
0.50 4.40 1.20 0.43563425904438685 6.2809260455610347E-002
0.50 4.40 1.60 0.43681408213606454 6.3027332752170484E-002
0.50 4.40 2.00 0.43169469018334866 6.3374068216763585E-002
0.50 4.40 2.40 0.43377201000634519 6.3665419693003655E-002
0.50 4.40 2.80 0.43234877752771411 6.3223733900598905E-002
0.50 4.40 3.20 0.43188755859018035 6.3157162944354514E-002
0.50 4.40 3.60 0.42976988896108337 6.3248193580697817E-002
0.50 4.40 4.00 0.43192351622460273 6.3582390311332324E-002
0.50 4.40 4.40 0.42920599490568040 6.3083442817526522E-002
0.50 4.40 4.80 0.43378269901087840 6.3470543703717561E-002
0.50 4.40 5.20 0.43788958578611864 6.3588638637802605E-002
0.50 4.40 5.60 0.43216587418118058 6.3359729356282854E-002
0.50 4.40 6.00 0.43576040029217361 6.4493302052040458E-002
0.50 4.40 6.40 0.43161775927712326 6.3297538885722704E-002
0.50 4.40 6.80 0.43308769478396136 6.3657354862596077E-002
0.50 4.40 7.20 0.43368656533325939 6.3431623087737768E-002
0.50 4.40 7.60 0.43154176699567354 6.3442111521084907E-002
0.50 4.40 8.00 0.43917813714266440 6.3791912896445382E-002
0.50 4.40 8.40 0.43604474323989989 6.3768909332155732E-002
0.50 4.40 8.80 0.43478585662688818 6.3967434986869187E-002
0.50 4.40 9.20 0.43163724247588997 6.3715121840474967E-002
0.50 4.40 9.60 0.42840593353160994 6.3679853482556087E-002
0.50 4.40 10.00 0.43156595578720314 6.3980830778652256E-002
0.50 4.40 10.40 0.43162204434762846 6.4226271978364932E-002
0.50 4.40 10.80 0.43122775313599765 6.4345823592656989E-002
0.50 4.40 11.20 0.42425373782802051 6.3646140331105716E-002
0.50 4.40 11.60 0.42485983829676643 6.4176125722663291E-002
0.50 4.40 12.00 0.43167271289109654 6.3863032979582443E-002

0.50 4.60 0.00 0.17459849913289910 5.7428690339021905E-002
0.50 4.60 0.40 0.46046602362124595 6.4666697092691211E-002
0.50 4.60 0.80 0.45497709749927118 6.4820595652717708E-002
0.50 4.60 1.20 0.43369095515992767 6.3898149748381927E-002
0.50 4.60 1.60 0.42910370089255789 6.3057035437091596E-002
0.50 4.60 2.00 0.43413566891832439 6.3873205032129773E-002
0.50 4.60 2.40 0.43828242508888138 6.3510545510395353E-002
0.50 4.60 2.80 0.44001195556320438 6.3558721625708567E-002
0.50 4.60 3.20 0.42628630076301732 6.3494214861012407E-002
0.50 4.60 3.60 0.43347258758255069 6.3781070493939218E-002
0.50 4.60 4.00 0.42704939506506845 6.3485315059999839E-002
0.50 4.60 4.40 0.43157883273798553 6.3334448604366947E-002
0.50 4.60 4.80 0.43830121763646857 6.3548964690611762E-002
0.50 4.60 5.20 0.43360805636751332 6.3388327239281589E-002
0.50 4.60 5.60 0.43683210686646856 6.4034384801105390E-002
0.50 4.60 6.00 0.43633760514306497 6.2967651957492835E-002
0.50 4.60 6.40 0.43465696213947369 6.3452517277855489E-002
0.50 4.60 6.80 0.43386067877511503 6.3327071953056605E-002
0.50 4.60 7.20 0.44107422289212456 6.3528087343384249E-002
0.50 4.60 7.60 0.43424746431762767 6.3600631749719111E-002
0.50 4.60 8.00 0.43566588203501400 6.3790478231961059E-002
0.50 4.60 8.40 0.43701576248764296 6.3426605733358357E-002
0.50 4.60 8.80 0.42960338586475277 6.3678836962599891E-002
0.50 4.60 9.20 0.43561041748043189 6.4102500579233848E-002
0.50 4.60 9.60 0.43634665063183620 6.3032413772649121E-002
0.50 4.60 10.00 0.43322159992779657 6.4108074532968726E-002
0.50 4.60 10.40 0.43289313627153136 6.3605363967834144E-002
0.50 4.60 10.80 0.43505983940032167 6.4052915236982352E-002
0.50 4.60 11.20 0.43679037948554750 6.3841841179171535E-002
0.50 4.60 11.60 0.43501390622056507 6.3963192192006191E-002
0.50 4.60 12.00 0.42694574249387196 6.3712515938568984E-002

0.50 4.80 0.00 0.29107438137449032 8.2708800593481166E-002
0.50 4.80 0.40 0.47940201522170794 6.3477000740056952E-002
0.50 4.80 0.80 0.43814213733843099 6.2568645392426583E-002
0.50 4.80 1.20 0.42560422220900940 6.2508948573348266E-002
0.50 4.80 1.60 0.43014378441621454 6.3295714785089718E-002
0.50 4.80 2.00 0.42449383266942303 6.3241374185463453E-002
0.50 4.80 2.40 0.42920778005347254 6.3197247680763055E-002
0.50 4.80 2.80 0.42911357758552776 6.3125511771327525E-002
0.50 4.80 3.20 0.43376315995004583 6.3400817197492410E-002
0.50 4.80 3.60 0.43767982836332509 6.2969235619408898E-002
0.50 4.80 4.00 0.44069832896335825 6.3197082167059396E-002
0.50 4.80 4.40 0.43631978514582614 6.3201065866237541E-002
0.50 4.80 4.80 0.43542193953804975 6.3221586093052812E-002
0.50 4.80 5.20 0.44305431864171618 6.3763899905190977E-002
0.50 4.80 5.60 0.43741205112645909 6.2972760698958047E-002
0.50 4.80 6.00 0.43983901045337620 6.3865978183729258E-002
0.50 4.80 6.40 0.43988739403388849 6.3256820114845097E-002
0.50 4.80 6.80 0.44293964312414469 6.4047880298979093E-002
0.50 4.80 7.20 0.43833911994915187 6.3684019846185894E-002
0.50 4.80 7.60 0.44182877171132889 6.3326502961556508E-002
0.50 4.80 8.00 0.44247415164927756 6.3009701175070307E-002
0.50 4.80 8.40 Binary file (standard input) matches
0.50 4.80 8.80 0.44158072656573139 6.3555452665011558E-002
0.50 4.80 9.20 0.44098740380388701 6.3547876561613190E-002
0.50 4.80 9.60 0.44183251502462301 6.3385637063379602E-002
0.50 4.80 10.00 0.43676393406810138 6.3220365590968081E-002
0.50 4.80 10.40 0.43542409772764507 6.3651166353202143E-002
0.50 4.80 10.80 0.43781754123403049 6.3618170746970806E-002
0.50 4.80 11.20 0.43847744999371796 6.3619408469157715E-002
0.50 4.80 11.60 0.44018521235744962 6.3030713969050828E-002
0.50 4.80 12.00 0.43672724545300967 6.3304496781122696E-002

0.50 5.00 0.00 0.15632612522408246 6.1334300431741755E-002
0.50 5.00 0.40 0.36560568005034966 6.1065395359371034E-002
0.50 5.00 0.80 0.40776078992614267 6.2523470270641313E-002
0.50 5.00 1.20 0.42306320658008012 6.3098872632992895E-002
0.50 5.00 1.60 0.43253105018946914 6.3114274478251631E-002
0.50 5.00 2.00 0.42616216634356957 6.3113869732254871E-002
0.50 5.00 2.40 0.42799286069386167 6.3349779139405746E-002
0.50 5.00 2.80 0.42702804996749161 6.3298193218551957E-002
0.50 5.00 3.20 0.42684976709093875 6.3386567661616586E-002
0.50 5.00 3.60 0.42943084782145091 6.3215242480159528E-002
0.50 5.00 4.00 0.42536920438331960 6.3566131952336999E-002
0.50 5.00 4.40 0.42626169475680997 6.3660717356330318E-002
0.50 5.00 4.80 0.42834550300397289 6.3421670361996973E-002
0.50 5.00 5.20 0.43240291683053744 6.4454621036798776E-002
0.50 5.00 5.60 0.43845160182443693 6.3510069681481790E-002
0.50 5.00 6.00 0.42945550438055741 6.3544957344785075E-002
0.50 5.00 6.40 0.43903684753576416 6.3797401984569138E-002
0.50 5.00 6.80 0.43781887822751103 6.3771718873364983E-002
0.50 5.00 7.20 0.44000503086846987 6.3677006309209361E-002
0.50 5.00 7.60 0.43633141159425853 6.3594103478810657E-002
0.50 5.00 8.00 0.44049755898166704 6.4253973824807034E-002
0.50 5.00 8.40 0.43349643912434760 6.4392982923820688E-002
0.50 5.00 8.80 0.43506121273880038 6.4043276628892268E-002
0.50 5.00 9.20 0.43484233494154906 6.3702057903833709E-002
0.50 5.00 9.60 0.43721875901699392 6.4218055518631828E-002
0.50 5.00 10.00 0.43911802127178329 6.4065260717929270E-002
0.50 5.00 10.40 0.43447049063450216 6.3999222887732896E-002
0.50 5.00 10.80 0.43356744472891895 6.3589581936005932E-002
0.50 5.00 11.20 0.43131375593649290 6.3600241420561698E-002
0.50 5.00 11.60 0.43901503778542972 6.3936838048328407E-002
0.50 5.00 12.00 0.43627189079571710 6.3654532730001809E-002

0.50 5.20 0.00 0.22349449483907802 6.6913215285752170E-002
0.50 5.20 0.40 0.42251934238996008 6.2280156403535659E-002
0.50 5.20 0.80 0.42132633600334513 6.3465075058731502E-002
0.50 5.20 1.20 0.42405412293046324 6.3925798787202517E-002
0.50 5.20 1.60 0.42635352798347520 6.3854044415200872E-002
0.50 5.20 2.00 0.41477875165595224 6.4349661899358340E-002
0.50 5.20 2.40 0.42102538109153675 6.4055417191794764E-002
0.50 5.20 2.80 0.42121878377731703 6.3912991017898491E-002
0.50 5.20 3.20 0.42567426320246532 6.4050668421397089E-002
0.50 5.20 3.60 0.42813729977455156 6.3961010144477054E-002
0.50 5.20 4.00 0.42340460089553672 6.3634227612525809E-002
0.50 5.20 4.40 0.42621897905374473 6.4008270215736018E-002
0.50 5.20 4.80 0.42944215853933027 6.3386360904366473E-002
0.50 5.20 5.20 0.42596913254072816 6.3565203752463578E-002
0.50 5.20 5.60 0.43094231334599009 6.3064235698854595E-002
0.50 5.20 6.00 0.42985598516811468 6.3846438947994161E-002
0.50 5.20 6.40 0.42734905093150760 6.3982901597102362E-002
0.50 5.20 6.80 0.43324717182272110 6.3885736727120349E-002
0.50 5.20 7.20 0.43020590296334371 6.3667332906411814E-002
0.50 5.20 7.60 0.43111806408924913 6.3635918773173761E-002
0.50 5.20 8.00 0.42398819924261327 6.3037723499480378E-002
0.50 5.20 8.40 0.43238924396869638 6.4077682376719014E-002
0.50 5.20 8.80 0.42251077623994215 6.3772915225891708E-002
0.50 5.20 9.20 0.43109801449171881 6.3571957507120955E-002
0.50 5.20 9.60 0.43140973249973663 6.3017430996515925E-002
0.50 5.20 10.00 0.42536200821998638 6.3887622721822385E-002
0.50 5.20 10.40 0.42508495074561720 6.3454321322073751E-002
0.50 5.20 10.80 0.42275871163268358 6.3711274764236284E-002
0.50 5.20 11.20 0.42072477460218377 6.3567734995872316E-002
0.50 5.20 11.60 0.42650125917267506 6.3535989220416866E-002
0.50 5.20 12.00 0.43149133378072146 6.3694084577881782E-002

0.50 5.40 0.00 0.12843733964331253 4.6394729006251086E-002
0.50 5.40 0.40 0.37554660806346718 6.1623140806587380E-002
0.50 5.40 0.80 0.40474828102271382 6.2613447119132415E-002
0.50 5.40 1.20 0.40477324197166675 6.2637862690672494E-002
0.50 5.40 1.60 0.41000149602698394 6.2733931863620321E-002
0.50 5.40 2.00 0.41764088322864162 6.2912047504866189E-002
0.50 5.40 2.40 0.41632697002781771 6.2614986616335064E-002
0.50 5.40 2.80 0.41517195094576553 6.3022093929523543E-002
0.50 5.40 3.20 0.41622854653310137 6.2857672286440153E-002
0.50 5.40 3.60 0.42037280669784283 6.3526880142980358E-002
0.50 5.40 4.00 0.41393252230937883 6.3092269761961653E-002
0.50 5.40 4.40 0.42071382721161932 6.3799853108928453E-002
0.50 5.40 4.80 0.42163511888065014 6.3182916915950779E-002
0.50 5.40 5.20 0.41917994091562444 6.3194943898272390E-002
0.50 5.40 5.60 0.42811607899805360 6.3878592970007905E-002
0.50 5.40 6.00 0.42647991598383495 6.3902465209424136E-002
0.50 5.40 6.40 0.42776800514749674 6.3347173803728382E-002
0.50 5.40 6.80 0.42419937723804624 6.4271125883360106E-002
0.50 5.40 7.20 0.42480842841235511 6.3433250146095160E-002
0.50 5.40 7.60 0.42881431404594367 6.3812325187975208E-002
0.50 5.40 8.00 0.42581745516317460 6.3884366266682535E-002
0.50 5.40 8.40 0.42586382347825602 6.3513251713656682E-002
0.50 5.40 8.80 0.42758754849511266 6.4005985747215222E-002
0.50 5.40 9.20 0.42872388013888196 6.3995050842574508E-002
0.50 5.40 9.60 0.42726659866803951 6.3697546126498389E-002
0.50 5.40 10.00 0.42950597067741381 6.4018950837560901E-002
0.50 5.40 10.40 0.42653564698268392 6.3551314376034757E-002
0.50 5.40 10.80 0.42055569025823464 6.3364770798000430E-002
0.50 5.40 11.20 0.42538538963210132 6.3585624247794265E-002
0.50 5.40 11.60 0.42465001780053324 6.4033816246060624E-002
0.50 5.40 12.00 0.42188300164901460 6.3619441472736613E-002

0.50 5.60 0.00 0.27445946346761407 7.3516286419888111E-002
0.50 5.60 0.40 0.44679107675597241 6.5690609889782911E-002
0.50 5.60 0.80 0.42007231611999118 6.4576152249438079E-002
0.50 5.60 1.20 0.41715742244634735 6.4452983484574816E-002
0.50 5.60 1.60 0.42548032449984935 6.4077271477623890E-002
0.50 5.60 2.00 0.42619185030455453 6.4569820987086399E-002
0.50 5.60 2.40 0.42032212805659669 6.4042446507406092E-002
0.50 5.60 2.80 0.42663968580114586 6.4150744008654087E-002
0.50 5.60 3.20 0.42346159223324314 6.4394245080640664E-002
0.50 5.60 3.60 0.42685613658419397 6.4465161961987927E-002
0.50 5.60 4.00 0.41868041529883071 6.3323998215074936E-002
0.50 5.60 4.40 0.42656770559927376 6.3900897949257934E-002
0.50 5.60 4.80 0.42860377075983375 6.4034794431143682E-002
0.50 5.60 5.20 0.42788534071096584 6.3871529711432284E-002
0.50 5.60 5.60 0.43226055984870343 6.4253950129682297E-002
0.50 5.60 6.00 0.42579185835124600 6.3783033179633533E-002
0.50 5.60 6.40 0.42531737838002881 6.3611664154447481E-002
0.50 5.60 6.80 0.43519117161701065 6.3991951831903149E-002
0.50 5.60 7.20 0.42630978416040888 6.3736745202448639E-002
0.50 5.60 7.60 0.42651631033276277 6.3735394453110827E-002
0.50 5.60 8.00 0.43148718689010723 6.4055902133085429E-002
0.50 5.60 8.40 0.43096270057184771 6.4261054317721958E-002
0.50 5.60 8.80 0.43253419126626530 6.4042618038231150E-002
0.50 5.60 9.20 0.43630095049632278 6.3787487784971203E-002
0.50 5.60 9.60 0.42201357513052062 6.3516042507725287E-002
0.50 5.60 10.00 0.42636541007864431 6.3910903114290429E-002
0.50 5.60 10.40 0.42910540366390854 6.4191852939264563E-002
0.50 5.60 10.80 0.42992396329291543 6.3602149438179517E-002
0.50 5.60 11.20 0.43182335598142457 6.3926696679296999E-002
0.50 5.60 11.60 0.42288633168620848 6.3206214693615009E-002
0.50 5.60 12.00 0.42333938615830169 6.4178250949982044E-002

0.50 5.80 0.00 0.11121892914186231 3.2134339703090896E-002
0.50 5.80 0.40 0.36845698315261455 5.9851098954988816E-002
0.50 5.80 0.80 0.38179289538731120 6.2772763018765665E-002
0.50 5.80 1.20 0.39849843854800199 6.4105210202644231E-002
0.50 5.80 1.60 0.40852397899174048 6.4055929035135503E-002
0.50 5.80 2.00 0.41260622585563694 6.4302152385561681E-002
0.50 5.80 2.40 0.41204411834141486 6.4158878864971000E-002
0.50 5.80 2.80 0.41323445017319466 6.3368969833342018E-002
0.50 5.80 3.20 0.42258624246564025 6.3398847539383310E-002
0.50 5.80 3.60 0.41885418745344438 6.3421724964304316E-002
0.50 5.80 4.00 0.42241520894402845 6.3736006783644356E-002
0.50 5.80 4.40 0.42465994388658579 6.3836734391618022E-002
0.50 5.80 4.80 0.41922165986913279 6.4369326030693313E-002
0.50 5.80 5.20 0.42179885574382470 6.3226885040915046E-002
0.50 5.80 5.60 0.42494762124279506 6.3596232687748749E-002
0.50 5.80 6.00 0.42501187557369374 6.3807656415620334E-002
0.50 5.80 6.40 0.42008772269841604 6.3237847540577832E-002
0.50 5.80 6.80 0.42175556375566786 6.3288152756972041E-002
0.50 5.80 7.20 0.42501066684192512 6.3163113157472667E-002
0.50 5.80 7.60 0.42298519641650573 6.3276543747996836E-002
0.50 5.80 8.00 0.41854780659389840 6.3006807810997642E-002
0.50 5.80 8.40 0.42607239566312344 6.3615956673214666E-002
0.50 5.80 8.80 0.42534236186406121 6.3256772769327965E-002
0.50 5.80 9.20 0.42826576639402758 6.3626947810791645E-002
0.50 5.80 9.60 0.42276915772388540 6.3704563083054819E-002
0.50 5.80 10.00 0.42897762573026227 6.4039331261933341E-002
0.50 5.80 10.40 0.42056412702138379 6.3689621741302826E-002
0.50 5.80 10.80 0.42515835249757544 6.3413978818345276E-002
0.50 5.80 11.20 0.42244147895293593 6.2809452039297706E-002
0.50 5.80 11.60 0.41816885329058612 6.3313479519391980E-002
0.50 5.80 12.00 0.42094125246290598 6.3299426860333047E-002

0.50 6.00 0.00 0.20838349830701600 6.6627322739532216E-002
0.50 6.00 0.40 0.39905728972050952 6.0852655579212600E-002
0.50 6.00 0.80 0.42313416313990959 6.3057505677401440E-002
0.50 6.00 1.20 0.43072370102071578 6.3760483270120016E-002
0.50 6.00 1.60 0.43044059352079456 6.4179913423808618E-002
0.50 6.00 2.00 0.42152707255807709 6.3640982005873425E-002
0.50 6.00 2.40 0.43125847494100106 6.3761622364059453E-002
0.50 6.00 2.80 0.42614101209976712 6.3681781920346320E-002
0.50 6.00 3.20 0.42906398162473042 6.3393356648513810E-002
0.50 6.00 3.60 0.43206587032187133 6.3580752762768228E-002
0.50 6.00 4.00 0.42934862023297871 6.4135099886254529E-002
0.50 6.00 4.40 0.43330695236882305 6.4358655966272257E-002
0.50 6.00 4.80 0.43158455951444508 6.3753668960105883E-002
0.50 6.00 5.20 0.43082533161902747 6.3613924701897251E-002
0.50 6.00 5.60 0.43559410719263469 6.3718458365294189E-002
0.50 6.00 6.00 0.43610334381678528 6.4647504983251697E-002
0.50 6.00 6.40 0.43529976277728366 6.3926427426141158E-002
0.50 6.00 6.80 0.44026856272136144 6.4035412060282668E-002
0.50 6.00 7.20 0.44157575223795192 6.3933044643213852E-002
0.50 6.00 7.60 0.43571016615294295 6.3921925040797162E-002
0.50 6.00 8.00 0.43846562182749932 6.3621635545066293E-002
0.50 6.00 8.40 0.43538103355665136 6.3452648262913261E-002
0.50 6.00 8.80 0.43698718242406731 6.3946245031428706E-002
0.50 6.00 9.20 0.43916625108178486 6.4093208591525744E-002
0.50 6.00 9.60 0.44296775030225455 6.4220087847518481E-002
0.50 6.00 10.00 0.43496724526231134 6.3542707627919123E-002
0.50 6.00 10.40 0.43922460329854263 6.4275996323841969E-002
0.50 6.00 10.80 0.43532493374120423 6.4098477028995252E-002
0.50 6.00 11.20 0.43500809363748216 6.3457134987791958E-002
0.50 6.00 11.60 0.43824122044564112 6.3735974974137688E-002
0.50 6.00 12.00 0.43705998060995527 6.3942524096301384E-002

