2 0.05 0.50 12.00 0.00 1.00 -1.1170663336890247E-004 9.8814454959413132E-003 498.06835937500000 197.71463880702643 5119 5120 1000000

2 0.05 0.50 12.00 0.05 1.00 -8.8421190168799996E-004 9.8354325068543639E-003 1282.3384765625001 449.96586107204939 5115 5120 1000000

2 0.05 0.50 12.00 0.10 1.00 -4.1402180336531398E-006 9.6886975116570427E-003 32.612499999999997 9.8854890945294933 5120 5120 1000000

2 0.05 0.50 12.00 0.15 1.00 3.8482371280233771E-006 9.4631591648964355E-003 16.551953125000001 2.1466488131223174 5120 5120 1000000

2 0.05 0.50 12.00 0.20 1.00 2.7781363993056801E-007 9.1605763031934843E-003 11.789453125000000 1.7184581720298850 5120 5120 1000000

4 0.05 0.50 12.00 0.00 1.00 -2.6756733387034758E-003 1.3711392230609538E-002 13317.415234374999 1330.3628466408982 2553 2560 1000000

4 0.05 0.50 12.00 0.05 1.00 -1.7508506474731922E-004 1.3414066537315326E-002 912.45390625000005 395.59552730553673 2559 2560 1000000

4 0.05 0.50 12.00 0.10 1.00 6.3791248034739462E-006 1.2555881814997281E-002 94.795312499999994 9.4350227691565678 2560 2560 1000000

4 0.05 0.50 12.00 0.15 1.00 8.5397077917985316E-006 1.1474722405239928E-002 42.692187500000003 5.0488002665417042 2560 2560 1000000

4 0.05 0.50 12.00 0.20 1.00 -3.6636882200502577E-005 1.0370915566376381E-002 89.169921875000000 61.998561450000629 2560 2560 1000000

6 0.05 0.50 12.00 0.00 1.00 -7.2187307800225517E-002 1.9143492409939258E-002 156486.60234375001 8021.0599773636040 1188 1280 1000000

6 0.05 0.50 12.00 0.05 1.00 -7.0405209218958695E-004 1.8357749153656053E-002 4909.6101562499998 978.11620892005521 1280 1280 1000000

6 0.05 0.50 12.00 0.10 1.00 4.9591184914592143E-005 1.6709076718698260E-002 381.03125000000000 31.385842024061201 1280 1280 1000000

6 0.05 0.50 12.00 0.15 1.00 2.3739137399018616E-005 1.4410804359491526E-002 173.35859375000001 48.229498232504938 1280 1280 1000000

6 0.05 0.50 12.00 0.20 1.00 1280 1000000

8 0.05 0.50 12.00 0.00 1.00 -0.35006964619424968 2.6106314887565266E-002 480153.97656250000 17125.322709359058 415 640 1000000

8 0.05 0.50 12.00 0.05 1.00 -8.0254615484544496E-003 2.5181837630220676E-002 29053.873437499999 4504.9822876535418 636 640 1000000

8 0.05 0.50 12.00 0.10 1.00 1.5001389009246889E-004 2.2560795015752668E-002 1970.1156249999999 301.20820327852090 640 640 1000000

8 0.05 0.50 12.00 0.15 1.00 -1.2983732247052558E-005 1.8165178886895974E-002 602.30937500000005 260.99419177725821 640 640 1000000

8 0.05 0.50 12.00 0.20 1.00 5.6117430467554455E-006 1.3572050127051965E-002 102.67500000000000 11.798206092122120 640 640 1000000

