200 -2.2891812950930263E-004 NaN 0.50 1.00 0.00
200 -1.8622609493403872E-002 6.4735628875653969E-002 0.50 1.00 0.05
200 -4.3574662196681227E-002 6.2776177263146146E-002 0.50 1.00 0.10
200 -9.9395325349790634E-002 5.6240118655281231E-002 0.50 1.00 0.15
200 -0.14845504329596679 5.1449140254171633E-002 0.50 1.00 0.20
200 -0.12475506527257924 5.0298898758052914E-002 0.50 1.00 0.25
200 -0.17173654084063447 5.4613473181466379E-002 0.50 1.00 0.30
200 -0.14307388740199220 5.4912748516696551E-002 0.50 1.00 0.35
200 -0.17080369979503934 5.1205101688066655E-002 0.50 1.00 0.40
200 -0.16565370999349674 4.9405002541661414E-002 0.50 1.00 0.45
200 -0.23184041339850059 4.9383830182263520E-002 0.50 1.00 0.50
200 -0.19253951855532001 5.3217902945913373E-002 0.50 1.00 0.55
200 -0.27797085227382745 4.8439406264379696E-002 0.50 1.00 0.60
200 -0.15945927549302094 4.9454212056199230E-002 0.50 1.00 0.65
200 -0.19407964407225195 5.1971582921875273E-002 0.50 1.00 0.70
200 -0.18322059700150098 5.2463451352350608E-002 0.50 1.00 0.75
200 -0.20818210911319496 5.7764602116987598E-002 0.50 1.00 0.80
200 -0.17078178651816459 5.3737543843268523E-002 0.50 1.00 0.85
200 -0.15627237848861861 5.0308479089590435E-002 0.50 1.00 0.90
200 -0.10589231432768074 4.1990041748183445E-002 0.50 1.00 0.95
200 -0.20925348976320063 4.5878687241769522E-002 0.50 1.00 1.00
200 -0.18340857148142503 4.9551798176337307E-002 0.50 1.00 1.05
200 -0.27675820124343392 5.5187019597372752E-002 0.50 1.00 1.10
200 -0.25845670977440488 5.7837194859524273E-002 0.50 1.00 1.15
200 -0.28516694410060495 5.5085248374502252E-002 0.50 1.00 1.20
200 -0.24226930537163854 5.6748054192514379E-002 0.50 1.00 1.25
200 -0.32035565465808674 6.4859758202175377E-002 0.50 1.00 1.30
200 -0.17550381024526299 4.8671133997821706E-002 0.50 1.00 1.35
200 -0.27240462533823967 5.6197199076423149E-002 0.50 1.00 1.40
200 -0.18308491385089565 4.9011129022047142E-002 0.50 1.00 1.45
200 -0.33489448546067391 5.8204812655990076E-002 0.50 1.00 1.50
200 -0.32899363726884578 6.5064384531624608E-002 0.50 1.00 1.55
200 -0.32883362738848870 6.0315826019295388E-002 0.50 1.00 1.60
200 -0.30998884113816189 6.5448344086599372E-002 0.50 1.00 1.65
200 -0.36415247376645865 5.4908107068373173E-002 0.50 1.00 1.70
200 -0.30790385563350897 6.2812846680459833E-002 0.50 1.00 1.75
200 -0.30375564673020700 5.1325779545610906E-002 0.50 1.00 1.80
200 -0.28656403767907990 4.8987894179153051E-002 0.50 1.00 1.85
200 -0.32358588575032737 5.0040342658009482E-002 0.50 1.00 1.90
200 -0.41133837718198046 5.2520443347200352E-002 0.50 1.00 1.95
200 -0.37683696185855375 5.5521138297097379E-002 0.50 1.00 2.00
