10 0.50 0.00 0.00 0.00 1.00 -2.1208337695634326E-004 NaN -1.8138372203425202E-004 NaN NaN NaN 160 4000
10 0.50 0.00 10.00 0.00 1.00 -1.8433095003022901E-003 1.5648451285111012E-002 -0.76851610604188259 1.3194653252155370E-002 0.39174241842158219 1.7300513578264964E-002 160 4000
10 0.50 0.00 20.00 0.00 1.00 -9.9934369139473441E-004 2.0737510933621188E-002 -0.86972205462610508 1.0646231271651770E-002 0.37668617735412846 1.7332586462127177E-002 160 4000
10 0.50 0.00 30.00 0.00 1.00 -5.3952610456724772E-003 2.1960773184719982E-002 -0.90798088999879489 9.1128141577938304E-003 0.38274185496248364 1.7240176209787437E-002 160 4000
10 0.50 0.00 40.00 0.00 1.00 -5.6108357105616961E-003 2.3261185443189912E-002 -0.93742321024120556 8.2161727234611754E-003 0.37682122055474465 1.7411020796403602E-002 160 4000
10 0.50 0.00 50.00 0.00 1.00 -1.5609227194526936E-003 2.3140082318074268E-002 -0.94703462423584495 6.8643208795435900E-003 0.38281299381300882 1.7199707892179682E-002 160 4000
10 0.50 0.00 60.00 0.00 1.00 -4.3897399935135884E-003 2.3817219367499122E-002 -0.95855300539860044 6.5179553750526597E-003 0.38823104241199219 1.7257207265503872E-002 160 4000
10 0.50 0.00 70.00 0.00 1.00 -5.7003177717861349E-003 2.3682782525443136E-002 -0.96183013607394063 5.9127490774725944E-003 0.38275733794800770 1.7297802006365146E-002 160 4000
10 0.50 0.00 80.00 0.00 1.00 -3.9582228857239282E-003 2.4047179525835603E-002 -0.97090574292261189 4.6073356137223348E-003 0.37783903612653902 1.7114659874651439E-002 160 4000
10 0.50 0.00 90.00 0.00 1.00 -6.1297443732196109E-003 2.4275329325559890E-002 -0.96625197022421994 5.9361165137787495E-003 0.37229998808680809 1.7205050565841963E-002 160 4000
10 0.50 0.00 100.00 0.00 1.00 -8.2172365966066401E-003 2.4319711538886169E-002 -0.97414181012632317 5.1872391362448441E-003 0.37886155256826110 1.7359746660592319E-002 160 4000

10 0.50 0.30 0.00 0.00 1.00 -3.7490739419388322E-004 NaN -2.6817107414651677E-004 NaN 0.40068463940338050 1.8431020429520221E-002 160 4000
10 0.50 0.30 10.00 0.00 1.00 -1.9612629783671835E-002 1.7751450943761116E-002 -0.75275933966302766 1.3859408040799182E-002 0.38788473404912249 1.7703525370289151E-002 160 4000
10 0.50 0.30 20.00 0.00 1.00 -0.20130210421600916 3.1935679955830194E-002 -0.86640021736337325 1.1155936994203100E-002 0.38558008386927073 1.7647670815571150E-002 160 4000
10 0.50 0.30 30.00 0.00 1.00 -0.37966908127079352 3.5596278411448724E-002 -0.91592327158902920 8.1968998756931054E-003 0.38607422160021310 1.7583806649401772E-002 160 4000
10 0.50 0.30 40.00 0.00 1.00 -0.50802562629569148 3.5888502247370987E-002 -0.93630031680772063 7.2936209720768797E-003 0.38686191358735078 1.7623485018016950E-002 160 4000
10 0.50 0.30 50.00 0.00 1.00 -0.61782263808894666 3.2521953087846084E-002 -0.93620057289758740 7.9881125003666200E-003 0.38431953102730398 1.7570695999507981E-002 160 4000
10 0.50 0.30 60.00 0.00 1.00 -0.66917611574223779 3.1883505563461818E-002 -0.95469513882687296 6.2307727484584002E-003 0.38451110461501525 1.7628367296266455E-002 160 4000
10 0.50 0.30 70.00 0.00 1.00 -0.75882210346363854 2.7415770190367915E-002 -0.96340626136481244 6.0319247132840552E-003 0.38722197790334673 1.7626915882192135E-002 160 4000
10 0.50 0.30 80.00 0.00 1.00 -0.75086318516624706 2.8500821637274819E-002 -0.96489266550555042 6.3739783033229446E-003 0.38189333910059764 1.7551288419013020E-002 160 4000
10 0.50 0.30 90.00 0.00 1.00 -0.83174159395379799 2.2035434446691881E-002 -0.96770450469977343 5.8186663864485417E-003 0.38464644422406352 1.7624358584798692E-002 160 4000
10 0.50 0.30 100.00 0.00 1.00 -0.85459254759911096 2.0952733974480178E-002 -0.97239156999364496 5.2184509331657082E-003 0.38519140086020864 1.7568617924731449E-002 160 4000

10 0.50 0.60 0.00 0.00 1.00 -1.9659747820419194E-004 NaN -2.7531524571122469E-005 NaN 0.36024485399197720 1.7668659851040776E-002 160 4000
10 0.50 0.60 10.00 0.00 1.00 -3.9775402178062025E-002 1.6567812079143270E-002 -0.76694558565007909 1.2938499473672815E-002 0.38548281927098771 1.7621993299973059E-002 160 4000
10 0.50 0.60 20.00 0.00 1.00 -0.23085344818033443 2.8914541159035658E-002 -0.88647385672367807 9.1295118623265330E-003 0.38952251632379065 1.7669343851736633E-002 160 4000
10 0.50 0.60 30.00 0.00 1.00 -0.41447861493622051 3.3485236438989693E-002 -0.91814368166312033 8.6165651208555891E-003 0.38593520589608027 1.7705392485265977E-002 160 4000
10 0.50 0.60 40.00 0.00 1.00 -0.60334238340258683 3.1686509317656229E-002 -0.93695203634135005 8.4618661186421449E-003 0.38312670959135248 1.7552430701716294E-002 160 4000
10 0.50 0.60 50.00 0.00 1.00 -0.65852182824673366 2.9817990228629267E-002 -0.95506626838664477 6.6492867157482982E-003 0.38903319461287456 1.7630521238222171E-002 160 4000
10 0.50 0.60 60.00 0.00 1.00 -0.75492331455727002 2.5809698605010811E-002 -0.96529453191384706 5.2725865785715111E-003 0.38769215773051224 1.7668511821769033E-002 160 4000
10 0.50 0.60 70.00 0.00 1.00 -0.75830604998841988 2.6757573136987095E-002 -0.96327225407022143 5.7033641629727905E-003 0.38355857262050452 1.7684234047709590E-002 160 4000
10 0.50 0.60 80.00 0.00 1.00 -0.76092754037505517 2.5231355207465628E-002 -0.95704701082678467 6.6179439802372406E-003 0.38554177427073444 1.7619193294938971E-002 160 4000
10 0.50 0.60 90.00 0.00 1.00 -0.83362583725064399 1.9960267057789159E-002 -0.96921576066836690 6.1377641578776463E-003 0.38462525993586466 1.7675378627330301E-002 160 4000
10 0.50 0.60 100.00 0.00 1.00 -0.84887212486912522 1.7069327685549678E-002 -0.96925202404288568 5.6677976532599319E-003 0.38538589958777536 1.7598574437040222E-002 160 4000

10 0.50 0.90 0.00 0.00 1.00 -1.6403954861583827E-003 NaN 5.1928057000986628E-005 NaN 0.32557421770675188 1.8602562274070797E-002 160 4000
10 0.50 0.90 10.00 0.00 1.00 -2.7037145892215984E-002 1.1530797279240662E-002 -0.74740102249527407 1.5022474484568593E-002 0.38962649901678464 1.7681340988083792E-002 160 4000
10 0.50 0.90 20.00 0.00 1.00 -0.17465151036323553 2.5165172255155209E-002 -0.86839147544293704 1.0941541866310411E-002 0.38742733791536288 1.7678411261944357E-002 160 4000
10 0.50 0.90 30.00 0.00 1.00 -0.40730525604569900 3.2019588843239022E-002 -0.91690306314458170 8.8549402186563434E-003 0.38625395150855479 1.7666859040622946E-002 160 4000
10 0.50 0.90 40.00 0.00 1.00 -0.45851302931804166 3.1710188789546151E-002 -0.92384205842877143 9.0844887576885299E-003 0.38833116442653082 1.7586800034600357E-002 160 4000
10 0.50 0.90 50.00 0.00 1.00 -0.62721658468022612 2.9325887847157950E-002 -0.94634074818117142 7.3433788981249670E-003 0.38563121342728623 1.7673466996070100E-002 160 4000
10 0.50 0.90 60.00 0.00 1.00 -0.69985747671358467 2.5460742074662004E-002 -0.94797689762050152 7.9221716029976123E-003 0.38588713081571169 1.7557433793868815E-002 160 4000
10 0.50 0.90 70.00 0.00 1.00 -0.75884011292098508 2.4973233682590388E-002 -0.96624679631386023 5.8545576755614287E-003 0.38511607336097209 1.7658684476190470E-002 160 4000
10 0.50 0.90 80.00 0.00 1.00 -0.78186698779064523 2.2777716088659923E-002 -0.96388904532026698 6.1977377456873834E-003 0.38397449093534064 1.7649199459663718E-002 160 4000
10 0.50 0.90 90.00 0.00 1.00 -0.76462572719065625 2.5008844880161710E-002 -0.96389094532937925 6.4253942773633286E-003 0.38629815829128777 1.7612298263766746E-002 160 4000
10 0.50 0.90 100.00 0.00 1.00 -0.82822170277788787 1.9856064112644716E-002 -0.97526262897541816 5.1230266946648171E-003 0.38451308740755735 1.7564931908215974E-002 160 4000

10 0.50 1.20 0.00 0.00 1.00 -3.8370325862342725E-004 NaN -1.6507114105534127E-004 NaN 0.23490338214831036 1.7186273583804954E-002 160 4000
10 0.50 1.20 10.00 0.00 1.00 -9.3957798607631621E-003 1.3249309675347024E-002 -0.73627164673723844 1.4712033398063339E-002 0.38735637277026069 1.7670129273075229E-002 160 4000
10 0.50 1.20 20.00 0.00 1.00 -0.16263468067969614 2.9610512073580821E-002 -0.86296377638874033 1.1364818123612855E-002 0.38685754231218555 1.7748538406986369E-002 160 4000
10 0.50 1.20 30.00 0.00 1.00 -0.37362953718632180 3.5045937365780669E-002 -0.91317946170449693 9.0446316701931536E-003 0.38459607272925450 1.7643419544003214E-002 160 4000
10 0.50 1.20 40.00 0.00 1.00 -0.53911912769669756 3.4267593927200780E-002 -0.94007412436436755 7.6796504718012731E-003 0.38332512662038876 1.7642042653365886E-002 160 4000
10 0.50 1.20 50.00 0.00 1.00 -0.61229639748815656 3.1495091873335199E-002 -0.94775814204043640 7.1714841848772911E-003 0.38812552545741730 1.7652527144481810E-002 160 4000
10 0.50 1.20 60.00 0.00 1.00 -0.71165480782140289 2.9159442006815889E-002 -0.95607586114378618 6.6038684044804211E-003 0.38481430363277941 1.7652121923613456E-002 160 4000
10 0.50 1.20 70.00 0.00 1.00 -0.73005547629801260 2.8600877337114621E-002 -0.96065821671919183 6.0977867686024785E-003 0.38291986234619363 1.7626718457903638E-002 160 4000
10 0.50 1.20 80.00 0.00 1.00 -0.80150490193965285 2.5149996781592531E-002 -0.97103210326051448 5.3767903815587562E-003 0.38535297801689283 1.7583056052340975E-002 160 4000
10 0.50 1.20 90.00 0.00 1.00 -0.83562833650937485 2.1877268851421595E-002 -0.96729190966314404 6.3341222181921486E-003 0.38601933217501727 1.7699730298791877E-002 160 4000
10 0.50 1.20 100.00 0.00 1.00 -0.84641400875445316 2.1179245965892369E-002 -0.97351385007873203 5.2206595849514995E-003 0.38675355034919795 1.7593963423987904E-002 160 4000

10 0.50 1.50 0.00 0.00 1.00 -1.5199369810698045E-003 NaN 5.3417573158740211E-004 NaN 0.20578255638350043 1.6442692613687276E-002 160 4000
10 0.50 1.50 10.00 0.00 1.00 -5.2998604990104640E-003 8.2817663002479700E-003 -0.74684392084345841 1.4167285340564025E-002 0.38798292652344907 1.7658805370384931E-002 160 4000
10 0.50 1.50 20.00 0.00 1.00 -3.2619566276809606E-002 1.9458893272226160E-002 -0.87079751584783938 1.1027135636315659E-002 0.38700757756955728 1.7699825206698647E-002 160 4000
10 0.50 1.50 30.00 0.00 1.00 -0.10380772568873900 2.5992667727208207E-002 -0.91423959549031997 8.8187975241817151E-003 0.38527216852382196 1.7634205023449760E-002 160 4000
10 0.50 1.50 40.00 0.00 1.00 -0.18723891067796317 3.0570495571803791E-002 -0.92310625446946459 8.5045844199204707E-003 0.38855605495676176 1.7662829380367385E-002 160 4000
10 0.50 1.50 50.00 0.00 1.00 -0.32257477679224250 3.5148280789525324E-002 -0.94381227537677681 7.6699091259464355E-003 0.38672763137051519 1.7671126504280630E-002 160 4000
10 0.50 1.50 60.00 0.00 1.00 -0.39071027478099840 3.5839268563320259E-002 -0.95154434083132255 7.0175680265361631E-003 0.38664638699623177 1.7598090697229986E-002 160 4000
10 0.50 1.50 70.00 0.00 1.00 -0.49501494082631020 3.4499627939720008E-002 -0.95693702042624340 7.0206617022182090E-003 0.38647269224600322 1.7696278984694676E-002 160 4000
10 0.50 1.50 80.00 0.00 1.00 -0.57678792567973725 3.3179892171215475E-002 -0.96599938303744282 5.3356860388322309E-003 0.38961476581973808 1.7696883462722975E-002 160 4000
10 0.50 1.50 90.00 0.00 1.00 -0.66933145338041944 2.9896995821181285E-002 -0.96888470124658044 5.5560760041182414E-003 0.38687003418354943 1.7608020905837699E-002 160 4000
10 0.50 1.50 100.00 0.00 1.00 -0.69717357205151242 2.8167805670496746E-002 -0.97114359705448194 5.6765232952321783E-003 0.38342726519853548 1.7649206682838047E-002 160 4000

10 0.50 1.80 0.00 0.00 1.00 3.6047593547664289E-004 NaN -9.2958177567352342E-004 NaN 0.18330701858787968 1.6347461712726712E-002 160 4000
10 0.50 1.80 10.00 0.00 1.00 -4.3726711337489102E-003 1.1238121139060959E-002 -0.74460971776933005 1.3899392572001368E-002 0.38626620590350280 1.7638967999624645E-002 160 4000
10 0.50 1.80 20.00 0.00 1.00 -9.1502986931933622E-002 2.4593831162640366E-002 -0.87804941832122985 1.1127104701877614E-002 0.38585209204984838 1.7660492263556149E-002 160 4000
10 0.50 1.80 30.00 0.00 1.00 -0.24628346473389459 3.3604255520243730E-002 -0.90466307388001754 9.5704074351613266E-003 0.38558989195877907 1.7635992274633115E-002 160 4000
10 0.50 1.80 40.00 0.00 1.00 -0.39748137276160656 3.5403136908018044E-002 -0.93895667595625909 7.2030970570820347E-003 0.38702047119165695 1.7687340782824294E-002 160 4000
10 0.50 1.80 50.00 0.00 1.00 -0.58063944537709755 3.3084391363795901E-002 -0.95323691620058448 7.0130836835326262E-003 0.38627580326929084 1.7772280543552847E-002 160 4000
10 0.50 1.80 60.00 0.00 1.00 -0.62466467641712609 3.2390571426409928E-002 -0.95235858282719266 6.4031872361351152E-003 0.38318226490567303 1.7798494660599788E-002 160 4000
10 0.50 1.80 70.00 0.00 1.00 -0.67342305205746833 3.0271675836701314E-002 -0.95856500247139620 5.8880842876548566E-003 0.38384096003688284 1.7643225374506230E-002 160 4000
10 0.50 1.80 80.00 0.00 1.00 -0.73592115421567716 2.7377875434238929E-002 -0.96184935833201723 6.4053682163835481E-003 0.38525924390939603 1.7561053199413038E-002 160 4000
10 0.50 1.80 90.00 0.00 1.00 -0.78123413998405156 2.4304614627875219E-002 -0.96978825780553979 4.9739891235969858E-003 0.38403204261601270 1.7665862111268141E-002 160 4000
10 0.50 1.80 100.00 0.00 1.00 -0.78539634971265215 2.5734083304390479E-002 -0.97476792212612851 4.9185085862277454E-003 0.38726527767842633 1.7677711269483025E-002 160 4000

10 0.50 2.10 0.00 0.00 1.00 1.5952090726091228E-004 NaN 2.6015422166681661E-003 NaN 0.22508017065514396 1.8291926097599498E-002 160 4000
10 0.50 2.10 10.00 0.00 1.00 -1.9666722898698322E-002 1.2215694538785222E-002 -0.75543281696050724 1.4470631587427183E-002 0.38774950658056950 1.7617585802072497E-002 160 4000
10 0.50 2.10 20.00 0.00 1.00 -0.14799587017408117 2.8058802562876593E-002 -0.87380265136541091 1.0849650149605575E-002 0.38742624846730728 1.7705374675059688E-002 160 4000
10 0.50 2.10 30.00 0.00 1.00 -0.35838457948842867 3.3723425841611816E-002 -0.91190366865079797 8.5741091181194880E-003 0.38419993736903874 1.7622120179806730E-002 160 4000
10 0.50 2.10 40.00 0.00 1.00 -0.53403966877657916 3.3822822410286987E-002 -0.93216536339235578 8.8386581759369275E-003 0.38690086159845444 1.7603134015246314E-002 160 4000
10 0.50 2.10 50.00 0.00 1.00 -0.64654035336676019 3.2114057873939783E-002 -0.96026236643502327 5.7237882441338551E-003 0.38632341519930025 1.7709949749058512E-002 160 4000
10 0.50 2.10 60.00 0.00 1.00 -0.72330053023051055 2.7329035594882277E-002 -0.95659632006189799 6.1886539848914138E-003 0.38926148430813950 1.7702278560104871E-002 160 4000
10 0.50 2.10 70.00 0.00 1.00 -0.71585587893952374 2.8318457436992756E-002 -0.96547494580694626 5.6230203656487902E-003 0.38576676828795542 1.7645941467133663E-002 160 4000
10 0.50 2.10 80.00 0.00 1.00 -0.77480669698900551 2.6308958571461902E-002 -0.96210957187591006 6.1609421949720697E-003 0.38512085703758825 1.7647775014662460E-002 160 4000
10 0.50 2.10 90.00 0.00 1.00 -0.82745997745459554 2.0771992312617237E-002 -0.97172048922227672 5.5414158744849853E-003 0.38656181022889580 1.7653275179473189E-002 160 4000
10 0.50 2.10 100.00 0.00 1.00 -0.84073646808361213 2.1196394916221918E-002 -0.97690814142366711 4.4213012743318176E-003 0.38469294489642553 1.7696365038341797E-002 160 4000

10 0.50 2.40 0.00 0.00 1.00 -7.7687435493317030E-005 NaN -4.8120837579113881E-003 NaN 0.15751378046482861 1.6091639632101275E-002 160 4000
10 0.50 2.40 10.00 0.00 1.00 -1.3670151585957656E-002 1.0360515449280296E-002 -0.75968005928771876 1.3904247253459403E-002 0.38692946157587599 1.7626013730369556E-002 160 4000
10 0.50 2.40 20.00 0.00 1.00 -0.16542438912705404 2.2133278370651460E-002 -0.84481642461180029 1.2588005616801987E-002 0.38352190999748703 1.7621647001256274E-002 160 4000
10 0.50 2.40 30.00 0.00 1.00 -0.34030324380997701 2.6975820655785059E-002 -0.91655985509847260 9.3386488171896230E-003 0.38711635204392114 1.7719312602938408E-002 160 4000
10 0.50 2.40 40.00 0.00 1.00 -0.46384731968055914 2.7820295665955765E-002 -0.92937212162592975 8.7774673476179229E-003 0.38573172027965713 1.7698932921631026E-002 160 4000
10 0.50 2.40 50.00 0.00 1.00 -0.57365171006634597 2.6150472696819888E-002 -0.94136604413821057 8.3691945165241307E-003 0.38573146695621074 1.7640393880432845E-002 160 4000
10 0.50 2.40 60.00 0.00 1.00 -0.63434432596964774 2.5279653741030857E-002 -0.94830217047713261 7.7804083520885891E-003 0.38574108489103487 1.7641238040112805E-002 160 4000
10 0.50 2.40 70.00 0.00 1.00 -0.63982429797018614 2.6729181118757057E-002 -0.95406488228356578 8.2195373061024913E-003 0.38540950069227875 1.7593706833196759E-002 160 4000
10 0.50 2.40 80.00 0.00 1.00 -0.68963893519845554 2.4901442173989798E-002 -0.96239942803364464 5.9936167111820787E-003 0.38416060973345290 1.7594703373046326E-002 160 4000
10 0.50 2.40 90.00 0.00 1.00 -0.73978286423563511 2.1006569122667195E-002 -0.97135716267936212 5.2158874499432890E-003 0.38923046011707058 1.7588991253569726E-002 160 4000
10 0.50 2.40 100.00 0.00 1.00 -0.76683965874273652 2.0347757174514466E-002 -0.97508674211986524 4.8102342747882252E-003 0.38297606211607171 1.7559082269831133E-002 160 4000

10 0.50 2.70 0.00 0.00 1.00 -3.1455459127355426E-003 NaN 5.7865719026027381E-003 NaN 0.13486995859569462 1.3460511143685129E-002 160 4000
10 0.50 2.70 10.00 0.00 1.00 -1.3865252813565446E-002 1.4220911609612042E-002 -0.76542700824016685 1.4694209005678934E-002 0.38650884539504510 1.7676168529402500E-002 160 4000
10 0.50 2.70 20.00 0.00 1.00 -0.15409532488254943 2.8453857283147043E-002 -0.86932430764224955 1.0807327161238457E-002 0.38557122192696414 1.7644839481946416E-002 160 4000
10 0.50 2.70 30.00 0.00 1.00 -0.33476801269133127 3.3744643367316918E-002 -0.91381969194209345 8.9188771805524016E-003 0.38399100906239125 1.7640689682071227E-002 160 4000
10 0.50 2.70 40.00 0.00 1.00 -0.50382308407198106 3.5730403914092240E-002 -0.94182069962359982 7.2174940344024293E-003 0.38481474010248506 1.7563073915931308E-002 160 4000
10 0.50 2.70 50.00 0.00 1.00 -0.63109111092419967 2.9896957856125186E-002 -0.94810575564331734 7.4023271126335685E-003 0.38717601452839762 1.7662406327598603E-002 160 4000
10 0.50 2.70 60.00 0.00 1.00 -0.70915243484690538 2.7618289452694969E-002 -0.95890009388309116 5.9942132338608265E-003 0.38572854941036061 1.7714991297058398E-002 160 4000
10 0.50 2.70 70.00 0.00 1.00 -0.67347030524835672 2.9564195072636999E-002 -0.95250060549834614 7.1442241142345613E-003 0.38674575396688748 1.7527757710565854E-002 160 4000
10 0.50 2.70 80.00 0.00 1.00 -0.74655210393591587 2.7136465830301999E-002 -0.96899276760574415 5.1868302979564485E-003 0.38383386689492749 1.7669351812838525E-002 160 4000
10 0.50 2.70 90.00 0.00 1.00 -0.83701091878502198 2.1320804483079381E-002 -0.97303761242851738 5.4592615236733815E-003 0.38701371506171628 1.7721017481277732E-002 160 4000
10 0.50 2.70 100.00 0.00 1.00 -0.82485368346559251 2.0729763120239449E-002 -0.97331141538237931 4.9368006732477447E-003 0.38593242616092982 1.7690253632323693E-002 160 4000

10 0.50 3.00 0.00 0.00 1.00 3.0504503343972830E-003 NaN 4.3714857508384717E-003 NaN 0.11687036408470783 1.2273591633206645E-002 160 4000
10 0.50 3.00 10.00 0.00 1.00 -3.6992015205243077E-003 9.6847931893371941E-003 -0.75325534608467259 1.4520667811204768E-002 0.38786949367317830 1.7652996320770678E-002 160 4000
10 0.50 3.00 20.00 0.00 1.00 -6.7181597528314263E-002 2.1411840528189501E-002 -0.87405744053925849 1.1206661207962158E-002 0.38999307961161778 1.7682398520598556E-002 160 4000
10 0.50 3.00 30.00 0.00 1.00 -0.20150384570217197 3.1598310029617771E-002 -0.91352754278273562 8.9952129443686153E-003 0.38357461426403466 1.7630703745921392E-002 160 4000
10 0.50 3.00 40.00 0.00 1.00 -0.33834479255268396 3.6162126522266136E-002 -0.93063076415867574 8.4574800981315097E-003 0.38558789199322252 1.7619518110413679E-002 160 4000
10 0.50 3.00 50.00 0.00 1.00 -0.42611248516081918 3.5231942035640312E-002 -0.94954641294120912 6.3523493226318433E-003 0.38572569308374971 1.7644903032386642E-002 160 4000
10 0.50 3.00 60.00 0.00 1.00 -0.49106994148326649 3.5647589807209466E-002 -0.95861542192459803 6.4606627707346972E-003 0.38589234465420674 1.7667635168725691E-002 160 4000
10 0.50 3.00 70.00 0.00 1.00 -0.56544390309629533 3.5099830759490407E-002 -0.95714429325126194 6.0176324761235956E-003 0.38920571055900688 1.7727469008300443E-002 160 4000
10 0.50 3.00 80.00 0.00 1.00 -0.68295119037999885 2.9997233726535882E-002 -0.95422307831281794 7.0601829735047082E-003 0.38652515860522502 1.7630364196632501E-002 160 4000
10 0.50 3.00 90.00 0.00 1.00 -0.73180410150172703 2.9412108430064199E-002 -0.97192383597865850 5.6859829880224156E-003 0.38387523489251985 1.7545842594385144E-002 160 4000
10 0.50 3.00 100.00 0.00 1.00 -0.70646032576778484 3.0832307555759414E-002 -0.97374507910064445 5.5198108588456222E-003 0.38533281761740440 1.7547916526377803E-002 160 4000

10 0.50 3.05 0.00 0.00 1.00 1.8738997568334525E-003 NaN -1.0779472668709055E-002 NaN 0.10863576826098142 1.1924173645530200E-002 160 4000
10 0.50 3.05 10.00 0.00 1.00 -1.1554979230513832E-002 9.8830809906449834E-003 -0.76796824670155395 1.4578512340042185E-002 0.38928485792192197 1.7758388977790411E-002 160 4000
10 0.50 3.05 20.00 0.00 1.00 -4.5852610922156180E-002 2.0966810537102087E-002 -0.88791228955845902 1.0223980042290011E-002 0.38588902252122598 1.7619525854613041E-002 160 4000
10 0.50 3.05 30.00 0.00 1.00 -0.15840495640597030 2.9392795884577272E-002 -0.90624941507575274 9.8840420358392560E-003 0.38634161931942890 1.7664237990596542E-002 160 4000
10 0.50 3.05 40.00 0.00 1.00 -0.31094617288480980 3.3126422422505047E-002 -0.93714504571552681 8.7303346297852996E-003 0.38597816188471401 1.7680235049429820E-002 160 4000
10 0.50 3.05 50.00 0.00 1.00 -0.38411701496249262 3.3661361930641946E-002 -0.94157717049878409 7.6848816507373739E-003 0.38531331624930953 1.7696762145547395E-002 160 4000
10 0.50 3.05 60.00 0.00 1.00 -0.47346045516002089 3.5527436311473121E-002 -0.95473721446360049 7.0586499759469883E-003 0.38463929376255285 1.7654093501396424E-002 160 4000
10 0.50 3.05 70.00 0.00 1.00 -0.57850050078946780 3.3267839769484421E-002 -0.96357404863494789 5.9204257060756519E-003 0.38465333684088360 1.7608669075611125E-002 160 4000
10 0.50 3.05 80.00 0.00 1.00 -0.62581825488250387 3.0196639313305795E-002 -0.96554021509704169 6.2400662290542355E-003 0.39079529134854923 1.7662505496308573E-002 160 4000
10 0.50 3.05 90.00 0.00 1.00 -0.65915194310700698 3.0200899301317728E-002 -0.96873748519886449 5.4439667949310010E-003 0.38005249794643103 1.7569162290344706E-002 160 4000
10 0.50 3.05 100.00 0.00 1.00 -0.69497791427334754 3.0561134174716693E-002 -0.97231923173973422 5.9449128142641848E-003 0.38169662878578292 1.7672591772821124E-002 160 4000

10 0.50 3.10 0.00 0.00 1.00 3.3508380041921554E-003 NaN -2.8641013446937514E-003 NaN 0.11537268140406953 1.2137499403949389E-002 160 4000
10 0.50 3.10 10.00 0.00 1.00 -2.5871545519728675E-003 8.5750063732830308E-003 -0.75398247658595396 1.4936828302048642E-002 0.39005875052905592 1.7777385529489015E-002 160 4000
10 0.50 3.10 20.00 0.00 1.00 -4.1365070051970695E-002 1.6276385581756321E-002 -0.86222827764283960 1.1099732591365272E-002 0.38517202502894615 1.7645996918469502E-002 160 4000
10 0.50 3.10 30.00 0.00 1.00 -8.8580919389308066E-002 2.3588075978528748E-002 -0.91226629304627260 9.0260334823472500E-003 0.38542613742878373 1.7629125800863656E-002 160 4000
10 0.50 3.10 40.00 0.00 1.00 -0.12468825662184090 2.7889195226935799E-002 -0.94541790938159642 7.4148749794688005E-003 0.38358319966519250 1.7567490482554404E-002 160 4000
10 0.50 3.10 50.00 0.00 1.00 -0.20506797069995400 3.1734157971961226E-002 -0.94842729811486914 6.9474827037405117E-003 0.38719184368910453 1.7706789829030792E-002 160 4000
10 0.50 3.10 60.00 0.00 1.00 -0.26157560882665359 3.2626770114385875E-002 -0.95577216077022986 7.7917568119180236E-003 0.38686638614866736 1.7677937943087141E-002 160 4000
10 0.50 3.10 70.00 0.00 1.00 -0.39692614838554668 3.4940515546066718E-002 -0.96265772910807546 6.1979044057976340E-003 0.38217111308595964 1.7638516482695508E-002 160 4000
10 0.50 3.10 80.00 0.00 1.00 -0.42558111507483509 3.5636183308098798E-002 -0.96960699334186373 5.3025032316073610E-003 0.38631303447227672 1.7651192728795586E-002 160 4000
10 0.50 3.10 90.00 0.00 1.00 -0.48982050648524883 3.2142547091983657E-002 -0.95921826712499558 7.0383065416315081E-003 0.38563089118523275 1.7654622202482262E-002 160 4000
10 0.50 3.10 100.00 0.00 1.00 -0.53319741454377800 3.2540099104993656E-002 -0.96963271743608881 5.8458844009626979E-003 0.38270637046104655 1.7594127813339140E-002 160 4000

10 0.50 3.15 0.00 0.00 1.00 -1.5771313813829693E-003 NaN 1.0751229906762820E-002 NaN 0.11479972413578221 1.1819450557920339E-002 160 4000
10 0.50 3.15 10.00 0.00 1.00 -6.4571060933223245E-003 8.3278727876612245E-003 -0.77194220739321084 1.5581507946157921E-002 0.38449831253952860 1.7645210705191199E-002 160 4000
10 0.50 3.15 20.00 0.00 1.00 -1.0455628298159656E-002 1.2200768192556624E-002 -0.86741403386748994 1.0992849948540006E-002 0.38607997225435114 1.7667219987303459E-002 160 4000
10 0.50 3.15 30.00 0.00 1.00 -1.9557203086994993E-002 1.6218380306745196E-002 -0.90289041861700536 9.4554967820715263E-003 0.38409763901452126 1.7607035080336002E-002 160 4000
10 0.50 3.15 40.00 0.00 1.00 -3.6385433068983813E-002 1.9271330760846597E-002 -0.94599524478572383 6.9927611212063350E-003 0.38647592657120056 1.7639938609195667E-002 160 4000
10 0.50 3.15 50.00 0.00 1.00 -4.3039327617645756E-002 2.1482944678343024E-002 -0.94291480651171644 7.9223478294840766E-003 0.38478513233675105 1.7671395810768851E-002 160 4000
10 0.50 3.15 60.00 0.00 1.00 -3.3926488886363335E-002 2.1648887609790776E-002 -0.95865176960080944 5.6066001982642277E-003 0.38418514317411506 1.7694576986893824E-002 160 4000
10 0.50 3.15 70.00 0.00 1.00 -6.2243996553333264E-002 2.2991792925575624E-002 -0.96223104138607218 6.8691286828732800E-003 0.38378184883580058 1.7673336445478541E-002 160 4000
10 0.50 3.15 80.00 0.00 1.00 -8.3174381464020869E-002 2.5233959816447740E-002 -0.96713776748562097 5.5151634811888423E-003 0.38624596717527060 1.7650542311165043E-002 160 4000
10 0.50 3.15 90.00 0.00 1.00 -6.9628171535043137E-002 2.4430177056226701E-002 -0.96698454958880098 5.5566540678438758E-003 0.38780049662016575 1.7714908999033982E-002 160 4000
10 0.50 3.15 100.00 0.00 1.00 -0.10493416537437608 2.5630702684599858E-002 -0.97684059638436760 5.0680676796290725E-003 0.38451891540732314 1.7689905485247820E-002 160 4000


10 1.57 0.00 0.00 0.00 1.00 -2.5768543978165327E-004 NaN -1.3158810295026320E-004 NaN 0.10778529770609582 1.5217408883732925E-002 160 4000
10 1.57 0.00 10.00 0.00 1.00 -2.7508730569216156E-004 5.5505772985032578E-003 -0.48315011533709085 1.5729018037297555E-002 0.38664543480210378 1.7091690617848775E-002 160 4000
10 1.57 0.00 20.00 0.00 1.00 -4.5148903182957035E-004 1.2436029080352330E-002 -0.67796407466532604 1.4813560666422502E-002 0.38209899591173946 1.7374287979577015E-002 160 4000
10 1.57 0.00 30.00 0.00 1.00 -4.6828592135069477E-004 1.6734972727174259E-002 -0.77053491969250698 1.3215446913383739E-002 0.38463778844117424 1.7206491833045894E-002 160 4000
10 1.57 0.00 40.00 0.00 1.00 -1.1872646508776215E-003 1.8511477640774338E-002 -0.80316926100677344 1.3045530501784454E-002 0.38898570692794721 1.7287959472220206E-002 160 4000
10 1.57 0.00 50.00 0.00 1.00 -9.4504612343091908E-004 2.0179775915220074E-002 -0.85612559789051357 1.0303717894675426E-002 0.37287173800235701 1.7317126377735147E-002 160 4000
10 1.57 0.00 60.00 0.00 1.00 -1.8158539286187939E-003 2.0626102479911906E-002 -0.86041426541807564 1.0647803415300593E-002 0.38605484138903173 1.7396198538199528E-002 160 4000
10 1.57 0.00 70.00 0.00 1.00 -1.7559254999837410E-003 2.1404327613907231E-002 -0.89231637803341801 9.4756088231615614E-003 0.38206646827288421 1.7303444853215375E-002 160 4000
10 1.57 0.00 80.00 0.00 1.00 -2.7388253000167682E-003 2.2569078926032691E-002 -0.90500090287295032 9.0944520018126137E-003 0.37996640020624306 1.7371971853564427E-002 160 4000
10 1.57 0.00 90.00 0.00 1.00 -5.0780778001225616E-004 2.2595364377950337E-002 -0.91042702505441886 9.0790217902790241E-003 0.37779103894272958 1.7205947083996812E-002 160 4000
10 1.57 0.00 100.00 0.00 1.00 1.8232309122147403E-004 2.2996060663782462E-002 -0.91113699639160184 9.2517495019675614E-003 0.37483507665533189 1.7217315924053178E-002 160 4000

10 1.57 0.30 0.00 0.00 1.00 -1.9203087056388312E-004 NaN -2.2142923439460012E-004 NaN 0.36797390340159103 1.8486920948029392E-002 160 4000
10 1.57 0.30 10.00 0.00 1.00 -6.3178777524769468E-004 3.9050617456948458E-003 -0.46602648421435733 1.2711544670685420E-002 0.38832709338627519 1.7682714381126209E-002 160 4000
10 1.57 0.30 20.00 0.00 1.00 -1.1654001966109571E-002 1.1252138539341773E-002 -0.67579405543101301 1.3313428696727048E-002 0.38249518710515495 1.7596972844267027E-002 160 4000
10 1.57 0.30 30.00 0.00 1.00 -2.4276711510966754E-002 1.8850414285122880E-002 -0.76095308550772778 1.3934138742086370E-002 0.38726814161750800 1.7663032191738443E-002 160 4000
10 1.57 0.30 40.00 0.00 1.00 -4.7594663748519089E-002 2.3215178755085719E-002 -0.81476640817589141 1.1668041583761680E-002 0.38407484897984351 1.7623207976605822E-002 160 4000
10 1.57 0.30 50.00 0.00 1.00 -0.14089352278588965 3.0073755913473558E-002 -0.85718535728147383 1.0514571827031409E-002 0.38444980832392844 1.7722409368462137E-002 160 4000
10 1.57 0.30 60.00 0.00 1.00 -0.17242582669356674 3.2719466691529468E-002 -0.85727122896778185 1.0518565892986225E-002 0.38592693582302817 1.7674011494271363E-002 160 4000
10 1.57 0.30 70.00 0.00 1.00 -0.22213988298825085 3.3408773113378899E-002 -0.88660272149192254 9.0439621968402186E-003 0.38748488211273024 1.7635507156328670E-002 160 4000
10 1.57 0.30 80.00 0.00 1.00 -0.37417004044709673 3.5024111205231835E-002 -0.90567080311786741 9.2020872478686330E-003 0.38420580224121281 1.7617714361930333E-002 160 4000
10 1.57 0.30 90.00 0.00 1.00 -0.38215349303543306 3.6872073265542010E-002 -0.91485333977100414 8.9069800278933960E-003 0.38519175535047162 1.7683036249753974E-002 160 4000
10 1.57 0.30 100.00 0.00 1.00 -0.45543495473763740 3.6495890099878969E-002 -0.91987443622620635 8.4058142887502452E-003 0.38732951661754855 1.7705614012450088E-002 160 4000

10 1.57 0.60 0.00 0.00 1.00 -4.1307278335986553E-004 NaN -1.5409718471637464E-004 NaN 0.34019361044065033 1.8444394555049627E-002 160 4000
10 1.57 0.60 10.00 0.00 1.00 -5.2677254200881663E-004 3.7276953711379425E-003 -0.42411800227580410 1.4029076241704370E-002 0.38959286050205766 1.7598726931428353E-002 160 4000
10 1.57 0.60 20.00 0.00 1.00 -4.7801332241069047E-003 1.1101561805259204E-002 -0.66950425944269143 1.4181904025763765E-002 0.38660378140264429 1.7646678863294390E-002 160 4000
10 1.57 0.60 30.00 0.00 1.00 -2.0150903367567356E-002 1.6699495701837284E-002 -0.74163717621300007 1.3058567212584931E-002 0.38464265306913659 1.7617737203554369E-002 160 4000
10 1.57 0.60 40.00 0.00 1.00 -9.1731472673677053E-002 2.4896995187415356E-002 -0.80447173025426377 1.1855932871330048E-002 0.38544606735648190 1.7622328971604401E-002 160 4000
10 1.57 0.60 50.00 0.00 1.00 -0.19528183417386658 3.0824311066710235E-002 -0.85332637873887895 1.1497351788778356E-002 0.38449332216774906 1.7641842559417770E-002 160 4000
10 1.57 0.60 60.00 0.00 1.00 -0.22627236488515096 3.3320295209681598E-002 -0.86292234249863498 1.1293023510633347E-002 0.39085450594657539 1.7755237692682578E-002 160 4000
10 1.57 0.60 70.00 0.00 1.00 -0.26777164146920390 3.4392330337437771E-002 -0.88550638917446967 9.4607147347036402E-003 0.38875959036090074 1.7621645652106312E-002 160 4000
10 1.57 0.60 80.00 0.00 1.00 -0.30717186607104602 3.4346618173113450E-002 -0.89261550870521300 9.7062482245190741E-003 0.38750078942877547 1.7694825075407244E-002 160 4000
10 1.57 0.60 90.00 0.00 1.00 -0.41187142208978161 3.5854796237890015E-002 -0.91209227227955303 8.1043698891674568E-003 0.38361652427985310 1.7566499217340110E-002 160 4000
10 1.57 0.60 100.00 0.00 1.00 -0.44102557721623559 3.5190271478344297E-002 -0.91864172066483074 8.5700871741499034E-003 0.38564139187402280 1.7576859166802624E-002 160 4000

10 1.57 0.90 0.00 0.00 1.00 -3.4579126553444439E-004 NaN -1.2967723772821505E-003 NaN 0.39922735761166417 1.6829143497977248E-002 160 4000
10 1.57 0.90 10.00 0.00 1.00 -5.5364661967243780E-004 3.3676376387593810E-003 -0.44178784756190725 1.4270022542212785E-002 0.38794874094284132 1.7757163372013558E-002 160 4000
10 1.57 0.90 20.00 0.00 1.00 -6.1499665307007392E-003 8.3161241485038648E-003 -0.66381924520202351 1.3691336307902115E-002 0.38850361643173781 1.7670787080947690E-002 160 4000
10 1.57 0.90 30.00 0.00 1.00 -3.6894745213540442E-002 1.4209674266596362E-002 -0.76171533962953275 1.2252353083273623E-002 0.38276069111775740 1.7677129139293254E-002 160 4000
10 1.57 0.90 40.00 0.00 1.00 -8.4770827140096136E-002 2.0415988189461942E-002 -0.79775908728195077 1.3097171719517704E-002 0.38468085475429475 1.7649987842424147E-002 160 4000
10 1.57 0.90 50.00 0.00 1.00 -0.13983579061590379 2.3413706321039014E-002 -0.83544421422450377 1.0807680937318903E-002 0.38454780116143672 1.7647176996233568E-002 160 4000
10 1.57 0.90 60.00 0.00 1.00 -0.25148337137522847 2.8504717905001396E-002 -0.87759444659920283 1.0104686084751993E-002 0.38365847208944193 1.7607710850693757E-002 160 4000
10 1.57 0.90 70.00 0.00 1.00 -0.30980458342460776 2.9959925703097724E-002 -0.88305336109306709 9.9520559098293659E-003 0.38482488598109232 1.7644995392507357E-002 160 4000
10 1.57 0.90 80.00 0.00 1.00 -0.34034125703419688 3.0924116034764394E-002 -0.89431836803843934 9.4454260038192746E-003 0.38737666358872114 1.7632896766960872E-002 160 4000
10 1.57 0.90 90.00 0.00 1.00 -0.40628638773447828 3.1394965063766454E-002 -0.90936610517362204 8.6876214912913578E-003 0.38545562579973425 1.7638407988025927E-002 160 4000
10 1.57 0.90 100.00 0.00 1.00 -0.48825673592456931 3.2960202803697304E-002 -0.92875758654940965 7.9676308784180395E-003 0.38556754256655595 1.7710169307001516E-002 160 4000

10 1.57 1.20 0.00 0.00 1.00 1.1251667267288212E-005 NaN -6.4447175124542121E-005 NaN 0.41355161535993534 1.8310416677280356E-002 160 4000
10 1.57 1.20 10.00 0.00 1.00 -5.7054181242180760E-004 2.9080046363318254E-003 -0.40733440870447046 1.3930942339196756E-002 0.38881134577431564 1.7583999879376668E-002 160 4000
10 1.57 1.20 20.00 0.00 1.00 -7.7194769652594187E-003 1.0525251729452527E-002 -0.65314360820497674 1.3949661006293688E-002 0.38574261363549411 1.7662391618967092E-002 160 4000
10 1.57 1.20 30.00 0.00 1.00 -2.5588842363623004E-002 1.8116871964710755E-002 -0.74551810078707426 1.3785738034999807E-002 0.38482854268293759 1.7592135361848914E-002 160 4000
10 1.57 1.20 40.00 0.00 1.00 -9.1935900563118567E-002 2.4881272296735656E-002 -0.79758880313339808 1.2741909122102059E-002 0.38863871878747902 1.7714013682185881E-002 160 4000
10 1.57 1.20 50.00 0.00 1.00 -0.16376733328760193 2.9225529656743028E-002 -0.85366475112942353 1.0434216580710877E-002 0.38443040936079936 1.7654518991528451E-002 160 4000
10 1.57 1.20 60.00 0.00 1.00 -0.20450110671930971 2.9588758487004835E-002 -0.87366528104776398 9.4067213849609033E-003 0.38390263118421109 1.7696121559820758E-002 160 4000
10 1.57 1.20 70.00 0.00 1.00 -0.33681785745795256 3.3026220772332707E-002 -0.88482529486091932 1.0378969558546476E-002 0.38666388317574529 1.7688892053481894E-002 160 4000
10 1.57 1.20 80.00 0.00 1.00 -0.39588325722819157 3.4549163273178703E-002 -0.89992847663544584 9.6801087000315846E-003 0.38657434273488656 1.7628029885658567E-002 160 4000
10 1.57 1.20 90.00 0.00 1.00 -0.36196373981701918 3.6457772344943580E-002 -0.90992100322479519 9.0494351148923714E-003 0.38765229951090152 1.7718152774708000E-002 160 4000
10 1.57 1.20 100.00 0.00 1.00 -0.51752778120096621 3.5102176241705883E-002 -0.93028327936739263 7.7750637340230468E-003 0.38695969133894503 1.7730702649203386E-002 160 4000

10 1.57 1.50 0.00 0.00 1.00 -7.5229373765864688E-005 NaN -1.6909710115940014E-004 NaN 0.36923653398531492 1.7762886205390203E-002 160 4000
10 1.57 1.50 10.00 0.00 1.00 -5.1066672845826052E-004 4.0047269582981805E-003 -0.43879565078262606 1.5050383345899958E-002 0.39007345816368100 1.7630796648059104E-002 160 4000
10 1.57 1.50 20.00 0.00 1.00 -8.2301662270045542E-004 8.7873644072177133E-003 -0.66997216412829430 1.3582620599006962E-002 0.38634373591709081 1.7525599282235092E-002 160 4000
10 1.57 1.50 30.00 0.00 1.00 -5.2833577682471454E-003 1.4472431336747575E-002 -0.75651908664628265 1.2689118413531765E-002 0.38756972199550904 1.7636089961925120E-002 160 4000
10 1.57 1.50 40.00 0.00 1.00 -2.6114853278905951E-002 1.9391664306403097E-002 -0.82375123402477957 1.1179185935941721E-002 0.38451792623579550 1.7632179854094470E-002 160 4000
10 1.57 1.50 50.00 0.00 1.00 -4.3149254133333523E-002 2.3171493762222092E-002 -0.83852482563103548 1.1449065146892447E-002 0.38491208630027118 1.7630610115907469E-002 160 4000
10 1.57 1.50 60.00 0.00 1.00 -5.5221799158101492E-002 2.5422679088200374E-002 -0.86045004168883932 1.1645396439629255E-002 0.38127613242268976 1.7586709766352997E-002 160 4000
10 1.57 1.50 70.00 0.00 1.00 -0.11286773326668208 3.1547875566659070E-002 -0.88611831585396850 1.0369250865735232E-002 0.38587242588345683 1.7633189018077103E-002 160 4000
10 1.57 1.50 80.00 0.00 1.00 -0.12140214613460128 3.1011364700386124E-002 -0.90030738937463517 9.2546183921591620E-003 0.38526134029009473 1.7613576134297693E-002 160 4000
10 1.57 1.50 90.00 0.00 1.00 -0.14183735805231673 3.2383269202393955E-002 -0.90733478392413713 8.5795478908919712E-003 0.38763733133113581 1.7664590038625638E-002 160 4000
10 1.57 1.50 100.00 0.00 1.00 -0.22258881871863506 3.3723783796706520E-002 -0.91367707622470329 8.7808260258387446E-003 0.38996394628510256 1.7692599315332676E-002 160 4000

10 1.57 1.80 0.00 0.00 1.00 4.5561817213399534E-004 NaN -2.1795116168179451E-003 NaN 0.39464491602493151 1.8092405825018788E-002 160 4000
10 1.57 1.80 10.00 0.00 1.00 -7.1626948423479664E-004 2.9791686766774197E-003 -0.42535232261021555 1.4504352771469246E-002 0.38751782318644545 1.7576844453052576E-002 160 4000
10 1.57 1.80 20.00 0.00 1.00 -8.8357585655103772E-004 7.1256374609194751E-003 -0.68166978195090600 1.3314183836829951E-002 0.38795988294285960 1.7736431698552029E-002 160 4000
10 1.57 1.80 30.00 0.00 1.00 -5.6223602410286500E-003 1.3183856060080460E-002 -0.73721518016249388 1.5067237328505803E-002 0.38643415033595530 1.7703003088466143E-002 160 4000
10 1.57 1.80 40.00 0.00 1.00 -4.6730491375665907E-002 1.9028781607268827E-002 -0.79917449215207981 1.2861988807669544E-002 0.38613176060631760 1.7627631626506237E-002 160 4000
10 1.57 1.80 50.00 0.00 1.00 -7.5855979222578335E-002 2.4167544847499330E-002 -0.83502643567019830 1.1321403649439938E-002 0.38705012834618163 1.7757022304819441E-002 160 4000
10 1.57 1.80 60.00 0.00 1.00 -0.11464952918479207 2.7741368947043692E-002 -0.87396073039600308 1.0437648182659754E-002 0.38718589383934016 1.7750161939447576E-002 160 4000
10 1.57 1.80 70.00 0.00 1.00 -0.18627621405418032 3.1668911283589590E-002 -0.89768480041082743 9.7817759879131015E-003 0.38890294676850123 1.7701594570529874E-002 160 4000
10 1.57 1.80 80.00 0.00 1.00 -0.25481740062230451 3.2546473664163141E-002 -0.89445694140461196 9.2760366413357394E-003 0.38688819214461112 1.7646251588447522E-002 160 4000
10 1.57 1.80 90.00 0.00 1.00 -0.29973564908024458 3.2267229898159895E-002 -0.90377732098191177 8.7302972754870183E-003 0.38614823935845077 1.7688064429741045E-002 160 4000
10 1.57 1.80 100.00 0.00 1.00 -0.34441673636898440 3.6987109652258147E-002 -0.93107223005993422 7.2119928448645884E-003 0.38772073889929015 1.7717194993117576E-002 160 4000

10 1.57 2.10 0.00 0.00 1.00 -2.3203429840714307E-004 NaN -4.7466386626156276E-004 NaN 0.41634752407597919 1.8543576348888102E-002 160 4000
10 1.57 2.10 10.00 0.00 1.00 -5.5347856148264731E-004 3.0498221050821728E-003 -0.42106024898532302 1.5534882601704447E-002 0.38890694530518066 1.7667214681656981E-002 160 4000
10 1.57 2.10 20.00 0.00 1.00 -3.5526913790605011E-003 9.6477968096009784E-003 -0.64248689656573366 1.5258191261650093E-002 0.38487873215781421 1.7655378041283105E-002 160 4000
10 1.57 2.10 30.00 0.00 1.00 -3.5701828231291005E-002 1.7774663332646188E-002 -0.76196171328371809 1.3105580430894735E-002 0.38761473633203197 1.7719699092438590E-002 160 4000
10 1.57 2.10 40.00 0.00 1.00 -5.9845493633140207E-002 2.1668594158178914E-002 -0.80132052651559127 1.1654172688228007E-002 0.38414800764966139 1.7655975757665976E-002 160 4000
10 1.57 2.10 50.00 0.00 1.00 -0.13115458987535414 2.6641078231634543E-002 -0.83508091880533297 1.1557910008414088E-002 0.38448461507315990 1.7622499952398094E-002 160 4000
10 1.57 2.10 60.00 0.00 1.00 -0.16435708616685443 3.0106162802406189E-002 -0.86749511181569594 1.0756542103700403E-002 0.38536843590291181 1.7608632777126550E-002 160 4000
10 1.57 2.10 70.00 0.00 1.00 -0.20017886733432241 3.2461312947449056E-002 -0.85889189612219652 1.0884181930193530E-002 0.38677671740620778 1.7647561378627958E-002 160 4000
10 1.57 2.10 80.00 0.00 1.00 -0.38441989274384364 3.4254549570395088E-002 -0.90791169158236529 8.6847892630447666E-003 0.38672149121251598 1.7614669883948896E-002 160 4000
10 1.57 2.10 90.00 0.00 1.00 -0.41619666217599838 3.5456213571428329E-002 -0.90727964841211195 8.4864294914425171E-003 0.38340625486468732 1.7646678972538805E-002 160 4000
10 1.57 2.10 100.00 0.00 1.00 -0.46691434547687266 3.4254843873802315E-002 -0.91848391528550910 8.7212637311509349E-003 0.38421833981486164 1.7596399950856562E-002 160 4000

10 1.57 2.40 0.00 0.00 1.00 9.4843641209081396E-005 NaN -1.8271241210823086E-004 NaN 0.35052383450041408 1.7798467583473698E-002 160 4000
10 1.57 2.40 10.00 0.00 1.00 -6.4840384675224881E-004 2.7963437520261295E-003 -0.40033543414984024 1.5497654867803802E-002 0.38855709993672050 1.7723097329303380E-002 160 4000
10 1.57 2.40 20.00 0.00 1.00 -3.7869161874029846E-003 8.8531520672113142E-003 -0.64370324515534483 1.4647695100462392E-002 0.38681656752257959 1.7595306168404417E-002 160 4000
10 1.57 2.40 30.00 0.00 1.00 -2.7608778709556629E-002 1.3859702140943564E-002 -0.73985574903524765 1.3600872071191353E-002 0.38697762975956490 1.7693791181246026E-002 160 4000
10 1.57 2.40 40.00 0.00 1.00 -6.9397428714685405E-002 1.8526183579841496E-002 -0.81919350719626771 1.2301620142494423E-002 0.38689823473107920 1.7654952502086048E-002 160 4000
10 1.57 2.40 50.00 0.00 1.00 -0.10107345543321246 1.9281465197093631E-002 -0.83635413110433221 1.1756544964331568E-002 0.38640444487426640 1.7720819357600195E-002 160 4000
10 1.57 2.40 60.00 0.00 1.00 -0.17062732293637936 2.3713606102753429E-002 -0.86091979810537067 1.0910722995195443E-002 0.38652585187257055 1.7678463773809210E-002 160 4000
10 1.57 2.40 70.00 0.00 1.00 -0.22116138055318632 2.6078459408426961E-002 -0.87355527940908317 1.0300412083779777E-002 0.38479149557024728 1.7638209575201774E-002 160 4000
10 1.57 2.40 80.00 0.00 1.00 -0.29130801577427051 2.5631492971020058E-002 -0.89317353928202303 1.0108554741875837E-002 0.38585871939802668 1.7647476258225353E-002 160 4000
10 1.57 2.40 90.00 0.00 1.00 -0.33142318228463291 2.7511597256333165E-002 -0.90731476347860895 9.0613498413512853E-003 0.38946846787456080 1.7679863858900302E-002 160 4000
10 1.57 2.40 100.00 0.00 1.00 -0.38936686453289765 2.7024640371279225E-002 -0.92130428820163957 7.9876037288888237E-003 0.38740982265163487 1.7702808643468088E-002 160 4000

10 1.57 2.70 0.00 0.00 1.00 -8.6164801014274419E-004 NaN 2.4624878162967656E-006 NaN 0.36127910967632315 1.8368586530826882E-002 160 4000
10 1.57 2.70 10.00 0.00 1.00 -6.2730918142257363E-004 2.9963969211786266E-003 -0.42352158225940417 1.6192506359195141E-002 0.38889534934062253 1.7638656354494627E-002 160 4000
10 1.57 2.70 20.00 0.00 1.00 -7.1757874674840101E-003 8.6191257783672492E-003 -0.63541103775605789 1.5577306665023855E-002 0.38690995063013051 1.7703345055830239E-002 160 4000
10 1.57 2.70 30.00 0.00 1.00 -3.0645131750095964E-002 1.5176584291371573E-002 -0.73547810823767101 1.3998008038621656E-002 0.38762003354326890 1.7710805911755671E-002 160 4000
10 1.57 2.70 40.00 0.00 1.00 -6.6683292849627651E-002 2.2069974097093482E-002 -0.79532428381114117 1.2818328388857551E-002 0.38379156628663025 1.7665485321760519E-002 160 4000
10 1.57 2.70 50.00 0.00 1.00 -0.11097954732326368 2.6247602247863090E-002 -0.84445253100007489 1.1402339624379323E-002 0.38542104825390150 1.7647886812743648E-002 160 4000
10 1.57 2.70 60.00 0.00 1.00 -0.24569000478143185 3.1868319503379844E-002 -0.86979558244664257 1.0738575800975919E-002 0.38193873661967526 1.7665660896218210E-002 160 4000
10 1.57 2.70 70.00 0.00 1.00 -0.27773255120026152 3.1583523600777923E-002 -0.88140285910281913 1.0456462004330504E-002 0.38520465349674349 1.7597570914197756E-002 160 4000
10 1.57 2.70 80.00 0.00 1.00 -0.31182513936836409 3.3708254478794088E-002 -0.89827617575258389 9.0923374888389787E-003 0.38724012556390497 1.7687163232881963E-002 160 4000
10 1.57 2.70 90.00 0.00 1.00 -0.40349537667080154 3.4906938384878634E-002 -0.90135939251562003 9.8481338151553792E-003 0.38671074224673163 1.7712102100590335E-002 160 4000
10 1.57 2.70 100.00 0.00 1.00 -0.44997199971362928 3.4462218660246791E-002 -0.91381385992169240 8.7046415570005680E-003 0.38761950405313211 1.7791462694149728E-002 160 4000

10 1.57 3.00 0.00 0.00 1.00 -1.3691661340055816E-004 NaN -2.4595076339819556E-004 NaN 0.29699351692502551 1.7138223699207665E-002 160 4000
10 1.57 3.00 10.00 0.00 1.00 -6.3164776655351884E-004 2.9983402785994880E-003 -0.41314941493154284 1.7076296448178742E-002 0.38973736472512810 1.7659344619012148E-002 160 4000
10 1.57 3.00 20.00 0.00 1.00 -3.0012773630279060E-003 8.8897060257794400E-003 -0.63978777097737249 1.5294940885092185E-002 0.38647987024258862 1.7628221602185287E-002 160 4000
10 1.57 3.00 30.00 0.00 1.00 -1.4177269703438924E-002 1.5207772159292142E-002 -0.71935648703622312 1.4810673181940442E-002 0.38615197682172347 1.7674907752469219E-002 160 4000
10 1.57 3.00 40.00 0.00 1.00 -4.0583844642914618E-002 2.0736365001239505E-002 -0.78881706967327525 1.2636486203699665E-002 0.38636436514418243 1.7649024353905640E-002 160 4000
10 1.57 3.00 50.00 0.00 1.00 -0.10264200301181171 2.7034316347417799E-002 -0.84587459813370403 1.0804877690180674E-002 0.38631173582973222 1.7728051408859104E-002 160 4000
10 1.57 3.00 60.00 0.00 1.00 -0.10149182937406630 2.8708639880472800E-002 -0.85843680879403139 1.1253344343010787E-002 0.38456863679498815 1.7649605202679972E-002 160 4000
10 1.57 3.00 70.00 0.00 1.00 -0.13695569427705762 2.9724512079877138E-002 -0.87436532889570562 1.1243094582293160E-002 0.38452527486759586 1.7683227788294221E-002 160 4000
10 1.57 3.00 80.00 0.00 1.00 -0.25808756534878474 3.5058015552603260E-002 -0.90549386826478784 8.7858047716961631E-003 0.38375007033264219 1.7525870538500115E-002 160 4000
10 1.57 3.00 90.00 0.00 1.00 -0.32556765273404364 3.5793835018203449E-002 -0.91344281554738782 9.0782901118051408E-003 0.38251721088668605 1.7638771701732083E-002 160 4000
10 1.57 3.00 100.00 0.00 1.00 -0.32867791894701914 3.7644628564747401E-002 -0.92455617944290580 8.1455704526690285E-003 0.38645066614734663 1.7717291871487507E-002 160 4000

10 1.57 3.05 0.00 0.00 1.00 -2.7418158767613933E-004 NaN -1.7563120714153243E-004 NaN 0.30570279368235742 1.7918891928463524E-002 160 4000
10 1.57 3.05 10.00 0.00 1.00 -4.6399899790203664E-004 2.7275894552590066E-003 -0.41019806254917129 1.7913126944945353E-002 0.39019734735377487 1.7680098808918972E-002 160 4000
10 1.57 3.05 20.00 0.00 1.00 -1.0836583506472844E-003 9.5590296871088890E-003 -0.66432724209458138 1.5242865115252432E-002 0.38665939546542288 1.7599510726914975E-002 160 4000
10 1.57 3.05 30.00 0.00 1.00 -2.0226208945795476E-002 1.5540281010108674E-002 -0.74295089312208862 1.4163876002514479E-002 0.38569261765334800 1.7556517122924123E-002 160 4000
10 1.57 3.05 40.00 0.00 1.00 -1.8468707922079476E-002 1.9573087938100624E-002 -0.81453357982640551 1.1973007300131526E-002 0.38772149128497568 1.7630052643787433E-002 160 4000
10 1.57 3.05 50.00 0.00 1.00 -6.3080366607068325E-002 2.4878043157804241E-002 -0.84080815483285187 1.2243329333401385E-002 0.38755911370983787 1.7711711214960627E-002 160 4000
10 1.57 3.05 60.00 0.00 1.00 -0.11845726123526218 2.8819412558921193E-002 -0.86007475084441143 1.0914139427087004E-002 0.38964075874426723 1.7660881199864937E-002 160 4000
10 1.57 3.05 70.00 0.00 1.00 -0.12271907922485682 2.9960752625396922E-002 -0.86802292686008620 1.1503290429388290E-002 0.38434535521266738 1.7560441558195701E-002 160 4000
10 1.57 3.05 80.00 0.00 1.00 -0.20236373132945851 3.4151532193568819E-002 -0.89848367591977607 8.7649354927863462E-003 0.38448166808394613 1.7674435295428278E-002 160 4000
10 1.57 3.05 90.00 0.00 1.00 -0.17460496625930691 3.3181355399195235E-002 -0.90049634105705167 9.1574742353945169E-003 0.38487172939097020 1.7593953530372023E-002 160 4000
10 1.57 3.05 100.00 0.00 1.00 -0.26542583062137343 3.6300328490629634E-002 -0.93020886493581412 7.7898296290174274E-003 0.38630727537415310 1.7644073485841235E-002 160 4000

10 1.57 3.10 0.00 0.00 1.00 -1.8959550157478589E-004 NaN -3.9671607559466803E-004 NaN 0.32168608400296428 1.7404370212713943E-002 160 4000
10 1.57 3.10 10.00 0.00 1.00 -5.2830002644722028E-004 2.9591123549407819E-003 -0.43641064128494672 1.6719335814798841E-002 0.38771257007044391 1.7613543011522546E-002 160 4000
10 1.57 3.10 20.00 0.00 1.00 -5.6142072448898571E-003 8.7511124375369981E-003 -0.65071170682099111 1.5641817113893484E-002 0.38594439422366195 1.7730031314693848E-002 160 4000
10 1.57 3.10 30.00 0.00 1.00 -7.1213595792063407E-003 1.2327637732709743E-002 -0.72119638886444992 1.4465263138781978E-002 0.38469156215209416 1.7645507903120475E-002 160 4000
10 1.57 3.10 40.00 0.00 1.00 -1.4841720877521114E-002 1.6640597278455550E-002 -0.80011043652734759 1.2611370385554965E-002 0.38519410015668021 1.7698473413133808E-002 160 4000
10 1.57 3.10 50.00 0.00 1.00 -1.7483517524355452E-002 2.1057471265561241E-002 -0.84083671554162798 1.1046633168787871E-002 0.38650452717994566 1.7676482864206707E-002 160 4000
10 1.57 3.10 60.00 0.00 1.00 -5.3362850622777680E-002 2.4563764207721869E-002 -0.85872544744555579 1.1364859523135156E-002 0.38401133045938513 1.7638232727332462E-002 160 4000
10 1.57 3.10 70.00 0.00 1.00 -6.8451192136680952E-002 2.6740020700529533E-002 -0.89338173671148513 9.3730692895055492E-003 0.38590001668261259 1.7652726492480474E-002 160 4000
10 1.57 3.10 80.00 0.00 1.00 -9.1514857886289339E-002 2.8827487928126918E-002 -0.90403864319683225 9.1084047904244729E-003 0.38510041541388373 1.7702022461650060E-002 160 4000
10 1.57 3.10 90.00 0.00 1.00 -0.15085859936464752 3.0675430156493023E-002 -0.90486523085357529 8.9641806772036703E-003 0.38839847365164898 1.7673714690417466E-002 160 4000
10 1.57 3.10 100.00 0.00 1.00 -0.16243147788124992 3.3584658005538344E-002 -0.91299011735867319 9.1544333856816550E-003 0.38723697746772079 1.7705632868726302E-002 160 4000

10 1.57 3.15 0.00 0.00 1.00 3.9527767372555899E-004 NaN -1.2634458655375061E-004 NaN 0.33311744233049512 1.8414599782783245E-002 160 4000
10 1.57 3.15 10.00 0.00 1.00 -1.9012362823973617E-003 3.0313617635711935E-003 -0.41740553226960653 1.7655317821188489E-002 0.39012755131660154 1.7675979692044486E-002 160 4000
10 1.57 3.15 20.00 0.00 1.00 -2.1875894101714712E-003 9.2889176826216769E-003 -0.63339024040790115 1.6653723917346014E-002 0.38548907660139214 1.7657596350383522E-002 160 4000
10 1.57 3.15 30.00 0.00 1.00 -4.7008617977694674E-003 1.2676644348593885E-002 -0.75791861412508144 1.2726254530340431E-002 0.38616372010928129 1.7717909465612827E-002 160 4000
10 1.57 3.15 40.00 0.00 1.00 -6.2117918796071436E-003 1.5028732600766211E-002 -0.79635258575940515 1.2495102528762323E-002 0.38640226260663912 1.7735724133818791E-002 160 4000
10 1.57 3.15 50.00 0.00 1.00 -2.2818207947173676E-002 1.7503709068676696E-002 -0.84874307866322363 1.1090135126349862E-002 0.38574739774139022 1.7640259060100666E-002 160 4000
10 1.57 3.15 60.00 0.00 1.00 -2.1096196388821837E-002 1.8419825359434983E-002 -0.86059129833825077 1.1290552668749960E-002 0.38481794486756560 1.7662907388622317E-002 160 4000
10 1.57 3.15 70.00 0.00 1.00 -3.0081886927931716E-002 2.0494675977462691E-002 -0.89184865676914304 9.8318337098874560E-003 0.38748672681422791 1.7666876338921941E-002 160 4000
10 1.57 3.15 80.00 0.00 1.00 -2.3693321844277047E-002 1.8957742869661051E-002 -0.89194840680665877 9.9274661978954026E-003 0.38762623438984356 1.7672864261134381E-002 160 4000
10 1.57 3.15 90.00 0.00 1.00 -3.1843900373014926E-002 2.1853942977747075E-002 -0.90096570318429647 9.2546894332172225E-003 0.38502779003322929 1.7636516212460082E-002 160 4000
10 1.57 3.15 100.00 0.00 1.00 -3.2667054122907990E-002 2.2389273598092469E-002 -0.91614012731714523 8.4928435558417545E-003 0.38612826332006500 1.7664290673235578E-002 160 4000


10 3.14 0.00 0.00 0.00 1.00 -1.0424263088242469E-004 NaN -8.3292020092630930E-005 NaN 0.10824012031062549 1.4870179579131788E-002 160 4000
10 3.14 0.00 10.00 0.00 1.00 -2.9620924193212941E-004 2.5485343218472202E-003 -0.25369603457618622 1.4231239884708457E-002 0.37279327206171298 1.7004326402451551E-002 160 4000
10 3.14 0.00 20.00 0.00 1.00 -8.9289822962559592E-004 5.1698946678066134E-003 -0.46620775276611243 1.5367006854144549E-002 0.38672156204602010 1.7176455052809982E-002 160 4000
10 3.14 0.00 30.00 0.00 1.00 -1.3253204209711484E-004 8.4695962506126134E-003 -0.57821654374094644 1.5589103713074072E-002 0.39212735501733176 1.7314538790838985E-002 160 4000
10 3.14 0.00 40.00 0.00 1.00 -1.6655306289697885E-003 1.1933451132734833E-002 -0.67249810137412147 1.4974020299442193E-002 0.38209473003078165 1.7108809450941041E-002 160 4000
10 3.14 0.00 50.00 0.00 1.00 -3.3805032180614348E-004 1.3727181975728807E-002 -0.72220378430859011 1.4586606761969736E-002 0.38093187274944496 1.7252765320106906E-002 160 4000
10 3.14 0.00 60.00 0.00 1.00 -8.1622978345130515E-004 1.6090359422627050E-002 -0.75874912309488107 1.3261350617568401E-002 0.37922506947127388 1.7299769560292642E-002 160 4000
10 3.14 0.00 70.00 0.00 1.00 -2.0460429305679479E-003 1.7822678625798068E-002 -0.80767229390214079 1.1286867097865170E-002 0.38053488658166629 1.7304270149102532E-002 160 4000
10 3.14 0.00 80.00 0.00 1.00 1.0573807338818516E-004 1.8460238653607068E-002 -0.80690956432010197 1.1162511235390703E-002 0.38807603865066781 1.7461113962361399E-002 160 4000
10 3.14 0.00 90.00 0.00 1.00 -2.4695587447432620E-003 1.8866702914998233E-002 -0.84628695536014964 1.0475584910685754E-002 0.37804098424316879 1.7037490213735716E-002 160 4000
10 3.14 0.00 100.00 0.00 1.00 -1.8457947650000629E-003 1.9406571229713235E-002 -0.84412461912331249 1.1395101117496231E-002 0.38405565102407174 1.7169644664883878E-002 160 4000

10 3.14 0.30 0.00 0.00 1.00 -1.6533772206480535E-004 NaN -1.2351471424849479E-004 NaN 0.39300185922576913 1.7152558355621312E-002 160 4000
10 3.14 0.30 10.00 0.00 1.00 -2.9835993956136908E-004 2.0189354054629960E-003 -0.24610495705650354 9.4206416110640644E-003 0.38659581984957414 1.7663473269245104E-002 160 4000
10 3.14 0.30 20.00 0.00 1.00 -1.2442798005790603E-003 4.0692659615813656E-003 -0.47769657557580458 1.3556372307480411E-002 0.38876376532989909 1.7708690501355772E-002 160 4000
10 3.14 0.30 30.00 0.00 1.00 -7.6839052517851188E-004 6.9731449778279450E-003 -0.60130520626510919 1.3922897118609614E-002 0.38532053553810597 1.7659407506314832E-002 160 4000
10 3.14 0.30 40.00 0.00 1.00 -4.8729859393835924E-003 1.0638210518170214E-002 -0.68369325985628138 1.2956968206878661E-002 0.38896221659822494 1.7699685662006921E-002 160 4000
10 3.14 0.30 50.00 0.00 1.00 -5.6666069595361834E-003 1.1799618180643127E-002 -0.70684950549642267 1.3169376495401026E-002 0.38604286900214285 1.7702505285641774E-002 160 4000
10 3.14 0.30 60.00 0.00 1.00 -2.2458544701601708E-002 1.7568471370169422E-002 -0.75728413815434314 1.2032738736537310E-002 0.38616738329246414 1.7570844010808134E-002 160 4000
10 3.14 0.30 70.00 0.00 1.00 -3.3155105980621900E-002 2.0419654767344926E-002 -0.80532933652647187 1.2011100146477572E-002 0.38661223523798016 1.7786862600815984E-002 160 4000
10 3.14 0.30 80.00 0.00 1.00 -3.9822041811025277E-002 2.1649598753209306E-002 -0.81176812898914896 1.1115256321596887E-002 0.38702566356288637 1.7685298452462091E-002 160 4000
10 3.14 0.30 90.00 0.00 1.00 -7.5859023660131572E-002 2.5827654847841847E-002 -0.83535725968174424 1.1023092409685452E-002 0.38427626838270085 1.7610784927171205E-002 160 4000
10 3.14 0.30 100.00 0.00 1.00 -8.9236757275433745E-002 2.7007644917012279E-002 -0.82892855433827772 1.2421542260903187E-002 0.38583567892851395 1.7655051807466019E-002 160 4000

10 3.14 0.60 0.00 0.00 1.00 -1.0666038893987206E-004 NaN -1.4275243188967577E-004 NaN 0.38448972896632050 1.7230525416118470E-002 160 4000
10 3.14 0.60 10.00 0.00 1.00 -3.1372492456194776E-004 2.0251744436468309E-003 -0.24664841450207037 8.8666645234895553E-003 0.38958204105579075 1.7616154786640532E-002 160 4000
10 3.14 0.60 20.00 0.00 1.00 -8.9335750339849976E-004 3.8990933281599772E-003 -0.46733240836748446 1.3282842049174425E-002 0.38853187677667000 1.7656263547149081E-002 160 4000
10 3.14 0.60 30.00 0.00 1.00 -2.8177820911862721E-003 6.2702320547478622E-003 -0.59767943200793128 1.3592442963295114E-002 0.38685856179601752 1.7694577821243149E-002 160 4000
10 3.14 0.60 40.00 0.00 1.00 -7.2040494268049053E-003 1.0856796409055843E-002 -0.65886562818658467 1.3705168941854248E-002 0.38533647398774207 1.7596808472032145E-002 160 4000
10 3.14 0.60 50.00 0.00 1.00 -1.7782821927957927E-002 1.3191610500065792E-002 -0.69760255746765465 1.3670954834718432E-002 0.38469367469221782 1.7657330706533643E-002 160 4000
10 3.14 0.60 60.00 0.00 1.00 -3.0660076080127427E-002 1.7194686575740428E-002 -0.75539816090508394 1.2789746455138876E-002 0.38444492120259938 1.7683564164414356E-002 160 4000
10 3.14 0.60 70.00 0.00 1.00 -8.2607288060490919E-002 2.2505207163059655E-002 -0.78585288608404980 1.2744171351449146E-002 0.38301528179824629 1.7684921147128562E-002 160 4000
10 3.14 0.60 80.00 0.00 1.00 -7.7133413449785374E-002 2.3066035084276508E-002 -0.79975152967174323 1.2481723779786352E-002 0.38578806440890256 1.7652434708133827E-002 160 4000
10 3.14 0.60 90.00 0.00 1.00 -7.4149935099397019E-002 2.3873826659124624E-002 -0.82013810768228412 1.1847443475640254E-002 0.38842406779237787 1.7688711841930327E-002 160 4000
10 3.14 0.60 100.00 0.00 1.00 -0.14904736640763069 2.9297658516571793E-002 -0.84312402496524441 1.1171678849934316E-002 0.38360333884545900 1.7658194091200192E-002 160 4000

10 3.14 0.90 0.00 0.00 1.00 -1.4254360665495370E-004 NaN -6.2917038762725310E-005 NaN 0.40742366170644007 1.9317976797395095E-002 160 4000
10 3.14 0.90 10.00 0.00 1.00 -2.7473187181302488E-004 1.9486416388617021E-003 -0.23423403456405328 9.9550114444630199E-003 0.39101889975275989 1.7676163914144467E-002 160 4000
10 3.14 0.90 20.00 0.00 1.00 -7.9835511835511916E-004 3.1341313969068057E-003 -0.45534512806573796 1.3460762016556081E-002 0.39135944756703006 1.7836963757556196E-002 160 4000
10 3.14 0.90 30.00 0.00 1.00 -4.7662640032649726E-003 5.8194994541135000E-003 -0.58364017725052597 1.4214769412501627E-002 0.38904337687277396 1.7641916090703213E-002 160 4000
10 3.14 0.90 40.00 0.00 1.00 -2.7712177285133806E-003 7.6170354984718561E-003 -0.66025681073702425 1.3929089630880796E-002 0.38475494765335377 1.7573804714510418E-002 160 4000
10 3.14 0.90 50.00 0.00 1.00 -1.0551952987894013E-002 9.4354681642720220E-003 -0.71484831653792802 1.2656537899484456E-002 0.38661015169074398 1.7638247514891226E-002 160 4000
10 3.14 0.90 60.00 0.00 1.00 -0.97618513951551378 8.5711424953321732E-003 -0.99287987610259909 3.4672718201546708E-003 0.38990536879453558 1.7627921898248293E-002 160 4000
10 3.14 0.90 70.00 0.00 1.00 -5.5644521483292249E-002 1.6047143371595185E-002 -0.79110292330782206 1.2259572318947158E-002 0.38768929104600602 1.7708744463852594E-002 160 4000
10 3.14 0.90 80.00 0.00 1.00 -8.7662989077772230E-002 1.9760173687269220E-002 -0.79988236705571225 1.2452125917810955E-002 0.38674528548396736 1.7693664035863851E-002 160 4000
10 3.14 0.90 90.00 0.00 1.00 -8.6856778193740214E-002 2.1565476212059689E-002 -0.82392293819738294 1.1623291987851487E-002 0.38853258922631484 1.7728418011895803E-002 160 4000
10 3.14 0.90 100.00 0.00 1.00 -0.11796483553941900 2.1942854295306555E-002 -0.83544001726782813 1.0973414349380112E-002 0.38824529882887471 1.7722864586901713E-002 160 4000

10 3.14 1.20 0.00 0.00 1.00 3.2455936456449310E-004 NaN -7.5678862489530766E-005 NaN 0.38157877314811361 1.7929191412263769E-002 160 4000
10 3.14 1.20 10.00 0.00 1.00 -3.6601569882370693E-004 1.9365926700875109E-003 -0.21294517146799596 1.0149098773147605E-002 0.38817784937477379 1.7714593779733070E-002 160 4000
10 3.14 1.20 20.00 0.00 1.00 -6.1373522521861461E-004 3.4796685762909104E-003 -0.46035666904458816 1.4039959078473305E-002 0.38568008486407157 1.7691256551516512E-002 160 4000
10 3.14 1.20 30.00 0.00 1.00 -2.0402218902330839E-003 5.8100854321366758E-003 -0.57402740072981906 1.4159313345138324E-002 0.38807664612551174 1.7688163494273702E-002 160 4000
10 3.14 1.20 40.00 0.00 1.00 -7.9795395207857434E-003 9.7262899809746981E-003 -0.65878728420855814 1.3509157774847789E-002 0.38690650628464762 1.7689242938672214E-002 160 4000
10 3.14 1.20 50.00 0.00 1.00 -5.4769549477355108E-003 1.3114503846295034E-002 -0.71630374262586749 1.3304483876341665E-002 0.38594857395384197 1.7622501758868835E-002 160 4000
10 3.14 1.20 60.00 0.00 1.00 -3.0541992742652197E-002 1.7383857031075877E-002 -0.75157684260401725 1.3657982141425639E-002 0.38722365144253978 1.7648497110955546E-002 160 4000
10 3.14 1.20 70.00 0.00 1.00 -5.1763446867296378E-002 2.1245941431316792E-002 -0.77705643879186836 1.3156447123351735E-002 0.38941735518419962 1.7664679288797301E-002 160 4000
10 3.14 1.20 80.00 0.00 1.00 -0.10502071626631433 2.6192505259633056E-002 -0.81881487975370071 1.1539547064413680E-002 0.38293799470483841 1.7622968411267863E-002 160 4000
10 3.14 1.20 90.00 0.00 1.00 -8.7603709345874650E-002 2.6917925095742295E-002 -0.84204278808102995 1.0990649961425146E-002 0.38584607166020291 1.7656584845186570E-002 160 4000
10 3.14 1.20 100.00 0.00 1.00 -0.13769426436420709 2.7489714951184404E-002 -0.83333522985260122 1.1890283750823297E-002 0.38288274791594606 1.7548460191819871E-002 160 4000

10 3.14 1.50 0.00 0.00 1.00 -2.2074823445120728E-004 NaN 1.8312187750244883E-003 NaN 0.38544478941132526 1.6295110332769203E-002 160 4000
10 3.14 1.50 10.00 0.00 1.00 -3.9190274244853697E-004 1.9308203310136397E-003 -0.20218356514760188 9.5959519853309316E-003 0.38961790115888573 1.7705795047898352E-002 160 4000
10 3.14 1.50 20.00 0.00 1.00 -3.6325077793145744E-004 2.8843430487759756E-003 -0.42149900441709520 1.3976624027094346E-002 0.38531492505027692 1.7631695178789979E-002 160 4000
10 3.14 1.50 30.00 0.00 1.00 -1.7905390605302788E-003 5.3456704003891900E-003 -0.56611231496568026 1.4679637407528912E-002 0.38513986118931742 1.7626896138529195E-002 160 4000
10 3.14 1.50 40.00 0.00 1.00 -3.9372247218676460E-003 8.3975582552713330E-003 -0.65008726484433943 1.4145552538883784E-002 0.38858743697257242 1.7668309242713974E-002 160 4000
10 3.14 1.50 50.00 0.00 1.00 -1.0731324069653133E-002 1.2394254139739217E-002 -0.70026645933285969 1.2325531715510690E-002 0.38456182017490220 1.7642171614545944E-002 160 4000
10 3.14 1.50 60.00 0.00 1.00 -5.8712150922987753E-003 1.3967061832022462E-002 -0.78189509325466411 1.1823066986591838E-002 0.38960243961838337 1.7703197227484688E-002 160 4000
10 3.14 1.50 70.00 0.00 1.00 -1.5764860351963124E-002 1.5819997466098936E-002 -0.78514780895999969 1.1974599432605836E-002 0.38558506448110674 1.7621790031246382E-002 160 4000
10 3.14 1.50 80.00 0.00 1.00 -9.6693786459693780E-003 1.7260048744261135E-002 -0.81911677327252064 1.2081777230757396E-002 0.38505272259383433 1.7662460991451495E-002 160 4000
10 3.14 1.50 90.00 0.00 1.00 -3.2181628380999049E-002 1.9101674764232489E-002 -0.81771182267649611 1.1666829203626055E-002 0.38826203936871184 1.7673334859348491E-002 160 4000
10 3.14 1.50 100.00 0.00 1.00 -3.3477807555863194E-002 2.2012797754023743E-002 -0.84264282112641065 1.0885506866182426E-002 0.38679123385903030 1.7648342152895125E-002 160 4000

10 3.14 1.80 0.00 0.00 1.00 -8.9401788776115150E-005 NaN 3.1490377287482268E-004 NaN 0.37611157760563463 1.7443691913057752E-002 160 4000
10 3.14 1.80 10.00 0.00 1.00 -2.9973358835431058E-004 1.9080954325667995E-003 -0.21180621855670678 1.0660834217652324E-002 0.38928412469702428 1.7660026528477927E-002 160 4000
10 3.14 1.80 20.00 0.00 1.00 -5.1802869013306010E-004 2.9366834783229405E-003 -0.43816222290366835 1.3234437471639295E-002 0.38736573227954879 1.7677271255551900E-002 160 4000
10 3.14 1.80 30.00 0.00 1.00 -1.1770379115684556E-003 5.0254009890796196E-003 -0.59779456050600266 1.3576065702343000E-002 0.38621235853846003 1.7670913639682935E-002 160 4000
10 3.14 1.80 40.00 0.00 1.00 -3.1364299295693664E-003 7.7341944713462379E-003 -0.65617253012288068 1.3578301799294848E-002 0.38997276492546196 1.7747494980241852E-002 160 4000
10 3.14 1.80 50.00 0.00 1.00 -5.9928431376542485E-003 1.1034313223138626E-002 -0.72727995079926955 1.3648857807031700E-002 0.38636981078161275 1.7696316652367771E-002 160 4000
10 3.14 1.80 60.00 0.00 1.00 -6.7180819504038796E-003 1.2328023492275695E-002 -0.75555038342294745 1.2751418522637189E-002 0.38555991649069676 1.7632600434537550E-002 160 4000
10 3.14 1.80 70.00 0.00 1.00 -1.7548764141706322E-002 1.5425772773077941E-002 -0.78602159843378971 1.2579523902800701E-002 0.38352524604249338 1.7697357684469405E-002 160 4000
10 3.14 1.80 80.00 0.00 1.00 -2.6066653017829317E-002 1.7672118479788022E-002 -0.81360791812189959 1.1025424564683332E-002 0.38390642174481077 1.7624503540619122E-002 160 4000
10 3.14 1.80 90.00 0.00 1.00 -5.7421097020235921E-002 2.1236941337573111E-002 -0.83725274579431352 1.1400554967496850E-002 0.38583796237996909 1.7595825386328524E-002 160 4000
10 3.14 1.80 100.00 0.00 1.00 -9.0739259610000761E-002 2.6217082865636638E-002 -0.84674646026955391 1.0917372298397359E-002 0.38574953109514964 1.7703522301884031E-002 160 4000

10 3.14 2.10 0.00 0.00 1.00 1.5120630291085035E-004 NaN -1.1802821763922122E-004 NaN 0.40158981764881041 1.7450944561409231E-002 160 4000
10 3.14 2.10 10.00 0.00 1.00 -2.6953204096618726E-004 1.9065936699053285E-003 -0.19464590967200629 1.0618505788596621E-002 0.38966128155731378 1.7689917527614715E-002 160 4000
10 3.14 2.10 20.00 0.00 1.00 -4.5749350707125419E-004 2.7674837765733333E-003 -0.45228817671428667 1.3264297938180042E-002 0.38693524180039984 1.7747622071868915E-002 160 4000
10 3.14 2.10 30.00 0.00 1.00 -2.7014226085495404E-003 5.7289796223181687E-003 -0.58443655446595211 1.4026268500736542E-002 0.38455809323542545 1.7615302307753648E-002 160 4000
10 3.14 2.10 40.00 0.00 1.00 -7.2527938189662624E-003 1.0677153888695477E-002 -0.66694008991067910 1.3663941059068570E-002 0.38525824979819301 1.7621075146372345E-002 160 4000
10 3.14 2.10 50.00 0.00 1.00 -1.2600335435539008E-002 1.2246302729244492E-002 -0.71399427352465505 1.2901015364590370E-002 0.38499967456572698 1.7567444013492858E-002 160 4000
10 3.14 2.10 60.00 0.00 1.00 -2.2326173039446583E-002 1.7253355069327191E-002 -0.75457960520125300 1.3494418006316592E-002 0.38813927393211217 1.7679083193254078E-002 160 4000
10 3.14 2.10 70.00 0.00 1.00 -4.6973948535583357E-002 2.1455458253429985E-002 -0.78676820953957649 1.2825461671405646E-002 0.38275817328501166 1.7552877673391920E-002 160 4000
10 3.14 2.10 80.00 0.00 1.00 -8.1957062520264107E-002 2.3985583495324751E-002 -0.80810414008970866 1.2502212902051942E-002 0.38534567223772709 1.7683932182129519E-002 160 4000
10 3.14 2.10 90.00 0.00 1.00 -0.11209248193099770 2.5173946295167358E-002 -0.83302470296242892 1.1103581778437868E-002 0.38726136545538586 1.7749823671764982E-002 160 4000
10 3.14 2.10 100.00 0.00 1.00 -0.13327273803699821 2.8269703533287106E-002 -0.83263022419903354 1.1944672331072945E-002 0.38685716444114487 1.7589480776237468E-002 160 4000

10 3.14 2.40 0.00 0.00 1.00 -7.5994031695699956E-005 NaN -1.7009728905645723E-004 NaN 0.37348042591340658 1.8193810514851944E-002 160 4000
10 3.14 2.40 10.00 0.00 1.00 -3.3298729020102936E-004 1.8995082127704894E-003 -0.18932819906707532 1.1061837277497148E-002 0.38817176088421518 1.7634715523669669E-002 160 4000
10 3.14 2.40 20.00 0.00 1.00 -7.6852209448909873E-004 2.9626510076870903E-003 -0.44393316649686621 1.4304652854780116E-002 0.38703361810646647 1.7670090914075690E-002 160 4000
10 3.14 2.40 30.00 0.00 1.00 -2.6866873320038963E-003 5.5293375748873483E-003 -0.57006076406755979 1.4149778803204153E-002 0.38691783116671258 1.7787837423862092E-002 160 4000
10 3.14 2.40 40.00 0.00 1.00 -3.3705171198791873E-003 7.8155340766421118E-003 -0.65900750804072883 1.4754946334581662E-002 0.38339232748001884 1.7664043346415883E-002 160 4000
10 3.14 2.40 50.00 0.00 1.00 -1.3125443670845699E-002 1.0810552713075936E-002 -0.69223262975578770 1.3919272572329092E-002 0.38511554935900866 1.7627635064619465E-002 160 4000
10 3.14 2.40 60.00 0.00 1.00 -2.8579891065777331E-002 1.3009246669989758E-002 -0.74635209575267747 1.4245303866567556E-002 0.38813649621881369 1.7680863786640921E-002 160 4000
10 3.14 2.40 70.00 0.00 1.00 -3.4445756321202919E-002 1.4323732785429368E-002 -0.77282765879330484 1.2802849022902933E-002 0.38897763586101120 1.7746082298188821E-002 160 4000
10 3.14 2.40 80.00 0.00 1.00 -6.7380916483910036E-002 1.7169685445164989E-002 -0.81119051398057485 1.2297932468696943E-002 0.38612598295366651 1.7627343004696167E-002 160 4000
10 3.14 2.40 90.00 0.00 1.00 -7.6537522547332246E-002 1.7901698369077068E-002 -0.81688618392905965 1.1824631971735137E-002 0.38527056771937163 1.7686881525086032E-002 160 4000
10 3.14 2.40 100.00 0.00 1.00 -0.12769481087398768 2.0164646918963386E-002 -0.84973104979821890 1.0929182103265492E-002 0.38451171141490753 1.7670845180269769E-002 160 4000

10 3.14 2.70 0.00 0.00 1.00 5.4729383272842822E-004 NaN 1.3518852159304518E-003 NaN 0.38138838103648526 1.8815802959936123E-002 160 4000
10 3.14 2.70 10.00 0.00 1.00 -2.8726672257027108E-004 1.9043623894616872E-003 -0.19102896291775129 1.1239254446261978E-002 0.39119932053267931 1.7680081398406305E-002 160 4000
10 3.14 2.70 20.00 0.00 1.00 -5.1889493871291046E-004 2.9338708809685181E-003 -0.43195334047612394 1.4379286992645696E-002 0.38787462739368028 1.7714118319187028E-002 160 4000
10 3.14 2.70 30.00 0.00 1.00 -3.5336454460052060E-003 5.5038024929719050E-003 -0.58714082262726619 1.4476654140755565E-002 0.38864125240768826 1.7720225559327004E-002 160 4000
10 3.14 2.70 40.00 0.00 1.00 -4.9614324476704831E-003 9.1838782667347501E-003 -0.65632013629515418 1.3640160814000667E-002 0.38704391789827508 1.7633869123461349E-002 160 4000
10 3.14 2.70 50.00 0.00 1.00 -2.1247617088100215E-002 1.3346860820871767E-002 -0.69666051322648004 1.3271197892139526E-002 0.38315149815903587 1.7589771230723930E-002 160 4000
10 3.14 2.70 60.00 0.00 1.00 -1.9638780070930520E-002 1.5919970973500487E-002 -0.75623515937069141 1.3499843004266739E-002 0.38720465609809962 1.7699153480043705E-002 160 4000
10 3.14 2.70 70.00 0.00 1.00 -2.8925007494094126E-002 1.7251357345882956E-002 -0.78130157652945553 1.2929581154985478E-002 0.38895072887476712 1.7768454120386700E-002 160 4000
10 3.14 2.70 80.00 0.00 1.00 -9.5022567918898765E-002 2.2821453684181425E-002 -0.80000390452663084 1.2718316511971068E-002 0.38701031418700815 1.7698591999709769E-002 160 4000
10 3.14 2.70 90.00 0.00 1.00 -0.10758548599699649 2.5521764213255999E-002 -0.82638858883884792 1.1644483395023709E-002 0.38550661513800411 1.7617483437133517E-002 160 4000
10 3.14 2.70 100.00 0.00 1.00 -0.12747803890105680 2.6768321499291009E-002 -0.83311161971741832 1.1677219345512154E-002 0.38544248809841158 1.7639466676236948E-002 160 4000

10 3.14 3.00 0.00 0.00 1.00 -4.8669982993976648E-004 NaN 2.3730936883475857E-005 NaN 0.37695897548089607 1.8069094419639740E-002 160 4000
10 3.14 3.00 10.00 0.00 1.00 -3.1586587308927408E-004 1.9060630458381498E-003 -0.18166657112407567 1.1151936736842324E-002 0.38934381544929608 1.7701037620148276E-002 160 4000
10 3.14 3.00 20.00 0.00 1.00 -7.9721831982682608E-004 2.9205453205409949E-003 -0.44048867864357172 1.4542417810736362E-002 0.38857403696972670 1.7648304282431391E-002 160 4000
10 3.14 3.00 30.00 0.00 1.00 -1.5664627416742817E-003 5.2881553797315302E-003 -0.56568035532265459 1.4918543278789293E-002 0.38836647045104883 1.7709417753026657E-002 160 4000
10 3.14 3.00 40.00 0.00 1.00 -2.0446512760047405E-003 8.1347042356626591E-003 -0.63508338352845295 1.4878850990393938E-002 0.38676663346948931 1.7621262494877821E-002 160 4000
10 3.14 3.00 50.00 0.00 1.00 -1.4348453512247585E-002 1.3938178939679854E-002 -0.71985253268613880 1.3745268562286398E-002 0.38261720915959774 1.7575979033374326E-002 160 4000
10 3.14 3.00 60.00 0.00 1.00 -2.3865610855787877E-002 1.8547878506575681E-002 -0.75525716434500734 1.3042788757290501E-002 0.38815002894234013 1.7749386717171307E-002 160 4000
10 3.14 3.00 70.00 0.00 1.00 -3.4165558511611176E-002 2.0644872242103842E-002 -0.79301091810393831 1.2759262078936840E-002 0.38479399545417436 1.7590345764118293E-002 160 4000
10 3.14 3.00 80.00 0.00 1.00 -5.9474686253605032E-002 2.2321813487608602E-002 -0.80123405776861256 1.2469677586021077E-002 0.38693690018526811 1.7707361913528299E-002 160 4000
10 3.14 3.00 90.00 0.00 1.00 -5.2736570441281910E-002 2.4419239490384173E-002 -0.81976912225360410 1.1852779746379131E-002 0.38803335483140156 1.7680261828182872E-002 160 4000
10 3.14 3.00 100.00 0.00 1.00 -9.9913183477543549E-002 2.6381242479425849E-002 -0.82875434680951166 1.1827700430836575E-002 0.38689605945419359 1.7637447188998248E-002 160 4000

10 3.14 3.05 0.00 0.00 1.00 -1.0871869959464675E-004 NaN -3.0916664896240030E-004 NaN 0.34813309356630373 1.5889292524832295E-002 160 4000
10 3.14 3.05 10.00 0.00 1.00 -2.7497230681144947E-004 1.9105415654132778E-003 -0.19689174102478804 1.2324526643360874E-002 0.38870479018242143 1.7681125716557330E-002 160 4000
10 3.14 3.05 20.00 0.00 1.00 -5.2398068546866594E-004 2.9744664388440686E-003 -0.42414684670087371 1.4535336820066318E-002 0.38670248220632869 1.7626135473785897E-002 160 4000
10 3.14 3.05 30.00 0.00 1.00 -4.2453200404571328E-003 6.6579280534647929E-003 -0.58490849926636246 1.5027585983593690E-002 0.38682346216001495 1.7647434534886097E-002 160 4000
10 3.14 3.05 40.00 0.00 1.00 -6.1661820425116974E-003 9.9828401212700112E-003 -0.65023527127502334 1.4704451279028625E-002 0.38681168253112569 1.7698883472538649E-002 160 4000
10 3.14 3.05 50.00 0.00 1.00 -2.0583363508899426E-003 1.1470722615552943E-002 -0.71091871728310063 1.3819935494707874E-002 0.38527245402021004 1.7630174411657734E-002 160 4000
10 3.14 3.05 60.00 0.00 1.00 -1.4478142705297683E-002 1.7328992134177316E-002 -0.75840818904371943 1.3503325136557753E-002 0.38421709666468307 1.7644373432560385E-002 160 4000
10 3.14 3.05 70.00 0.00 1.00 -3.2978997212973746E-002 1.9678602420046813E-002 -0.78745862618937468 1.2506642064515169E-002 0.38709182559023914 1.7718345352468818E-002 160 4000
10 3.14 3.05 80.00 0.00 1.00 -2.6718564209179969E-002 1.9852582591723785E-002 -0.79218122913996980 1.2157234362870781E-002 0.38430432925085267 1.7608305847374918E-002 160 4000
10 3.14 3.05 90.00 0.00 1.00 -4.2099112248241449E-002 2.3543376320719778E-002 -0.82193837162208538 1.1827336707520869E-002 0.38780068469505702 1.7684758645154577E-002 160 4000
10 3.14 3.05 100.00 0.00 1.00 -6.9153142714148214E-002 2.6282425003574608E-002 -0.85682008089117845 1.1179997458211672E-002 0.38567223251977645 1.7645013094517412E-002 160 4000

10 3.14 3.10 0.00 0.00 1.00 -1.7959439129936071E-004 NaN -1.0770764043730302E-004 NaN 0.40723014662443396 1.8610991353317764E-002 160 4000
10 3.14 3.10 10.00 0.00 1.00 -3.1713803936114093E-004 1.9302630752771333E-003 -0.20984974406693022 1.3761807956014050E-002 0.38960304871156276 1.7753307104073281E-002 160 4000
10 3.14 3.10 20.00 0.00 1.00 -6.3579669929234083E-004 4.0092748230665535E-003 -0.39795102253727133 1.4336901016060648E-002 0.39006583177032178 1.7681031780942158E-002 160 4000
10 3.14 3.10 30.00 0.00 1.00 -2.0034839344405977E-003 5.1488600794881070E-003 -0.56581988497412383 1.4453159617236703E-002 0.38904250752493480 1.7690048775334678E-002 160 4000
10 3.14 3.10 40.00 0.00 1.00 -3.6227280540555283E-003 8.7707252184621200E-003 -0.65972494254139058 1.3941446609512298E-002 0.38252593322536965 1.7645066292669518E-002 160 4000
10 3.14 3.10 50.00 0.00 1.00 -8.0300180120745340E-003 1.3190414326249088E-002 -0.71487780066079787 1.3332383234208031E-002 0.38681337527175319 1.7612986078455038E-002 160 4000
10 3.14 3.10 60.00 0.00 1.00 -9.8536088242501142E-003 1.5286113179805588E-002 -0.74701784226416801 1.3278990792528011E-002 0.38730499577760580 1.7644028058091486E-002 160 4000
10 3.14 3.10 70.00 0.00 1.00 -8.7048048478498789E-003 1.7261809258123588E-002 -0.75768853570381001 1.4163658958974649E-002 0.38560689908572693 1.7660580782061119E-002 160 4000
10 3.14 3.10 80.00 0.00 1.00 -1.8747075135438933E-002 1.9983288514445124E-002 -0.80310391995191865 1.2261324511945247E-002 0.38585863244085594 1.7719865975457064E-002 160 4000
10 3.14 3.10 90.00 0.00 1.00 -3.3470896519138191E-002 2.0106585320638807E-002 -0.83220586004907782 1.1528057683756650E-002 0.38545907438668742 1.7629380103461718E-002 160 4000
10 3.14 3.10 100.00 0.00 1.00 -4.8729214269538378E-002 2.1321953640950964E-002 -0.82547968729395016 1.2249870314058806E-002 0.38663521398131367 1.7648748675131585E-002 160 4000

10 3.14 3.15 0.00 0.00 1.00 -7.9083645931632415E-005 NaN 1.6624427196065865E-004 NaN 0.36752796138199006 1.6940438004882954E-002 160 4000
10 3.14 3.15 10.00 0.00 1.00 -2.7401891797032817E-004 1.9102061768657718E-003 -0.19381453487282541 1.2493446063979183E-002 0.38911648319733366 1.7686568170339118E-002 160 4000
10 3.14 3.15 20.00 0.00 1.00 -5.8280272907428239E-004 2.7286182402030054E-003 -0.39584501693953550 1.3880529641618925E-002 0.38800867104771741 1.7693368655229507E-002 160 4000
10 3.14 3.15 30.00 0.00 1.00 -3.7481019282345365E-004 5.9027181595727113E-003 -0.56502965511680459 1.4761572518526082E-002 0.38744652507044791 1.7750331459537787E-002 160 4000
10 3.14 3.15 40.00 0.00 1.00 -1.3465852495993737E-003 7.7062020373218328E-003 -0.64387200552421575 1.4636861468354830E-002 0.38850695072169750 1.7654991712015133E-002 160 4000
10 3.14 3.15 50.00 0.00 1.00 -3.1797397979573712E-003 1.0353653630990842E-002 -0.70839635968372872 1.3171608841286396E-002 0.38493429705344584 1.7533908274340398E-002 160 4000
10 3.14 3.15 60.00 0.00 1.00 -6.0703431182327072E-003 1.2286586242365243E-002 -0.74187266534857244 1.3561940431465165E-002 0.38539346046204748 1.7683383492564202E-002 160 4000
10 3.14 3.15 70.00 0.00 1.00 -1.3956311176729156E-002 1.4885211986947344E-002 -0.79204995138591638 1.1339151749745448E-002 0.38617605504229863 1.7709027658392711E-002 160 4000
10 3.14 3.15 80.00 0.00 1.00 -9.8657634159095252E-003 1.6054564074952399E-002 -0.81329752746417294 1.2619450592330108E-002 0.38906434136539125 1.7710488901138507E-002 160 4000
10 3.14 3.15 90.00 0.00 1.00 -7.6722483213128049E-003 1.5776195600813045E-002 -0.83244346943681424 1.1287034789984510E-002 0.38717145046350659 1.7589766509182498E-002 160 4000
10 3.14 3.15 100.00 0.00 1.00 -9.3958309743498881E-003 1.7630106027086485E-002 -0.82682022503211461 1.2497023505630417E-002 0.38747915804763189 1.7693682933512360E-002 160 4000





