10 0.05 0.00 6.00 0.00 1.00 -5.5083887407230284E-003 2.3872306305794216E-002 -0.94754935974953658 7.9040356959006811E-003 0.37558831459004360 1.7223979059361138E-002 160 4000
10 0.05 0.10 6.00 0.00 1.00 -0.56473231127257939 3.5746587076625362E-002 -0.95526171024185524 6.8255263385168614E-003 0.38709402829047329 1.7680918623927091E-002 160 4000
10 0.05 0.20 6.00 0.00 1.00 -0.70150163483560402 3.1601908835526188E-002 -0.95188268112004737 8.3467448745322536E-003 0.38496337252893970 1.7563048369940531E-002 160 4000
10 0.05 0.30 6.00 0.00 1.00 Binary file out.txt matches Binary file out.txt matches 160 4000
10 0.05 0.40 6.00 0.00 1.00 -0.80955895045858128 2.5389313417576016E-002 -0.95133021342870916 7.1363691198795057E-003 0.38729157182829371 1.7594140626167230E-002 160 4000
10 0.05 0.50 6.00 0.00 1.00 -0.77927800493665667 2.8834006370396268E-002 -0.95801462677228055 6.4962193511826777E-003 0.38719647675685603 1.7663685030207359E-002 160 4000
10 0.05 0.60 6.00 0.00 1.00 -0.81088556641499998 2.5591086683710372E-002 -0.96153279086730814 6.5801609253397057E-003 0.38982854321279226 1.7718964907970342E-002 160 4000
10 0.05 0.70 6.00 0.00 1.00 -0.74477623931382086 2.8331048490648877E-002 -0.96128523968849633 5.5429764917502497E-003 0.38516202021934992 1.7631077216222611E-002 160 4000
10 0.05 0.80 6.00 0.00 1.00 -0.55415807758995506 2.1441005893786055E-002 -0.95449290557941213 7.1213824770032866E-003 0.38847512636599546 1.7641865299121092E-002 160 4000
10 0.05 0.90 6.00 0.00 1.00 -0.78063812481126416 2.7870168525515573E-002 -0.95572075088862529 6.4074281235438294E-003 0.38483638690405642 1.7728816176157878E-002 160 4000
10 0.05 1.00 6.00 0.00 1.00 -0.79533277369076461 2.7408230049525011E-002 -0.95416261394890034 6.3903597909706240E-003 0.38525591087377087 1.7630700653966699E-002 160 4000
10 0.05 1.10 6.00 0.00 1.00 Binary file out.txt matches Binary file out.txt matches 160 4000
10 0.05 1.20 6.00 0.00 1.00 -0.83227769226627224 2.3031224783241266E-002 -0.95282870710925294 7.4744901709370001E-003 0.38574165355556589 1.7636218324977946E-002 160 4000
10 0.05 1.2708 6.00 0.00 1.00 -0.81190964080554717 2.6891237524849662E-002 -0.96289001037865019 6.1381297315483878E-003 0.38869203003768005 1.7610162898359791E-002 160 4000
10 0.05 1.2808 6.00 0.00 1.00 -0.80287975300573566 2.6724852532135277E-002 -0.95472139484249141 7.2443885601266994E-003 0.38851112067215510 1.7698173129641233E-002 160 4000
10 0.05 1.2908 6.00 0.00 1.00 -0.81118567389956975 2.5979105690296427E-002 -0.95599493689872073 7.5796551717634813E-003 0.38775165788749871 1.7619208621394565E-002 160 4000
10 0.05 1.3008 6.00 0.00 1.00 -0.80164034701715636 2.6418660272924360E-002 -0.96395449387850451 5.7322357767930106E-003 0.38546533939073280 1.7602130939307022E-002 160 4000
10 0.05 1.30 6.00 0.00 1.00 -0.82015513059119982 2.4222159081388733E-002 -0.95790296458871926 6.8507657771699629E-003 0.38617966622091221 1.7610393080446419E-002 160 4000
10 0.05 1.3108 6.00 0.00 1.00 Binary file out.txt matches Binary file out.txt matches 160 4000
10 0.05 1.3208 6.00 0.00 1.00 -0.85133452496012596 2.2595351787771601E-002 -0.95728393694022751 6.7980067002958514E-003 0.39063195976585396 1.7724974306948551E-002 160 4000
10 0.05 1.40 6.00 0.00 1.00 -0.74899018991897637 2.9152670087698014E-002 -0.94998389692790897 7.6978380036438337E-003 0.38506404287655588 1.7593716051319534E-002 160 4000
10 0.05 1.50 6.00 0.00 1.00 -0.45723839944658595 3.7094171692626986E-002 -0.95656691654890313 6.8095055743358076E-003 0.38552032592832036 1.7633127828211428E-002 160 4000
10 0.05 1.54 6.00 0.00 1.00 -0.13097492038621791 2.9223564074759786E-002 -0.95989795246361687 6.4716765089775259E-003 0.38509302176018545 1.7688024320846166E-002 160 4000
10 0.05 1.55 6.00 0.00 1.00 -0.12203262743465233 2.7065649688242079E-002 -0.96437322543282333 7.5875842516808373E-003 0.38379353519038018 1.7596381603900750E-002 160 4000
10 0.05 1.56 6.00 0.00 1.00 -6.6308739183066553E-002 2.1773532793574017E-002 -0.96061927691870408 6.2791666541406801E-003 0.38567500226224516 1.7670408175598524E-002 160 4000
10 0.05 1.57 6.00 0.00 1.00 -3.7461957006949556E-002 1.6540861016928747E-002 -0.96474052305910873 6.1705227619375498E-003 0.38597874835989010 1.7526138158197833E-002 160 4000
10 0.05 1.58 6.00 0.00 1.00 Binary file out.txt matches Binary file out.txt matches 160 4000
10 0.05 1.59 6.00 0.00 1.00 -0.10993417917781166 2.5205343282555272E-002 -0.96478847974687931 6.4655942296818073E-003 0.38580757611559352 1.7678429293066865E-002 160 4000
10 0.05 1.60 6.00 0.00 1.00 -0.15455411780485315 2.9891755107686321E-002 -0.97032857029046959 5.9528681036750261E-003 0.38458380656430924 1.7612067949995775E-002 160 4000
10 0.05 1.60 6.00 0.00 1.00 -8.3868756037393327E-002 2.7698122402690605E-002 -0.95876848210752885 6.2630605357119357E-003 0.38588504486066932 1.7698588320730312E-002 160 4000
10 0.05 1.70 6.00 0.00 1.00 -0.69562912931766818 3.1363722145728488E-002 -0.96602253200346588 5.8925302132338871E-003 0.38585870578484172 1.7640005255682406E-002 160 4000
10 0.05 1.80 6.00 0.00 1.00 -0.77508679769701438 2.8120872326444207E-002 -0.95481255143553734 9.1273888109059537E-003 0.38493164280592546 1.7699587602832207E-002 160 4000
10 0.05 1.90 6.00 0.00 1.00 -0.82853060946139034 2.3944841097758868E-002 -0.95705295173840288 7.2440167376838487E-003 0.38826496376243214 1.7705793825777888E-002 160 4000
10 0.05 2.00 6.00 0.00 1.00 Binary file out.txt matches Binary file out.txt matches 160 4000
10 0.05 2.10 6.00 0.00 1.00 -0.84334313655661608 2.2321028300873510E-002 -0.96052766617997487 7.0771287259248604E-003 0.38275320891525372 1.7564896282785292E-002 160 4000
10 0.05 2.20 6.00 0.00 1.00 -0.86433455131794412 2.1208106444238321E-002 -0.96914132029391042 6.2610713679642797E-003 0.38356281688032073 1.7615551931359250E-002 160 4000
10 0.05 2.30 6.00 0.00 1.00 -0.79650672327730121 2.3133791494710131E-002 -0.96353708823828732 6.2079856062941660E-003 0.38361304392124296 1.7641728694373492E-002 160 4000
10 0.05 2.40 6.00 0.00 1.00 -0.79167601776705365 2.0399825025482831E-002 -0.96318109335452184 6.3717125427406032E-003 0.38256481705349205 1.7574877183945292E-002 160 4000
10 0.05 2.50 6.00 0.00 1.00 -0.86767675574100223 2.2205467060797159E-002 -0.97267044361098642 5.1447287306427341E-003 0.38701176057693426 1.7688963701675456E-002 160 4000
10 0.05 2.60 6.00 0.00 1.00 -0.84943242395550289 2.2449620755665128E-002 -0.97095384873515189 5.2549969703056315E-003 0.38381399787505610 1.7616592509293569E-002 160 4000
10 0.05 2.70 6.00 0.00 1.00 -0.84769019546291458 2.3912764292540786E-002 -0.96664657370811236 6.1176378619539331E-003 0.38652858720879124 1.7612763487354861E-002 160 4000
10 0.05 2.80 6.00 0.00 1.00 -0.85730819100645284 2.2215254931422138E-002 -0.96649776503121432 7.1859682376562047E-003 0.38940412179866385 1.7693793479741420E-002 160 4000
10 0.05 2.90 6.00 0.00 1.00 Binary file out.txt matches Binary file out.txt matches 160 4000
10 0.05 3.00 6.00 0.00 1.00 -0.78130229699077924 2.7703104888993961E-002 -0.96649160692658820 6.7153275201727296E-003 0.38467294123227519 1.7614322434762828E-002 160 4000
10 0.05 3.10 6.00 0.00 1.00 -0.30516468580125805 3.5219175471058108E-002 -0.96984252109271596 5.7608861513194472E-003 0.38740850366210933 1.7676695090018828E-002 160 4000
10 0.05 3.11 6.00 0.00 1.00 -0.24542403509387725 3.2361313716855647E-002 -0.97575822389386602 4.8320419215014173E-003 0.38815492944532093 1.7661614126774534E-002 160 4000
10 0.05 3.12 6.00 0.00 1.00 -0.17906144068365637 2.9396135033438124E-002 -0.97892117357952491 6.1548598959858397E-003 0.38613501273172296 1.7639518859536241E-002 160 4000
10 0.05 3.13 6.00 0.00 1.00 Binary file out.txt matches Binary file out.txt matches 160 4000
10 0.05 3.14 6.00 0.00 1.00 -7.1889289692671804E-002 1.8827269023176583E-002 -0.96944321386197263 6.4445413416604211E-003 0.38346977459727277 1.7500571078929616E-002 160 4000
10 0.05 3.15 6.00 0.00 1.00 -8.6244795965862250E-002 2.3966457422248257E-002 -0.98010817472601808 4.8725966047481264E-003 0.38996155722935666 1.7621719212073762E-002 160 4000
10 0.05 3.16 6.00 0.00 1.00 -0.20902073088040621 2.8597725738485531E-002 -0.97032624393522626 6.1764191433665797E-003 0.38758911517993222 1.7647023641221442E-002 160 4000
10 0.05 3.17 6.00 0.00 1.00 -0.23762481065387625 3.0807111992763769E-002 -0.97171244261304290 6.3921767064226698E-003 0.38798903493702930 1.7689900730018634E-002 160 4000
10 0.05 3.20 6.00 0.00 1.00 -0.52758535375592397 3.5085577981213589E-002 -0.97108352531711561 5.8605066270179910E-003 0.38724961328635310 1.7655002009590783E-002 160 4000
10 0.05 3.30 6.00 0.00 1.00 -0.80652627673003086 2.6191988724662097E-002 -0.97801406441190952 5.9936782166331260E-003 0.38845837081443874 1.7581106791570829E-002 160 4000
10 0.05 3.40 6.00 0.00 1.00 -0.86317154295850529 2.4274658283149630E-002 -0.96957215039264666 6.0600652527385166E-003 0.38544582365191121 1.7623939313345108E-002 160 4000
10 0.05 3.50 6.00 0.00 1.00 -0.85414769424363368 2.3644962091000393E-002 -0.97289243919392987 5.4207638544981505E-003 0.38501434512602323 1.7695931262372573E-002 160 4000
10 0.05 3.60 6.00 0.00 1.00 -0.88010624949659100 2.1543658924813771E-002 -0.97172416664534378 6.5379167038994920E-003 0.38716348009500307 1.7608118097001909E-002 160 4000
10 0.05 3.70 6.00 0.00 1.00 -0.89295107380745309 1.9870841975899965E-002 -0.97237031855671896 6.7327851026222248E-003 0.38496921847155396 1.7639494003455224E-002 160 4000
10 0.05 3.80 6.00 0.00 1.00 Binary file out.txt matches Binary file out.txt matches 160 4000
10 0.05 3.90 6.00 0.00 1.00 -0.75398243130752107 1.9622368766766450E-002 -0.98017029795879596 4.5506290754793620E-003 0.38598372194029629 1.7687993405167659E-002 160 4000
10 0.05 4.00 6.00 0.00 1.00 -0.89490350665715779 1.7648082710287932E-002 -0.97586196087165900 6.2658758986872077E-003 0.38717802482264446 1.7652505071771293E-002 160 4000
10 0.05 0.00 6.00 0.00 1.00 -4.5033798317568562E-003 2.4102573893869068E-002 -0.95646570005703124 6.8170440357054685E-003 0.38310984433402201 1.7170940755232247E-002 160 4000





