0.50  0.13  0.00   0.000     NaN  200
0.50  0.38  0.00   0.000     NaN  200
0.50  0.50  0.00  -0.000     NaN  200
0.50  1.00  0.00  -0.000     NaN  200
0.50  2.00  0.00   0.005     NaN  200
0.50  0.13  1.25  -0.155   0.019  200
0.50  0.38  1.25  -0.150   0.026  200
0.50  0.50  1.25  -0.134   0.029  200
0.50  1.00  1.25  -0.202   0.045  200
0.50  2.00  1.25  -0.482   0.060  200
0.50  0.13  1.50  -0.216   0.020  200
0.50  0.25  1.50  -0.193   0.018  200
0.50  0.38  1.50  -0.189   0.026  200
0.50  0.50  1.50  -0.152   0.027  200
0.50  1.00  1.50  -0.236   0.045  200
0.50  2.00  1.50  -0.503   0.056  200
0.50  0.13  2.00  -0.312   0.026  200
0.50  0.25  2.00  -0.301   0.034  200
0.50  0.38  2.00  -0.258   0.027  200
0.50  0.50  2.00  -0.265   0.030  200
0.50  1.00  2.00  -0.224   0.040  200
0.50  2.00  2.00  -0.552   0.051  200
0.50  0.13  2.50  -0.392   0.029  200
0.50  0.38  2.50  -0.345   0.033  200
0.50  0.50  2.50  -0.303   0.031  200
0.50  1.00  2.50  -0.418   0.045  200
0.50  2.00  2.50  -0.479   0.054  200
0.50  0.13  3.00  -0.470   0.028  200
0.50  0.25  3.00  -0.432   0.031  200
0.50  0.38  3.00  -0.388   0.028  200
0.50  0.50  3.00  -0.368   0.031  200
0.50  1.00  3.00  -0.370   0.036  200
0.50  2.00  3.00  -0.492   0.057  200
0.50  0.13  4.00  -0.512   0.030  200
0.50  0.38  4.00  -0.506   0.032  200
0.50  0.50  4.00  -0.487   0.035  200
0.50  1.00  4.00  -0.463   0.031  200
0.50  2.00  4.00  -0.479   0.044  200
0.50  0.13  6.00  -0.641   0.029  200
0.50  0.38  6.00  -0.624   0.033  200
0.50  0.50  6.00  -0.637   0.038  200
0.50  1.00  6.00  -0.657   0.034  200
0.50  2.00  6.00  -0.602   0.035  200
1.00  0.13  0.00   0.000     NaN  200
1.00  0.38  0.00   0.000     NaN  200
1.00  0.50  0.00   0.000     NaN  200
1.00  1.00  0.00  -0.000     NaN  200
1.00  2.00  0.00  -0.000     NaN  200
1.00  0.13  1.25  -0.069   0.011  200
1.00  0.38  1.25  -0.067   0.013  200
1.00  0.50  1.25  -0.036   0.011  200
1.00  1.00  1.25  -0.034   0.018  200
1.00  2.00  1.25  -0.189   0.036  200
1.00  0.13  1.50  -0.100   0.015  200
1.00  0.25  1.50  -0.090   0.013  200
1.00  0.38  1.50  -0.080   0.013  200
1.00  0.50  1.50  -0.058   0.012  200
1.00  1.00  1.50  -0.087   0.024  200
1.00  2.00  1.50  -0.153   0.036  200
1.00  0.13  2.00  -0.125   0.015  200
1.00  0.25  2.00  -0.135   0.017  200
1.00  0.38  2.00  -0.108   0.015  200
1.00  0.50  2.00  -0.124   0.020  200
1.00  1.00  2.00  -0.109   0.023  200
1.00  2.00  2.00  -0.191   0.041  200
1.00  0.13  2.50  -0.178   0.020  200
1.00  0.38  2.50  -0.143   0.018  200
1.00  0.50  2.50  -0.168   0.021  200
1.00  1.00  2.50  -0.155   0.033  200
1.00  2.00  2.50  -0.237   0.042  200
1.00  0.13  3.00  -0.196   0.020  200
1.00  0.25  3.00  -0.190   0.021  200
1.00  0.38  3.00  -0.220   0.023  200
1.00  0.50  3.00  -0.186   0.025  200
1.00  1.00  3.00  -0.199   0.026  200
1.00  2.00  3.00  -0.232   0.045  200
1.00  0.13  4.00  -0.345   0.027  200
1.00  0.38  4.00  -0.286   0.025  200
1.00  0.50  4.00  -0.312   0.025  200
1.00  1.00  4.00  -0.297   0.036  200
1.00  2.00  4.00  -0.316   0.047  200
1.00  0.13  6.00  -0.457   0.028  200
1.00  0.38  6.00  -0.440   0.031  200
1.00  0.50  6.00  -0.444   0.028  200
1.00  1.00  6.00  -0.338   0.026  200
1.00  2.00  6.00  -0.375   0.033  200
2.00  0.13  0.00  -0.000     NaN  200
2.00  0.38  0.00   0.000     NaN  200
2.00  0.50  0.00   0.000     NaN  200
2.00  1.00  0.00  -0.000     NaN  200
2.00  2.00  0.00  -0.000     NaN  200
2.00  0.13  1.25  -0.040   0.010  200
2.00  0.38  1.25  -0.024   0.008  200
2.00  0.50  1.25  -0.027   0.010  200
2.00  1.00  1.25  -0.022   0.011  200
2.00  2.00  1.25  -0.046   0.019  200
2.00  0.13  1.50  -0.046   0.010  200
2.00  0.25  1.50  -0.050   0.011  200
2.00  0.38  1.50  -0.028   0.008  200
2.00  0.50  1.50  -0.032   0.010  200
2.00  1.00  1.50  -0.032   0.012  200
2.00  2.00  1.50  -0.054   0.020  200
2.00  0.13  2.00  -0.060   0.009  200
2.00  0.25  2.00  -0.056   0.010  200
2.00  0.38  2.00  -0.046   0.009  200
2.00  0.50  2.00  -0.038   0.009  200
2.00  1.00  2.00  -0.032   0.011  200
2.00  2.00  2.00  -0.050   0.020  200
2.00  0.13  2.50  -0.090   0.010  200
2.00  0.38  2.50  -0.056   0.009  200
2.00  0.50  2.50  -0.057   0.011  200
2.00  1.00  2.50  -0.034   0.010  200
2.00  2.00  2.50  -0.043   0.020  200
2.00  0.13  3.00  -0.102   0.011  200
2.00  0.25  3.00  -0.075   0.012  200
2.00  0.38  3.00  -0.071   0.010  200
2.00  0.50  3.00  -0.089   0.012  200
2.00  1.00  3.00  -0.067   0.014  200
2.00  2.00  3.00  -0.078   0.020  200
2.00  0.13  4.00  -0.132   0.011  200
2.00  0.38  4.00  -0.120   0.011  200
2.00  0.50  4.00  -0.127   0.016  200
2.00  1.00  4.00  -0.104   0.020  200
2.00  2.00  4.00  -0.103   0.027  200
2.00  0.13  6.00  -0.247   0.016  200
2.00  0.38  6.00  -0.206   0.019  200
2.00  0.50  6.00  -0.252   0.026  200
2.00  1.00  6.00  -0.197   0.020  200
2.00  2.00  6.00  -0.170   0.031  200
